x_coordinates = [8, 19, 19, 15, 11, 7, 3, 0, 3, 6, 12, 9, 16, 20, 9, 6, 13, 3, 16]
y_coordinates = [25, 20, 42, 43, 47, 49, 50, 33, 36, 37, 36, 37, 34, 34, 30, 31, 31, 32, 31]
x_dimensions = [6, 4, 4, 4, 4, 4, 4, 3, 3, 3, 3, 3, 3, 3, 3, 3, 3, 3, 3]
y_dimensions = [3, 12, 11, 10, 6, 4, 3, 20, 14, 12, 11, 10, 9, 8, 7, 6, 5, 4, 3]
minimum_height = 53
----------
x_coordinates = [8, 19, 15, 8, 0, 4, 4, 12, 0, 3, 9, 6, 16, 20, 3, 20, 17, 14, 6]
y_coordinates = [24, 40, 41, 42, 46, 48, 45, 32, 32, 33, 31, 32, 32, 32, 26, 26, 27, 28, 29]
x_dimensions = [6, 4, 4, 4, 4, 4, 4, 3, 3, 3, 3, 3, 3, 3, 3, 3, 3, 3, 3]
y_dimensions = [3, 12, 11, 10, 6, 4, 3, 20, 14, 12, 11, 10, 9, 8, 7, 6, 5, 4, 3]
minimum_height = 52
----------
x_coordinates = [8, 19, 19, 15, 11, 7, 3, 0, 3, 6, 12, 9, 16, 20, 9, 6, 13, 3, 16]
y_coordinates = [24, 19, 40, 41, 45, 47, 48, 31, 34, 35, 34, 35, 32, 32, 28, 29, 29, 30, 29]
x_dimensions = [6, 4, 4, 4, 4, 4, 4, 3, 3, 3, 3, 3, 3, 3, 3, 3, 3, 3, 3]
y_dimensions = [3, 12, 11, 10, 6, 4, 3, 20, 14, 12, 11, 10, 9, 8, 7, 6, 5, 4, 3]
minimum_height = 51
----------
x_coordinates = [8, 19, 15, 8, 0, 4, 4, 12, 0, 3, 9, 6, 16, 20, 3, 20, 17, 14, 6]
y_coordinates = [23, 38, 39, 40, 44, 46, 43, 30, 30, 31, 29, 30, 30, 30, 24, 24, 25, 26, 27]
x_dimensions = [6, 4, 4, 4, 4, 4, 4, 3, 3, 3, 3, 3, 3, 3, 3, 3, 3, 3, 3]
y_dimensions = [3, 12, 11, 10, 6, 4, 3, 20, 14, 12, 11, 10, 9, 8, 7, 6, 5, 4, 3]
minimum_height = 50
----------
x_coordinates = [8, 19, 19, 15, 11, 7, 3, 0, 3, 6, 12, 9, 16, 20, 9, 6, 13, 3, 16]
y_coordinates = [23, 18, 38, 39, 43, 45, 46, 29, 32, 33, 32, 33, 30, 30, 26, 27, 27, 28, 27]
x_dimensions = [6, 4, 4, 4, 4, 4, 4, 3, 3, 3, 3, 3, 3, 3, 3, 3, 3, 3, 3]
y_dimensions = [3, 12, 11, 10, 6, 4, 3, 20, 14, 12, 11, 10, 9, 8, 7, 6, 5, 4, 3]
minimum_height = 49
----------
x_coordinates = [8, 19, 15, 8, 0, 4, 4, 12, 0, 3, 9, 6, 16, 20, 3, 20, 17, 14, 6]
y_coordinates = [22, 36, 37, 38, 42, 44, 41, 28, 28, 29, 27, 28, 28, 28, 22, 22, 23, 24, 25]
x_dimensions = [6, 4, 4, 4, 4, 4, 4, 3, 3, 3, 3, 3, 3, 3, 3, 3, 3, 3, 3]
y_dimensions = [3, 12, 11, 10, 6, 4, 3, 20, 14, 12, 11, 10, 9, 8, 7, 6, 5, 4, 3]
minimum_height = 48
----------
x_coordinates = [2, 15, 19, 0, 4, 0, 4, 8, 11, 14, 17, 20, 1, 5, 8, 11, 14, 17, 20]
y_coordinates = [21, 18, 21, 24, 30, 34, 36, 20, 27, 30, 32, 34, 38, 39, 40, 41, 42, 43, 44]
x_dimensions = [6, 4, 4, 4, 4, 4, 4, 3, 3, 3, 3, 3, 3, 3, 3, 3, 3, 3, 3]
y_dimensions = [3, 12, 11, 10, 6, 4, 3, 20, 14, 12, 11, 10, 9, 8, 7, 6, 5, 4, 3]
minimum_height = 47
----------
x_coordinates = [8, 19, 15, 8, 0, 4, 4, 12, 0, 3, 9, 6, 16, 20, 3, 20, 17, 14, 0]
y_coordinates = [21, 34, 35, 36, 40, 42, 39, 26, 26, 27, 25, 26, 26, 26, 20, 20, 21, 22, 23]
x_dimensions = [6, 4, 4, 4, 4, 4, 4, 3, 3, 3, 3, 3, 3, 3, 3, 3, 3, 3, 3]
y_dimensions = [3, 12, 11, 10, 6, 4, 3, 20, 14, 12, 11, 10, 9, 8, 7, 6, 5, 4, 3]
minimum_height = 46
----------
x_coordinates = [8, 9, 19, 15, 4, 18, 0, 13, 16, 18, 8, 13, 8, 6, 10, 7, 18, 20, 9]
y_coordinates = [20, 23, 22, 21, 4, 5, 6, 0, 31, 9, 0, 32, 11, 31, 38, 39, 0, 41, 35]
x_dimensions = [6, 4, 4, 4, 4, 4, 4, 3, 3, 3, 3, 3, 3, 3, 3, 3, 3, 3, 3]
y_dimensions = [3, 12, 11, 10, 6, 4, 3, 20, 14, 12, 11, 10, 9, 8, 7, 6, 5, 4, 3]
minimum_height = 45
----------
x_coordinates = [8, 9, 19, 15, 16, 11, 2, 13, 3, 20, 8, 20, 6, 9, 2, 0, 6, 20, 12]
y_coordinates = [5, 23, 33, 32, 7, 8, 16, 12, 22, 11, 10, 23, 32, 35, 37, 31, 26, 7, 39]
x_dimensions = [6, 4, 4, 4, 4, 4, 4, 3, 3, 3, 3, 3, 3, 3, 3, 3, 3, 3, 3]
y_dimensions = [3, 12, 11, 10, 6, 4, 3, 20, 14, 12, 11, 10, 9, 8, 7, 6, 5, 4, 3]
minimum_height = 44
----------
x_coordinates = [8, 11, 19, 18, 16, 3, 12, 16, 15, 13, 8, 20, 20, 9, 8, 10, 7, 0, 1]
y_coordinates = [7, 31, 3, 33, 22, 21, 0, 2, 29, 13, 24, 23, 14, 10, 35, 18, 19, 21, 39]
x_dimensions = [6, 4, 4, 4, 4, 4, 4, 3, 3, 3, 3, 3, 3, 3, 3, 3, 3, 3, 3]
y_dimensions = [3, 12, 11, 10, 6, 4, 3, 20, 14, 12, 11, 10, 9, 8, 7, 6, 5, 4, 3]
minimum_height = 43
----------
x_coordinates = [8, 19, 12, 15, 19, 5, 19, 9, 16, 20, 2, 14, 12, 6, 6, 18, 16, 11, 3]
y_coordinates = [19, 12, 31, 13, 24, 29, 3, 22, 23, 30, 28, 3, 22, 34, 22, 6, 37, 11, 22]
x_dimensions = [6, 4, 4, 4, 4, 4, 4, 3, 3, 3, 3, 3, 3, 3, 3, 3, 3, 3, 3]
y_dimensions = [3, 12, 11, 10, 6, 4, 3, 20, 14, 12, 11, 10, 9, 8, 7, 6, 5, 4, 3]
minimum_height = 42
----------
x_coordinates = [7, 15, 4, 18, 0, 8, 0, 12, 17, 19, 8, 1, 3, 11, 14, 20, 20, 18, 20]
y_coordinates = [5, 15, 22, 4, 25, 25, 32, 8, 27, 14, 29, 13, 1, 33, 28, 34, 29, 0, 26]
x_dimensions = [6, 4, 4, 4, 4, 4, 4, 3, 3, 3, 3, 3, 3, 3, 3, 3, 3, 3, 3]
y_dimensions = [3, 12, 11, 10, 6, 4, 3, 20, 14, 12, 11, 10, 9, 8, 7, 6, 5, 4, 3]
minimum_height = 41
----------
x_coordinates = [8, 18, 15, 16, 4, 11, 19, 12, 20, 1, 8, 15, 15, 7, 20, 2, 7, 13, 5]
y_coordinates = [6, 17, 29, 0, 32, 36, 37, 13, 3, 26, 29, 10, 20, 19, 30, 16, 9, 1, 28]
x_dimensions = [6, 4, 4, 4, 4, 4, 4, 3, 3, 3, 3, 3, 3, 3, 3, 3, 3, 3, 3]
y_dimensions = [3, 12, 11, 10, 6, 4, 3, 20, 14, 12, 11, 10, 9, 8, 7, 6, 5, 4, 3]
minimum_height = 40
----------
x_coordinates = [8, 19, 15, 18, 12, 9, 12, 10, 20, 7, 6, 16, 13, 8, 15, 4, 17, 1, 5]
y_coordinates = [0, 16, 6, 29, 26, 35, 3, 6, 2, 15, 3, 19, 17, 27, 32, 14, 1, 16, 31]
x_dimensions = [6, 4, 4, 4, 4, 4, 4, 3, 3, 3, 3, 3, 3, 3, 3, 3, 3, 3, 3]
y_dimensions = [3, 12, 11, 10, 6, 4, 3, 20, 14, 12, 11, 10, 9, 8, 7, 6, 5, 4, 3]
minimum_height = 39
----------
x_coordinates = [8, 19, 15, 18, 12, 11, 14, 8, 20, 4, 5, 16, 10, 7, 15, 1, 1, 13, 13]
y_coordinates = [5, 16, 7, 28, 25, 34, 1, 17, 2, 14, 27, 18, 8, 9, 31, 15, 24, 18, 22]
x_dimensions = [6, 4, 4, 4, 4, 4, 4, 3, 3, 3, 3, 3, 3, 3, 3, 3, 3, 3, 3]
y_dimensions = [3, 12, 11, 10, 6, 4, 3, 20, 14, 12, 11, 10, 9, 8, 7, 6, 5, 4, 3]
minimum_height = 38
----------
x_coordinates = [4, 19, 19, 4, 0, 12, 8, 10, 1, 13, 10, 16, 13, 16, 17, 14, 20, 20, 17]
y_coordinates = [7, 19, 8, 18, 20, 21, 23, 1, 6, 25, 26, 14, 12, 24, 1, 6, 3, 31, 34]
x_dimensions = [6, 4, 4, 4, 4, 4, 4, 3, 3, 3, 3, 3, 3, 3, 3, 3, 3, 3, 3]
y_dimensions = [3, 12, 11, 10, 6, 4, 3, 20, 14, 12, 11, 10, 9, 8, 7, 6, 5, 4, 3]
minimum_height = 37
----------
x_coordinates = [8, 19, 0, 9, 16, 12, 19, 13, 20, 16, 14, 6, 17, 4, 7, 8, 10, 17, 8]
y_coordinates = [4, 21, 24, 15, 15, 32, 33, 12, 7, 24, 1, 15, 2, 28, 25, 7, 26, 11, 32]
x_dimensions = [6, 4, 4, 4, 4, 4, 4, 3, 3, 3, 3, 3, 3, 3, 3, 3, 3, 3, 3]
y_dimensions = [3, 12, 11, 10, 6, 4, 3, 20, 14, 12, 11, 10, 9, 8, 7, 6, 5, 4, 3]
minimum_height = 36
----------
x_coordinates = [5, 18, 17, 10, 0, 15, 19, 7, 0, 4, 9, 15, 3, 13, 11, 6, 14, 11, 19]
y_coordinates = [1, 23, 12, 22, 29, 3, 6, 15, 11, 21, 4, 25, 11, 7, 15, 7, 20, 0, 9]
x_dimensions = [6, 4, 4, 4, 4, 4, 4, 3, 3, 3, 3, 3, 3, 3, 3, 3, 3, 3, 3]
y_dimensions = [3, 12, 11, 10, 6, 4, 3, 20, 14, 12, 11, 10, 9, 8, 7, 6, 5, 4, 3]
minimum_height = 35
----------
x_coordinates = [1, 19, 18, 1, 5, 18, 8, 13, 2, 5, 9, 16, 7, 15, 12, 7, 14, 17, 19]
y_coordinates = [0, 4, 19, 18, 16, 30, 29, 1, 4, 22, 18, 9, 1, 26, 27, 10, 21, 0, 16]
x_dimensions = [6, 4, 4, 4, 4, 4, 4, 3, 3, 3, 3, 3, 3, 3, 3, 3, 3, 3, 3]
y_dimensions = [3, 12, 11, 10, 6, 4, 3, 20, 14, 12, 11, 10, 9, 8, 7, 6, 5, 4, 3]
minimum_height = 34
----------
x_coordinates = [6, 4, 19, 12, 2, 15, 19, 12, 0, 6, 9, 17, 8, 16, 18, 2, 20, 20, 8]
y_coordinates = [3, 7, 11, 20, 21, 10, 8, 0, 7, 21, 21, 23, 12, 15, 1, 27, 22, 29, 9]
x_dimensions = [6, 4, 4, 4, 4, 4, 4, 3, 3, 3, 3, 3, 3, 3, 3, 3, 3, 3, 3]
y_dimensions = [3, 12, 11, 10, 6, 4, 3, 20, 14, 12, 11, 10, 9, 8, 7, 6, 5, 4, 3]
minimum_height = 33
----------
x_coordinates = [6, 7, 19, 0, 5, 4, 12, 3, 0, 12, 13, 17, 10, 16, 18, 9, 20, 20, 6]
y_coordinates = [14, 1, 10, 20, 25, 20, 18, 0, 6, 6, 21, 22, 23, 14, 3, 17, 21, 28, 17]
x_dimensions = [6, 4, 4, 4, 4, 4, 4, 3, 3, 3, 3, 3, 3, 3, 3, 3, 3, 3, 3]
y_dimensions = [3, 12, 11, 10, 6, 4, 3, 20, 14, 12, 11, 10, 9, 8, 7, 6, 5, 4, 3]
minimum_height = 32
----------
x_coordinates = [3, 3, 19, 13, 0, 11, 15, 0, 9, 7, 4, 17, 10, 20, 16, 12, 16, 18, 3]
y_coordinates = [2, 5, 9, 21, 25, 17, 16, 5, 1, 15, 20, 20, 22, 20, 4, 10, 11, 0, 17]
x_dimensions = [6, 4, 4, 4, 4, 4, 4, 3, 3, 3, 3, 3, 3, 3, 3, 3, 3, 3, 3]
y_dimensions = [3, 12, 11, 10, 6, 4, 3, 20, 14, 12, 11, 10, 9, 8, 7, 6, 5, 4, 3]
minimum_height = 31
----------
x_coordinates = [0, 19, 1, 15, 8, 19, 15, 5, 16, 8, 12, 11, 9, 12, 20, 2, 20, 4, 9]
y_coordinates = [2, 1, 18, 20, 21, 18, 17, 10, 3, 0, 19, 1, 12, 11, 23, 12, 13, 5, 27]
x_dimensions = [6, 4, 4, 4, 4, 4, 4, 3, 3, 3, 3, 3, 3, 3, 3, 3, 3, 3, 3]
y_dimensions = [3, 12, 11, 10, 6, 4, 3, 20, 14, 12, 11, 10, 9, 8, 7, 6, 5, 4, 3]
minimum_height = 30
----------
x_coordinates = [2, 4, 4, 15, 11, 19, 14, 11, 8, 8, 18, 1, 14, 1, 20, 0, 20, 16, 12]
y_coordinates = [1, 6, 18, 19, 20, 17, 16, 0, 1, 15, 6, 4, 7, 14, 21, 23, 0, 1, 26]
x_dimensions = [6, 4, 4, 4, 4, 4, 4, 3, 3, 3, 3, 3, 3, 3, 3, 3, 3, 3, 3]
y_dimensions = [3, 12, 11, 10, 6, 4, 3, 20, 14, 12, 11, 10, 9, 8, 7, 6, 5, 4, 3]
minimum_height = 29
----------
x_coordinates = [8, 6, 5, 16, 1, 16, 12, 13, 16, 10, 20, 0, 20, 9, 3, 0, 19, 3, 2]
y_coordinates = [0, 5, 17, 14, 21, 24, 23, 3, 0, 8, 16, 2, 7, 20, 6, 12, 2, 13, 18]
x_dimensions = [6, 4, 4, 4, 4, 4, 4, 3, 3, 3, 3, 3, 3, 3, 3, 3, 3, 3, 3]
y_dimensions = [3, 12, 11, 10, 6, 4, 3, 20, 14, 12, 11, 10, 9, 8, 7, 6, 5, 4, 3]
minimum_height = 28
----------
x_coordinates = [5, 6, 16, 4, 11, 0, 15, 20, 3, 13, 10, 16, 0, 8, 19, 13, 0, 0, 1]
y_coordinates = [0, 4, 13, 17, 21, 18, 24, 7, 3, 9, 8, 3, 9, 19, 0, 3, 0, 5, 23]
x_dimensions = [6, 4, 4, 4, 4, 4, 4, 3, 3, 3, 3, 3, 3, 3, 3, 3, 3, 3, 3]
y_dimensions = [3, 12, 11, 10, 6, 4, 3, 20, 14, 12, 11, 10, 9, 8, 7, 6, 5, 4, 3]
minimum_height = 27
----------
x_coordinates = [3, 9, 19, 5, 16, 9, 2, 16, 13, 13, 6, 9, 20, 0, 2, 0, 3, 19, 3]
y_coordinates = [11, 10, 6, 16, 20, 22, 8, 0, 12, 0, 0, 0, 17, 11, 19, 2, 3, 2, 0]
x_dimensions = [6, 4, 4, 4, 4, 4, 4, 3, 3, 3, 3, 3, 3, 3, 3, 3, 3, 3, 3]
y_dimensions = [3, 12, 11, 10, 6, 4, 3, 20, 14, 12, 11, 10, 9, 8, 7, 6, 5, 4, 3]
minimum_height = 26
----------
x_coordinates = [7, 12, 19, 2, 9, 19, 9, 6, 16, 9, 16, 13, 20, 3, 3, 0, 0, 0, 13]
y_coordinates = [1, 13, 1, 15, 7, 12, 4, 5, 11, 13, 0, 0, 16, 7, 0, 0, 6, 11, 10]
x_dimensions = [6, 4, 4, 4, 4, 4, 4, 3, 3, 3, 3, 3, 3, 3, 3, 3, 3, 3, 3]
y_dimensions = [3, 12, 11, 10, 6, 4, 3, 20, 14, 12, 11, 10, 9, 8, 7, 6, 5, 4, 3]
minimum_height = 25
----------
x_coordinates = [8, 16, 9, 9, 16, 0, 4, 13, 0, 6, 20, 3, 6, 20, 3, 0, 20, 17, 3]
y_coordinates = [0, 8, 3, 14, 2, 0, 0, 3, 10, 12, 13, 14, 3, 0, 7, 4, 8, 20, 4]
x_dimensions = [6, 4, 4, 4, 4, 4, 4, 3, 3, 3, 3, 3, 3, 3, 3, 3, 3, 3, 3]
y_dimensions = [3, 12, 11, 10, 6, 4, 3, 20, 14, 12, 11, 10, 9, 8, 7, 6, 5, 4, 3]
minimum_height = 24
----------
x_coordinates = [7, 0, 0, 19, 19, 19, 19, 10, 16, 13, 13, 4, 16, 4, 7, 7, 4, 7, 7]
y_coordinates = [0, 0, 12, 13, 3, 9, 0, 3, 0, 0, 12, 5, 14, 15, 6, 13, 0, 19, 3]
x_dimensions = [6, 4, 4, 4, 4, 4, 4, 3, 3, 3, 3, 3, 3, 3, 3, 3, 3, 3, 3]
y_dimensions = [3, 12, 11, 10, 6, 4, 3, 20, 14, 12, 11, 10, 9, 8, 7, 6, 5, 4, 3]
minimum_height = 23
----------
==========
%%%mzn-stat: nodes=28062
%%%mzn-stat: failures=14954
%%%mzn-stat: restarts=426
%%%mzn-stat: variables=4015
%%%mzn-stat: intVars=90
%%%mzn-stat: boolVariables=3923
%%%mzn-stat: propagators=1539
%%%mzn-stat: propagations=5538156
%%%mzn-stat: peakDepth=118
%%%mzn-stat: nogoods=14954
%%%mzn-stat: backjumps=4849
%%%mzn-stat: peakMem=0.00
%%%mzn-stat: time=2.578
%%%mzn-stat: initTime=0.018
%%%mzn-stat: solveTime=2.560
%%%mzn-stat: objective=23
%%%mzn-stat: optTime=2.560
%%%mzn-stat: baseMem=0.00
%%%mzn-stat: trailMem=0.02
%%%mzn-stat: randomSeed=1657196114
