x_coordinates = [3, 11, 9, 13, 22, 9, 19, 15, 12, 0, 3, 17, 6, 13, 22, 16, 19, 22, 18]
y_coordinates = [23, 3, 43, 45, 25, 24, 13, 12, 16, 24, 28, 36, 28, 30, 18, 29, 31, 13, 10]
x_dimensions = [6, 4, 4, 4, 3, 3, 3, 3, 3, 3, 3, 3, 3, 3, 3, 3, 3, 3, 3]
y_dimensions = [3, 13, 7, 5, 25, 19, 18, 17, 14, 13, 11, 10, 9, 8, 7, 6, 5, 4, 3]
minimum_height = 50
----------
x_coordinates = [9, 11, 10, 14, 21, 15, 22, 19, 17, 6, 14, 8, 13, 16, 18, 22, 19, 11, 8]
y_coordinates = [23, 9, 41, 30, 24, 11, 0, 6, 35, 25, 37, 5, 0, 3, 23, 18, 1, 34, 17]
x_dimensions = [6, 4, 4, 4, 3, 3, 3, 3, 3, 3, 3, 3, 3, 3, 3, 3, 3, 3, 3]
y_dimensions = [3, 13, 7, 5, 25, 19, 18, 17, 14, 13, 11, 10, 9, 8, 7, 6, 5, 4, 3]
minimum_height = 49
----------
x_coordinates = [9, 1, 10, 11, 19, 15, 22, 18, 16, 6, 3, 0, 5, 15, 22, 21, 6, 13, 21]
y_coordinates = [22, 20, 25, 32, 17, 15, 24, 0, 34, 23, 33, 35, 14, 7, 17, 42, 41, 39, 14]
x_dimensions = [6, 4, 4, 4, 3, 3, 3, 3, 3, 3, 3, 3, 3, 3, 3, 3, 3, 3, 3]
y_dimensions = [3, 13, 7, 5, 25, 19, 18, 17, 14, 13, 11, 10, 9, 8, 7, 6, 5, 4, 3]
minimum_height = 48
----------
x_coordinates = [9, 21, 5, 1, 18, 15, 12, 22, 15, 12, 19, 9, 6, 3, 0, 0, 3, 6, 9]
y_coordinates = [22, 17, 20, 21, 11, 14, 4, 30, 33, 34, 36, 37, 38, 39, 40, 34, 34, 34, 34]
x_dimensions = [6, 4, 4, 4, 3, 3, 3, 3, 3, 3, 3, 3, 3, 3, 3, 3, 3, 3, 3]
y_dimensions = [3, 13, 7, 5, 25, 19, 18, 17, 14, 13, 11, 10, 9, 8, 7, 6, 5, 4, 3]
minimum_height = 47
----------
x_coordinates = [9, 18, 14, 21, 12, 6, 22, 9, 3, 21, 16, 17, 19, 3, 18, 6, 18, 15, 0]
y_coordinates = [18, 0, 4, 28, 21, 27, 10, 23, 26, 33, 13, 36, 15, 18, 29, 21, 24, 26, 26]
x_dimensions = [6, 4, 4, 4, 3, 3, 3, 3, 3, 3, 3, 3, 3, 3, 3, 3, 3, 3, 3]
y_dimensions = [3, 13, 7, 5, 25, 19, 18, 17, 14, 13, 11, 10, 9, 8, 7, 6, 5, 4, 3]
minimum_height = 46
----------
x_coordinates = [9, 10, 15, 18, 13, 3, 22, 8, 0, 22, 16, 18, 18, 0, 22, 6, 19, 19, 21]
y_coordinates = [17, 4, 13, 29, 20, 16, 19, 28, 31, 3, 34, 3, 20, 23, 38, 15, 40, 36, 16]
x_dimensions = [6, 4, 4, 4, 3, 3, 3, 3, 3, 3, 3, 3, 3, 3, 3, 3, 3, 3, 3]
y_dimensions = [3, 13, 7, 5, 25, 19, 18, 17, 14, 13, 11, 10, 9, 8, 7, 6, 5, 4, 3]
minimum_height = 45
----------
x_coordinates = [6, 12, 18, 21, 16, 3, 22, 13, 10, 0, 19, 21, 19, 10, 16, 15, 18, 22, 22]
y_coordinates = [19, 9, 5, 0, 12, 20, 23, 22, 30, 11, 33, 13, 23, 22, 37, 3, 0, 7, 41]
x_dimensions = [6, 4, 4, 4, 3, 3, 3, 3, 3, 3, 3, 3, 3, 3, 3, 3, 3, 3, 3]
y_dimensions = [3, 13, 7, 5, 25, 19, 18, 17, 14, 13, 11, 10, 9, 8, 7, 6, 5, 4, 3]
minimum_height = 44
----------
x_coordinates = [9, 11, 20, 21, 18, 3, 0, 15, 8, 6, 22, 22, 17, 10, 22, 15, 18, 5, 0]
y_coordinates = [18, 30, 0, 17, 18, 19, 21, 20, 29, 12, 32, 7, 4, 21, 25, 37, 13, 38, 18]
x_dimensions = [6, 4, 4, 4, 3, 3, 3, 3, 3, 3, 3, 3, 3, 3, 3, 3, 3, 3, 3]
y_dimensions = [3, 13, 7, 5, 25, 19, 18, 17, 14, 13, 11, 10, 9, 8, 7, 6, 5, 4, 3]
minimum_height = 43
----------
x_coordinates = [5, 12, 21, 21, 22, 3, 13, 16, 10, 6, 19, 0, 19, 9, 19, 16, 18, 22, 6]
y_coordinates = [17, 8, 6, 1, 17, 23, 21, 20, 28, 25, 31, 32, 22, 20, 15, 14, 5, 13, 38]
x_dimensions = [6, 4, 4, 4, 3, 3, 3, 3, 3, 3, 3, 3, 3, 3, 3, 3, 3, 3, 3]
y_dimensions = [3, 13, 7, 5, 25, 19, 18, 17, 14, 13, 11, 10, 9, 8, 7, 6, 5, 4, 3]
minimum_height = 42
----------
x_coordinates = [9, 15, 21, 21, 22, 15, 9, 18, 3, 6, 6, 0, 3, 12, 19, 12, 18, 20, 11]
y_coordinates = [18, 23, 4, 36, 11, 4, 22, 6, 17, 17, 30, 22, 31, 29, 29, 22, 36, 0, 15]
x_dimensions = [6, 4, 4, 4, 3, 3, 3, 3, 3, 3, 3, 3, 3, 3, 3, 3, 3, 3, 3]
y_dimensions = [3, 13, 7, 5, 25, 19, 18, 17, 14, 13, 11, 10, 9, 8, 7, 6, 5, 4, 3]
minimum_height = 41
----------
x_coordinates = [9, 12, 21, 21, 22, 6, 9, 19, 15, 3, 6, 0, 3, 0, 19, 16, 18, 16, 19]
y_coordinates = [18, 24, 1, 35, 10, 10, 22, 8, 9, 18, 29, 20, 31, 30, 28, 28, 35, 24, 25]
x_dimensions = [6, 4, 4, 4, 3, 3, 3, 3, 3, 3, 3, 3, 3, 3, 3, 3, 3, 3, 3]
y_dimensions = [3, 13, 7, 5, 25, 19, 18, 17, 14, 13, 11, 10, 9, 8, 7, 6, 5, 4, 3]
minimum_height = 40
----------
x_coordinates = [9, 20, 3, 0, 1, 16, 10, 22, 13, 19, 7, 13, 12, 15, 19, 22, 4, 4, 4]
y_coordinates = [3, 0, 1, 33, 8, 12, 12, 13, 6, 19, 28, 20, 30, 31, 32, 30, 34, 27, 31]
x_dimensions = [6, 4, 4, 4, 3, 3, 3, 3, 3, 3, 3, 3, 3, 3, 3, 3, 3, 3, 3]
y_dimensions = [3, 13, 7, 5, 25, 19, 18, 17, 14, 13, 11, 10, 9, 8, 7, 6, 5, 4, 3]
minimum_height = 39
----------
x_coordinates = [0, 15, 4, 5, 2, 18, 14, 6, 9, 22, 12, 19, 19, 21, 11, 5, 9, 15, 8]
y_coordinates = [10, 25, 1, 27, 13, 0, 0, 10, 12, 21, 18, 19, 29, 11, 31, 32, 26, 18, 33]
x_dimensions = [6, 4, 4, 4, 3, 3, 3, 3, 3, 3, 3, 3, 3, 3, 3, 3, 3, 3, 3]
y_dimensions = [3, 13, 7, 5, 25, 19, 18, 17, 14, 13, 11, 10, 9, 8, 7, 6, 5, 4, 3]
minimum_height = 38
----------
x_coordinates = [9, 21, 5, 12, 5, 19, 14, 2, 9, 11, 16, 22, 18, 22, 18, 2, 16, 8, 7]
y_coordinates = [3, 24, 0, 6, 7, 2, 19, 12, 6, 20, 8, 14, 21, 5, 30, 31, 3, 23, 32]
x_dimensions = [6, 4, 4, 4, 3, 3, 3, 3, 3, 3, 3, 3, 3, 3, 3, 3, 3, 3, 3]
y_dimensions = [3, 13, 7, 5, 25, 19, 18, 17, 14, 13, 11, 10, 9, 8, 7, 6, 5, 4, 3]
minimum_height = 37
----------
x_coordinates = [9, 21, 4, 6, 3, 10, 16, 13, 0, 13, 18, 19, 22, 22, 19, 6, 19, 22, 9]
y_coordinates = [0, 1, 4, 18, 11, 12, 13, 3, 22, 20, 2, 26, 19, 28, 14, 27, 21, 15, 32]
x_dimensions = [6, 4, 4, 4, 3, 3, 3, 3, 3, 3, 3, 3, 3, 3, 3, 3, 3, 3, 3]
y_dimensions = [3, 13, 7, 5, 25, 19, 18, 17, 14, 13, 11, 10, 9, 8, 7, 6, 5, 4, 3]
minimum_height = 36
----------
x_coordinates = [9, 21, 17, 13, 6, 3, 0, 0, 18, 15, 22, 12, 9, 10, 9, 12, 3, 18, 22]
y_coordinates = [16, 11, 14, 11, 10, 16, 17, 0, 21, 22, 24, 25, 26, 8, 19, 19, 11, 10, 8]
x_dimensions = [6, 4, 4, 4, 3, 3, 3, 3, 3, 3, 3, 3, 3, 3, 3, 3, 3, 3, 3]
y_dimensions = [3, 13, 7, 5, 25, 19, 18, 17, 14, 13, 11, 10, 9, 8, 7, 6, 5, 4, 3]
minimum_height = 35
----------
x_coordinates = [4, 20, 0, 14, 4, 16, 7, 1, 13, 18, 8, 22, 13, 11, 21, 10, 19, 1, 10]
y_coordinates = [1, 3, 6, 20, 9, 1, 15, 17, 0, 21, 4, 16, 25, 14, 27, 28, 16, 13, 1]
x_dimensions = [6, 4, 4, 4, 3, 3, 3, 3, 3, 3, 3, 3, 3, 3, 3, 3, 3, 3, 3]
y_dimensions = [3, 13, 7, 5, 25, 19, 18, 17, 14, 13, 11, 10, 9, 8, 7, 6, 5, 4, 3]
minimum_height = 34
----------
x_coordinates = [6, 18, 4, 21, 12, 18, 15, 0, 8, 22, 9, 6, 3, 15, 22, 3, 21, 6, 15]
y_coordinates = [14, 20, 6, 2, 6, 1, 15, 16, 0, 19, 18, 21, 13, 1, 7, 27, 14, 17, 12]
x_dimensions = [6, 4, 4, 4, 3, 3, 3, 3, 3, 3, 3, 3, 3, 3, 3, 3, 3, 3, 3]
y_dimensions = [3, 13, 7, 5, 25, 19, 18, 17, 14, 13, 11, 10, 9, 8, 7, 6, 5, 4, 3]
minimum_height = 33
----------
x_coordinates = [9, 1, 4, 18, 12, 19, 9, 0, 16, 22, 15, 5, 6, 18, 22, 3, 22, 21, 16]
y_coordinates = [4, 18, 2, 19, 7, 0, 14, 1, 5, 10, 21, 22, 13, 24, 3, 9, 23, 28, 2]
x_dimensions = [6, 4, 4, 4, 3, 3, 3, 3, 3, 3, 3, 3, 3, 3, 3, 3, 3, 3, 3]
y_dimensions = [3, 13, 7, 5, 25, 19, 18, 17, 14, 13, 11, 10, 9, 8, 7, 6, 5, 4, 3]
minimum_height = 32
----------
x_coordinates = [9, 4, 18, 15, 15, 19, 0, 12, 22, 3, 9, 22, 6, 8, 0, 9, 22, 6, 18]
y_coordinates = [8, 3, 5, 25, 0, 12, 1, 11, 1, 18, 18, 21, 22, 0, 19, 11, 15, 16, 0]
x_dimensions = [6, 4, 4, 4, 3, 3, 3, 3, 3, 3, 3, 3, 3, 3, 3, 3, 3, 3, 3]
y_dimensions = [3, 13, 7, 5, 25, 19, 18, 17, 14, 13, 11, 10, 9, 8, 7, 6, 5, 4, 3]
minimum_height = 31
----------
x_coordinates = [7, 6, 15, 15, 19, 22, 3, 16, 10, 0, 13, 7, 4, 0, 22, 13, 10, 12, 19]
y_coordinates = [13, 17, 23, 1, 5, 11, 10, 6, 16, 5, 6, 3, 1, 22, 4, 17, 8, 2, 2]
x_dimensions = [6, 4, 4, 4, 3, 3, 3, 3, 3, 3, 3, 3, 3, 3, 3, 3, 3, 3, 3]
y_dimensions = [3, 13, 7, 5, 25, 19, 18, 17, 14, 13, 11, 10, 9, 8, 7, 6, 5, 4, 3]
minimum_height = 30
----------
x_coordinates = [9, 9, 15, 11, 22, 3, 16, 19, 6, 0, 0, 3, 13, 13, 6, 6, 0, 19, 22]
y_coordinates = [2, 11, 22, 24, 1, 10, 4, 8, 2, 0, 13, 0, 13, 5, 16, 23, 24, 25, 26]
x_dimensions = [6, 4, 4, 4, 3, 3, 3, 3, 3, 3, 3, 3, 3, 3, 3, 3, 3, 3, 3]
y_dimensions = [3, 13, 7, 5, 25, 19, 18, 17, 14, 13, 11, 10, 9, 8, 7, 6, 5, 4, 3]
minimum_height = 29
----------
x_coordinates = [0, 11, 18, 18, 0, 22, 6, 15, 9, 3, 16, 6, 3, 21, 19, 12, 13, 13, 3]
y_coordinates = [0, 15, 16, 23, 3, 9, 10, 11, 1, 12, 0, 0, 3, 0, 8, 9, 0, 5, 25]
x_dimensions = [6, 4, 4, 4, 3, 3, 3, 3, 3, 3, 3, 3, 3, 3, 3, 3, 3, 3, 3]
y_dimensions = [3, 13, 7, 5, 25, 19, 18, 17, 14, 13, 11, 10, 9, 8, 7, 6, 5, 4, 3]
minimum_height = 28
----------
x_coordinates = [9, 18, 4, 8, 22, 0, 9, 6, 19, 12, 3, 13, 15, 0, 3, 16, 16, 15, 15]
y_coordinates = [1, 0, 20, 22, 2, 8, 4, 3, 13, 4, 2, 17, 7, 0, 13, 16, 22, 3, 0]
x_dimensions = [6, 4, 4, 4, 3, 3, 3, 3, 3, 3, 3, 3, 3, 3, 3, 3, 3, 3, 3]
y_dimensions = [3, 13, 7, 5, 25, 19, 18, 17, 14, 13, 11, 10, 9, 8, 7, 6, 5, 4, 3]
minimum_height = 27
----------
x_coordinates = [6, 18, 15, 8, 3, 15, 9, 12, 6, 0, 22, 19, 22, 12, 0, 0, 22, 6, 19]
y_coordinates = [5, 3, 19, 0, 1, 0, 8, 1, 12, 6, 6, 16, 17, 18, 19, 0, 1, 8, 0]
x_dimensions = [6, 4, 4, 4, 3, 3, 3, 3, 3, 3, 3, 3, 3, 3, 3, 3, 3, 3, 3]
y_dimensions = [3, 13, 7, 5, 25, 19, 18, 17, 14, 13, 11, 10, 9, 8, 7, 6, 5, 4, 3]
minimum_height = 26
----------
x_coordinates = [9, 21, 21, 21, 18, 15, 3, 0, 12, 9, 6, 6, 9, 12, 3, 15, 0, 6, 0]
y_coordinates = [0, 0, 18, 13, 0, 6, 7, 8, 3, 3, 4, 15, 16, 17, 0, 0, 3, 0, 0]
x_dimensions = [6, 4, 4, 4, 3, 3, 3, 3, 3, 3, 3, 3, 3, 3, 3, 3, 3, 3, 3]
y_dimensions = [3, 13, 7, 5, 25, 19, 18, 17, 14, 13, 11, 10, 9, 8, 7, 6, 5, 4, 3]
minimum_height = 25
----------
==========
%%%mzn-stat: nodes=10442
%%%mzn-stat: failures=4308
%%%mzn-stat: restarts=152
%%%mzn-stat: variables=3983
%%%mzn-stat: intVars=93
%%%mzn-stat: boolVariables=3888
%%%mzn-stat: propagators=1539
%%%mzn-stat: propagations=2027734
%%%mzn-stat: peakDepth=161
%%%mzn-stat: nogoods=4308
%%%mzn-stat: backjumps=1498
%%%mzn-stat: peakMem=0.00
%%%mzn-stat: time=0.814
%%%mzn-stat: initTime=0.014
%%%mzn-stat: solveTime=0.800
%%%mzn-stat: objective=25
%%%mzn-stat: optTime=0.799
%%%mzn-stat: baseMem=0.00
%%%mzn-stat: trailMem=0.02
%%%mzn-stat: randomSeed=1657196118
