x_coordinates = [9, 13, 6, 9, 19, 3, 16, 16, 19, 9, 6, 3, 0, 8, 12, 16]
y_coordinates = [23, 27, 29, 29, 28, 28, 27, 36, 35, 35, 34, 36, 28, 47, 31, 46]
x_dimensions = [3, 3, 3, 3, 3, 3, 3, 3, 3, 3, 3, 3, 3, 4, 4, 6]
y_dimensions = [3, 4, 5, 6, 7, 8, 9, 10, 11, 12, 13, 14, 22, 3, 19, 4]
minimum_height = 50
----------
x_coordinates = [2, 6, 10, 19, 12, 19, 1, 4, 8, 15, 17, 16, 18, 11, 1, 5]
y_coordinates = [23, 9, 7, 0, 13, 6, 12, 13, 13, 37, 14, 0, 27, 46, 30, 45]
x_dimensions = [3, 3, 3, 3, 3, 3, 3, 3, 3, 3, 3, 3, 3, 4, 4, 6]
y_dimensions = [3, 4, 5, 6, 7, 8, 9, 10, 11, 12, 13, 14, 22, 3, 19, 4]
minimum_height = 49
----------
x_coordinates = [8, 16, 6, 17, 17, 18, 18, 16, 14, 12, 19, 15, 11, 0, 4, 5]
y_coordinates = [22, 19, 7, 33, 39, 9, 0, 23, 35, 6, 17, 5, 18, 35, 17, 39]
x_dimensions = [3, 3, 3, 3, 3, 3, 3, 3, 3, 3, 3, 3, 3, 4, 4, 6]
y_dimensions = [3, 4, 5, 6, 7, 8, 9, 10, 11, 12, 13, 14, 22, 3, 19, 4]
minimum_height = 48
----------
x_coordinates = [4, 17, 11, 17, 18, 16, 6, 15, 12, 14, 19, 18, 9, 14, 2, 0]
y_coordinates = [5, 3, 2, 20, 26, 12, 19, 27, 25, 0, 7, 33, 19, 40, 25, 19]
x_dimensions = [3, 3, 3, 3, 3, 3, 3, 3, 3, 3, 3, 3, 3, 4, 4, 6]
y_dimensions = [3, 4, 5, 6, 7, 8, 9, 10, 11, 12, 13, 14, 22, 3, 19, 4]
minimum_height = 47
----------
x_coordinates = [3, 8, 3, 18, 5, 7, 18, 8, 19, 16, 1, 4, 11, 0, 14, 13]
y_coordinates = [8, 22, 14, 23, 22, 38, 14, 28, 29, 30, 28, 32, 20, 41, 11, 42]
x_dimensions = [3, 3, 3, 3, 3, 3, 3, 3, 3, 3, 3, 3, 3, 4, 4, 6]
y_dimensions = [3, 4, 5, 6, 7, 8, 9, 10, 11, 12, 13, 14, 22, 3, 19, 4]
minimum_height = 46
----------
x_coordinates = [6, 18, 3, 19, 10, 6, 18, 13, 8, 19, 11, 11, 16, 6, 14, 5]
y_coordinates = [11, 41, 10, 24, 11, 17, 30, 8, 34, 12, 18, 31, 4, 14, 26, 25]
x_dimensions = [3, 3, 3, 3, 3, 3, 3, 3, 3, 3, 3, 3, 3, 4, 4, 6]
y_dimensions = [3, 4, 5, 6, 7, 8, 9, 10, 11, 12, 13, 14, 22, 3, 19, 4]
minimum_height = 45
----------
x_coordinates = [7, 7, 9, 6, 9, 16, 19, 12, 3, 19, 11, 10, 18, 5, 14, 13]
y_coordinates = [16, 27, 39, 31, 31, 36, 23, 34, 31, 32, 4, 17, 1, 19, 9, 28]
x_dimensions = [3, 3, 3, 3, 3, 3, 3, 3, 3, 3, 3, 3, 3, 4, 4, 6]
y_dimensions = [3, 4, 5, 6, 7, 8, 9, 10, 11, 12, 13, 14, 22, 3, 19, 4]
minimum_height = 44
----------
x_coordinates = [3, 11, 7, 11, 16, 5, 19, 9, 8, 19, 13, 12, 19, 1, 15, 13]
y_coordinates = [16, 37, 6, 27, 7, 26, 34, 12, 32, 0, 0, 13, 12, 31, 14, 33]
x_dimensions = [3, 3, 3, 3, 3, 3, 3, 3, 3, 3, 3, 3, 3, 4, 4, 6]
y_dimensions = [3, 4, 5, 6, 7, 8, 9, 10, 11, 12, 13, 14, 22, 3, 19, 4]
minimum_height = 43
----------
x_coordinates = [9, 1, 7, 18, 12, 16, 8, 15, 5, 18, 13, 15, 19, 11, 4, 13]
y_coordinates = [9, 29, 4, 24, 31, 6, 23, 32, 31, 30, 1, 18, 2, 28, 12, 14]
x_dimensions = [3, 3, 3, 3, 3, 3, 3, 3, 3, 3, 3, 3, 3, 4, 4, 6]
y_dimensions = [3, 4, 5, 6, 7, 8, 9, 10, 11, 12, 13, 14, 22, 3, 19, 4]
minimum_height = 42
----------
x_coordinates = [9, 4, 5, 10, 13, 4, 7, 15, 11, 19, 15, 16, 19, 12, 0, 16]
y_coordinates = [11, 26, 4, 35, 34, 30, 29, 13, 20, 25, 0, 23, 3, 31, 19, 37]
x_dimensions = [3, 3, 3, 3, 3, 3, 3, 3, 3, 3, 3, 3, 3, 4, 4, 6]
y_dimensions = [3, 4, 5, 6, 7, 8, 9, 10, 11, 12, 13, 14, 22, 3, 19, 4]
minimum_height = 41
----------
x_coordinates = [8, 5, 4, 10, 13, 12, 8, 15, 5, 18, 15, 16, 19, 17, 11, 2]
y_coordinates = [5, 36, 2, 8, 33, 0, 31, 13, 21, 0, 0, 23, 12, 37, 14, 32]
x_dimensions = [3, 3, 3, 3, 3, 3, 3, 3, 3, 3, 3, 3, 3, 4, 4, 6]
y_dimensions = [3, 4, 5, 6, 7, 8, 9, 10, 11, 12, 13, 14, 22, 3, 19, 4]
minimum_height = 40
----------
x_coordinates = [3, 19, 3, 13, 13, 12, 10, 15, 0, 18, 15, 16, 19, 0, 8, 4]
y_coordinates = [7, 35, 21, 26, 32, 14, 30, 15, 20, 1, 2, 25, 13, 31, 11, 30]
x_dimensions = [3, 3, 3, 3, 3, 3, 3, 3, 3, 3, 3, 3, 3, 4, 4, 6]
y_dimensions = [3, 4, 5, 6, 7, 8, 9, 10, 11, 12, 13, 14, 22, 3, 19, 4]
minimum_height = 39
----------
x_coordinates = [5, 19, 6, 12, 13, 12, 8, 15, 1, 18, 15, 16, 19, 10, 9, 3]
y_coordinates = [11, 34, 15, 10, 31, 2, 6, 14, 9, 0, 1, 24, 12, 16, 19, 32]
x_dimensions = [3, 3, 3, 3, 3, 3, 3, 3, 3, 3, 3, 3, 3, 4, 4, 6]
y_dimensions = [3, 4, 5, 6, 7, 8, 9, 10, 11, 12, 13, 14, 22, 3, 19, 4]
minimum_height = 38
----------
x_coordinates = [4, 2, 3, 15, 16, 16, 1, 11, 5, 17, 8, 9, 19, 4, 12, 2]
y_coordinates = [11, 20, 6, 31, 23, 15, 24, 27, 14, 3, 24, 10, 15, 29, 7, 33]
x_dimensions = [3, 3, 3, 3, 3, 3, 3, 3, 3, 3, 3, 3, 3, 4, 4, 6]
y_dimensions = [3, 4, 5, 6, 7, 8, 9, 10, 11, 12, 13, 14, 22, 3, 19, 4]
minimum_height = 37
----------
x_coordinates = [4, 12, 13, 16, 19, 5, 8, 17, 9, 6, 14, 15, 2, 11, 18, 2]
y_coordinates = [5, 24, 31, 30, 29, 24, 27, 0, 15, 8, 3, 16, 9, 28, 10, 32]
x_dimensions = [3, 3, 3, 3, 3, 3, 3, 3, 3, 3, 3, 3, 3, 4, 4, 6]
y_dimensions = [3, 4, 5, 6, 7, 8, 9, 10, 11, 12, 13, 14, 22, 3, 19, 4]
minimum_height = 36
----------
x_coordinates = [5, 3, 13, 16, 19, 12, 10, 15, 6, 9, 17, 18, 0, 6, 13, 4]
y_coordinates = [8, 26, 29, 29, 28, 2, 25, 0, 16, 5, 15, 1, 9, 27, 10, 30]
x_dimensions = [3, 3, 3, 3, 3, 3, 3, 3, 3, 3, 3, 3, 3, 4, 4, 6]
y_dimensions = [3, 4, 5, 6, 7, 8, 9, 10, 11, 12, 13, 14, 22, 3, 19, 4]
minimum_height = 35
----------
x_coordinates = [4, 7, 3, 18, 11, 8, 10, 18, 13, 11, 19, 16, 6, 9, 14, 1]
y_coordinates = [1, 30, 24, 13, 15, 0, 25, 3, 23, 2, 19, 20, 8, 22, 1, 30]
x_dimensions = [3, 3, 3, 3, 3, 3, 3, 3, 3, 3, 3, 3, 3, 4, 4, 6]
y_dimensions = [3, 4, 5, 6, 7, 8, 9, 10, 11, 12, 13, 14, 22, 3, 19, 4]
minimum_height = 34
----------
x_coordinates = [6, 7, 6, 18, 9, 13, 10, 18, 3, 9, 19, 16, 0, 6, 14, 4]
y_coordinates = [7, 25, 17, 12, 14, 25, 21, 2, 17, 2, 18, 19, 11, 22, 0, 29]
x_dimensions = [3, 3, 3, 3, 3, 3, 3, 3, 3, 3, 3, 3, 3, 4, 4, 6]
y_dimensions = [3, 4, 5, 6, 7, 8, 9, 10, 11, 12, 13, 14, 22, 3, 19, 4]
minimum_height = 33
----------
x_coordinates = [9, 1, 10, 18, 1, 13, 8, 19, 11, 7, 16, 19, 4, 0, 14, 10]
y_coordinates = [1, 25, 4, 26, 11, 1, 23, 2, 17, 10, 0, 12, 8, 29, 13, 9]
x_dimensions = [3, 3, 3, 3, 3, 3, 3, 3, 3, 3, 3, 3, 3, 4, 4, 6]
y_dimensions = [3, 4, 5, 6, 7, 8, 9, 10, 11, 12, 13, 14, 22, 3, 19, 4]
minimum_height = 32
----------
x_coordinates = [4, 13, 2, 19, 16, 13, 9, 18, 7, 13, 19, 16, 10, 1, 5, 12]
y_coordinates = [9, 1, 18, 13, 14, 17, 22, 21, 1, 5, 0, 0, 0, 15, 12, 27]
x_dimensions = [3, 3, 3, 3, 3, 3, 3, 3, 3, 3, 3, 3, 3, 4, 4, 6]
y_dimensions = [3, 4, 5, 6, 7, 8, 9, 10, 11, 12, 13, 14, 22, 3, 19, 4]
minimum_height = 31
----------
x_coordinates = [2, 0, 12, 19, 19, 16, 10, 0, 3, 10, 19, 16, 13, 8, 6, 15]
y_coordinates = [8, 25, 25, 13, 19, 18, 15, 12, 18, 3, 0, 4, 3, 24, 5, 26]
x_dimensions = [3, 3, 3, 3, 3, 3, 3, 3, 3, 3, 3, 3, 3, 4, 4, 6]
y_dimensions = [3, 4, 5, 6, 7, 8, 9, 10, 11, 12, 13, 14, 22, 3, 19, 4]
minimum_height = 30
----------
x_coordinates = [4, 7, 13, 19, 19, 16, 10, 6, 9, 3, 19, 16, 0, 5, 12, 13]
y_coordinates = [0, 25, 19, 23, 3, 17, 20, 8, 9, 3, 10, 3, 7, 18, 0, 25]
x_dimensions = [3, 3, 3, 3, 3, 3, 3, 3, 3, 3, 3, 3, 3, 4, 4, 6]
y_dimensions = [3, 4, 5, 6, 7, 8, 9, 10, 11, 12, 13, 14, 22, 3, 19, 4]
minimum_height = 29
----------
x_coordinates = [3, 15, 16, 19, 19, 13, 10, 2, 12, 2, 19, 16, 5, 12, 8, 13]
y_coordinates = [0, 6, 1, 22, 2, 16, 19, 16, 5, 3, 9, 10, 4, 2, 0, 24]
x_dimensions = [3, 3, 3, 3, 3, 3, 3, 3, 3, 3, 3, 3, 3, 4, 4, 6]
y_dimensions = [3, 4, 5, 6, 7, 8, 9, 10, 11, 12, 13, 14, 22, 3, 19, 4]
minimum_height = 28
----------
x_coordinates = [3, 0, 15, 16, 3, 16, 13, 3, 13, 0, 18, 19, 6, 9, 9, 0]
y_coordinates = [7, 3, 0, 21, 0, 13, 18, 10, 5, 8, 0, 13, 5, 3, 6, 20]
x_dimensions = [3, 3, 3, 3, 3, 3, 3, 3, 3, 3, 3, 3, 3, 4, 4, 6]
y_dimensions = [3, 4, 5, 6, 7, 8, 9, 10, 11, 12, 13, 14, 22, 3, 19, 4]
minimum_height = 27
----------
x_coordinates = [8, 13, 3, 9, 19, 19, 10, 6, 19, 4, 7, 13, 16, 12, 0, 12]
y_coordinates = [10, 1, 2, 4, 0, 18, 13, 0, 7, 12, 13, 8, 0, 5, 7, 22]
x_dimensions = [3, 3, 3, 3, 3, 3, 3, 3, 3, 3, 3, 3, 3, 4, 4, 6]
y_dimensions = [3, 4, 5, 6, 7, 8, 9, 10, 11, 12, 13, 14, 22, 3, 19, 4]
minimum_height = 26
----------
x_coordinates = [9, 7, 13, 13, 0, 10, 13, 10, 19, 7, 0, 19, 16, 3, 3, 10]
y_coordinates = [10, 6, 1, 6, 2, 13, 12, 0, 14, 13, 9, 0, 3, 22, 3, 21]
x_dimensions = [3, 3, 3, 3, 3, 3, 3, 3, 3, 3, 3, 3, 3, 4, 4, 6]
y_dimensions = [3, 4, 5, 6, 7, 8, 9, 10, 11, 12, 13, 14, 22, 3, 19, 4]
minimum_height = 25
----------
x_coordinates = [7, 19, 10, 0, 7, 19, 13, 7, 19, 13, 0, 10, 16, 3, 3, 7]
y_coordinates = [10, 0, 1, 3, 13, 16, 14, 0, 4, 2, 9, 6, 2, 2, 5, 20]
x_dimensions = [3, 3, 3, 3, 3, 3, 3, 3, 3, 3, 3, 3, 3, 4, 4, 6]
y_dimensions = [3, 4, 5, 6, 7, 8, 9, 10, 11, 12, 13, 14, 22, 3, 19, 4]
minimum_height = 24
----------
x_coordinates = [7, 19, 10, 7, 0, 19, 13, 7, 19, 13, 0, 10, 16, 3, 3, 7]
y_coordinates = [10, 0, 0, 13, 2, 15, 14, 0, 4, 2, 9, 5, 1, 0, 3, 19]
x_dimensions = [3, 3, 3, 3, 3, 3, 3, 3, 3, 3, 3, 3, 3, 4, 4, 6]
y_dimensions = [3, 4, 5, 6, 7, 8, 9, 10, 11, 12, 13, 14, 22, 3, 19, 4]
minimum_height = 23
----------
x_coordinates = [7, 16, 16, 7, 19, 10, 16, 13, 19, 13, 7, 10, 0, 3, 3, 16]
y_coordinates = [0, 18, 4, 16, 4, 14, 9, 0, 11, 10, 3, 0, 0, 0, 3, 0]
x_dimensions = [3, 3, 3, 3, 3, 3, 3, 3, 3, 3, 3, 3, 3, 4, 4, 6]
y_dimensions = [3, 4, 5, 6, 7, 8, 9, 10, 11, 12, 13, 14, 22, 3, 19, 4]
minimum_height = 22
----------
==========
%%%mzn-stat: nodes=5604
%%%mzn-stat: failures=1603
%%%mzn-stat: restarts=91
%%%mzn-stat: variables=3156
%%%mzn-stat: intVars=80
%%%mzn-stat: boolVariables=3074
%%%mzn-stat: propagators=1104
%%%mzn-stat: propagations=829855
%%%mzn-stat: peakDepth=106
%%%mzn-stat: nogoods=1603
%%%mzn-stat: backjumps=581
%%%mzn-stat: peakMem=0.00
%%%mzn-stat: time=0.182
%%%mzn-stat: initTime=0.012
%%%mzn-stat: solveTime=0.170
%%%mzn-stat: objective=22
%%%mzn-stat: optTime=0.170
%%%mzn-stat: baseMem=0.00
%%%mzn-stat: trailMem=0.02
%%%mzn-stat: randomSeed=1657196113
