x_coordinates = [0, 4, 9, 2, 8, 12, 10, 16, 6, 13, 17, 19, 23, 20, 14, 10, 20, 22, 3, 22, 22, 3]
y_coordinates = [0, 2, 7, 14, 2, 2, 29, 1, 13, 6, 20, 2, 23, 24, 23, 15, 16, 9, 21, 4, 0, 27]
x_dimensions = [4, 4, 4, 4, 4, 4, 4, 3, 3, 3, 3, 3, 3, 3, 3, 3, 3, 3, 3, 3, 3, 3]
y_dimensions = [14, 11, 8, 7, 5, 4, 3, 19, 17, 16, 15, 14, 12, 11, 10, 9, 8, 7, 6, 5, 4, 3]
minimum_height = 35
----------
x_coordinates = [6, 10, 12, 6, 10, 6, 14, 3, 16, 0, 23, 20, 23, 3, 20, 14, 20, 0, 17, 23, 0, 16]
y_coordinates = [3, 22, 8, 17, 16, 24, 28, 4, 1, 11, 19, 12, 7, 23, 2, 18, 26, 4, 18, 0, 30, 31]
x_dimensions = [4, 4, 4, 4, 4, 4, 4, 3, 3, 3, 3, 3, 3, 3, 3, 3, 3, 3, 3, 3, 3, 3]
y_dimensions = [14, 11, 8, 7, 5, 4, 3, 19, 17, 16, 15, 14, 12, 11, 10, 9, 8, 7, 6, 5, 4, 3]
minimum_height = 34
----------
x_coordinates = [10, 0, 22, 13, 13, 13, 3, 10, 7, 4, 17, 23, 19, 16, 7, 21, 20, 1, 18, 14, 4, 4]
y_coordinates = [0, 13, 2, 25, 20, 16, 30, 14, 16, 10, 12, 10, 0, 0, 6, 24, 15, 6, 27, 11, 4, 26]
x_dimensions = [4, 4, 4, 4, 4, 4, 4, 3, 3, 3, 3, 3, 3, 3, 3, 3, 3, 3, 3, 3, 3, 3]
y_dimensions = [14, 11, 8, 7, 5, 4, 3, 19, 17, 16, 15, 14, 12, 11, 10, 9, 8, 7, 6, 5, 4, 3]
minimum_height = 33
----------
x_coordinates = [10, 6, 3, 13, 13, 6, 7, 14, 17, 0, 17, 20, 23, 20, 7, 23, 10, 3, 20, 23, 23, 5]
y_coordinates = [5, 21, 12, 24, 19, 7, 1, 0, 0, 10, 17, 1, 20, 15, 11, 11, 19, 20, 26, 6, 2, 4]
x_dimensions = [4, 4, 4, 4, 4, 4, 4, 3, 3, 3, 3, 3, 3, 3, 3, 3, 3, 3, 3, 3, 3, 3]
y_dimensions = [14, 11, 8, 7, 5, 4, 3, 19, 17, 16, 15, 14, 12, 11, 10, 9, 8, 7, 6, 5, 4, 3]
minimum_height = 32
----------
x_coordinates = [0, 13, 6, 13, 13, 15, 13, 10, 17, 4, 20, 19, 9, 23, 7, 22, 1, 22, 0, 4, 23, 2]
y_coordinates = [3, 4, 0, 21, 15, 0, 28, 0, 14, 14, 16, 0, 19, 16, 9, 7, 17, 0, 25, 8, 27, 0]
x_dimensions = [4, 4, 4, 4, 4, 4, 4, 3, 3, 3, 3, 3, 3, 3, 3, 3, 3, 3, 3, 3, 3, 3]
y_dimensions = [14, 11, 8, 7, 5, 4, 3, 19, 17, 16, 15, 14, 12, 11, 10, 9, 8, 7, 6, 5, 4, 3]
minimum_height = 31
----------
x_coordinates = [8, 18, 15, 19, 19, 18, 15, 15, 22, 5, 0, 1, 12, 23, 12, 4, 7, 12, 9, 6, 3, 18]
y_coordinates = [7, 4, 19, 23, 18, 0, 27, 0, 1, 5, 1, 16, 10, 18, 0, 21, 21, 22, 1, 0, 1, 15]
x_dimensions = [4, 4, 4, 4, 4, 4, 4, 3, 3, 3, 3, 3, 3, 3, 3, 3, 3, 3, 3, 3, 3, 3]
y_dimensions = [14, 11, 8, 7, 5, 4, 3, 19, 17, 16, 15, 14, 12, 11, 10, 9, 8, 7, 6, 5, 4, 3]
minimum_height = 30
----------
x_coordinates = [8, 22, 15, 22, 22, 22, 4, 19, 16, 12, 0, 1, 13, 7, 19, 4, 10, 3, 5, 10, 5, 15]
y_coordinates = [2, 7, 0, 0, 24, 18, 6, 0, 12, 0, 14, 0, 17, 18, 19, 13, 21, 22, 0, 16, 9, 8]
x_dimensions = [4, 4, 4, 4, 4, 4, 4, 3, 3, 3, 3, 3, 3, 3, 3, 3, 3, 3, 3, 3, 3, 3]
y_dimensions = [14, 11, 8, 7, 5, 4, 3, 19, 17, 16, 15, 14, 12, 11, 10, 9, 8, 7, 6, 5, 4, 3]
minimum_height = 29
----------
x_coordinates = [9, 13, 22, 9, 9, 16, 21, 6, 20, 17, 0, 3, 23, 13, 3, 6, 19, 0, 16, 23, 13, 0]
y_coordinates = [6, 13, 0, 21, 1, 24, 8, 0, 11, 8, 12, 3, 16, 2, 17, 19, 0, 2, 1, 11, 24, 9]
x_dimensions = [4, 4, 4, 4, 4, 4, 4, 3, 3, 3, 3, 3, 3, 3, 3, 3, 3, 3, 3, 3, 3, 3]
y_dimensions = [14, 11, 8, 7, 5, 4, 3, 19, 17, 16, 15, 14, 12, 11, 10, 9, 8, 7, 6, 5, 4, 3]
minimum_height = 28
----------
x_coordinates = [9, 22, 9, 22, 3, 16, 3, 3, 16, 0, 13, 6, 13, 19, 0, 19, 23, 20, 16, 7, 6, 10]
y_coordinates = [5, 9, 19, 20, 3, 0, 0, 8, 10, 11, 0, 8, 15, 7, 1, 18, 1, 0, 4, 0, 23, 2]
x_dimensions = [4, 4, 4, 4, 4, 4, 4, 3, 3, 3, 3, 3, 3, 3, 3, 3, 3, 3, 3, 3, 3, 3]
y_dimensions = [14, 11, 8, 7, 5, 4, 3, 19, 17, 16, 15, 14, 12, 11, 10, 9, 8, 7, 6, 5, 4, 3]
minimum_height = 27
----------
x_coordinates = [10, 0, 0, 10, 13, 3, 0, 23, 7, 20, 14, 4, 17, 17, 20, 7, 4, 23, 14, 10, 0, 17]
y_coordinates = [5, 15, 7, 19, 0, 0, 4, 0, 0, 10, 11, 4, 3, 15, 0, 17, 18, 19, 5, 0, 0, 0]
x_dimensions = [4, 4, 4, 4, 4, 4, 4, 3, 3, 3, 3, 3, 3, 3, 3, 3, 3, 3, 3, 3, 3, 3]
y_dimensions = [14, 11, 8, 7, 5, 4, 3, 19, 17, 16, 15, 14, 12, 11, 10, 9, 8, 7, 6, 5, 4, 3]
minimum_height = 26
----------
==========
%%%mzn-stat: nodes=89589
%%%mzn-stat: failures=58660
%%%mzn-stat: restarts=1268
%%%mzn-stat: variables=4111
%%%mzn-stat: intVars=105
%%%mzn-stat: boolVariables=4004
%%%mzn-stat: propagators=2046
%%%mzn-stat: propagations=21970427
%%%mzn-stat: peakDepth=118
%%%mzn-stat: nogoods=58660
%%%mzn-stat: backjumps=8226
%%%mzn-stat: peakMem=0.00
%%%mzn-stat: time=13.813
%%%mzn-stat: initTime=0.021
%%%mzn-stat: solveTime=13.792
%%%mzn-stat: objective=26
%%%mzn-stat: optTime=13.791
%%%mzn-stat: baseMem=0.00
%%%mzn-stat: trailMem=0.02
%%%mzn-stat: randomSeed=1657196120
