x_coordinates = [9, 8, 13, 14, 9, 10, 6, 21, 3, 15, 18, 21, 8, 18, 12, 18, 21, 0]
y_coordinates = [12, 0, 0, 24, 8, 28, 10, 11, 27, 29, 20, 29, 34, 35, 34, 30, 38, 37]
x_dimensions = [5, 5, 4, 4, 4, 4, 3, 3, 3, 3, 3, 3, 3, 3, 3, 3, 3, 3]
y_dimensions = [16, 8, 12, 5, 4, 3, 24, 18, 14, 12, 10, 9, 8, 7, 6, 5, 4, 3]
minimum_height = 42
----------
x_coordinates = [9, 8, 17, 14, 13, 10, 6, 21, 0, 3, 18, 15, 8, 18, 21, 16, 14, 12]
y_coordinates = [12, 0, 6, 27, 7, 29, 8, 15, 17, 22, 24, 32, 32, 34, 33, 18, 23, 38]
x_dimensions = [5, 5, 4, 4, 4, 4, 3, 3, 3, 3, 3, 3, 3, 3, 3, 3, 3, 3]
y_dimensions = [16, 8, 12, 5, 4, 3, 24, 18, 14, 12, 10, 9, 8, 7, 6, 5, 4, 3]
minimum_height = 41
----------
x_coordinates = [8, 14, 17, 0, 13, 4, 12, 21, 6, 9, 18, 20, 15, 18, 21, 21, 6, 5]
y_coordinates = [0, 3, 11, 15, 12, 15, 16, 11, 19, 28, 30, 2, 29, 23, 34, 29, 33, 10]
x_dimensions = [5, 5, 4, 4, 4, 4, 3, 3, 3, 3, 3, 3, 3, 3, 3, 3, 3, 3]
y_dimensions = [16, 8, 12, 5, 4, 3, 24, 18, 14, 12, 10, 9, 8, 7, 6, 5, 4, 3]
minimum_height = 40
----------
x_coordinates = [9, 15, 5, 6, 17, 10, 14, 21, 0, 3, 18, 20, 9, 18, 21, 21, 0, 0]
y_coordinates = [9, 7, 14, 26, 18, 28, 15, 10, 18, 27, 29, 1, 31, 22, 33, 28, 32, 36]
x_dimensions = [5, 5, 4, 4, 4, 4, 3, 3, 3, 3, 3, 3, 3, 3, 3, 3, 3, 3]
y_dimensions = [16, 8, 12, 5, 4, 3, 24, 18, 14, 12, 10, 9, 8, 7, 6, 5, 4, 3]
minimum_height = 39
----------
x_coordinates = [9, 15, 5, 6, 17, 10, 14, 21, 0, 3, 18, 20, 11, 18, 20, 21, 0, 8]
y_coordinates = [10, 6, 12, 28, 17, 26, 14, 15, 13, 26, 21, 6, 30, 31, 0, 33, 30, 33]
x_dimensions = [5, 5, 4, 4, 4, 4, 3, 3, 3, 3, 3, 3, 3, 3, 3, 3, 3, 3]
y_dimensions = [16, 8, 12, 5, 4, 3, 24, 18, 14, 12, 10, 9, 8, 7, 6, 5, 4, 3]
minimum_height = 38
----------
x_coordinates = [9, 16, 5, 4, 17, 10, 14, 21, 1, 8, 18, 21, 11, 18, 18, 21, 21, 8]
y_coordinates = [6, 1, 8, 21, 16, 22, 11, 10, 18, 25, 20, 1, 29, 30, 9, 28, 33, 3]
x_dimensions = [5, 5, 4, 4, 4, 4, 3, 3, 3, 3, 3, 3, 3, 3, 3, 3, 3, 3]
y_dimensions = [16, 8, 12, 5, 4, 3, 24, 18, 14, 12, 10, 9, 8, 7, 6, 5, 4, 3]
minimum_height = 37
----------
x_coordinates = [9, 3, 14, 5, 17, 10, 14, 18, 6, 0, 21, 17, 8, 20, 21, 19, 11, 21]
y_coordinates = [9, 23, 24, 18, 0, 3, 0, 13, 4, 17, 21, 4, 28, 5, 12, 31, 28, 2]
x_dimensions = [5, 5, 4, 4, 4, 4, 3, 3, 3, 3, 3, 3, 3, 3, 3, 3, 3, 3]
y_dimensions = [16, 8, 12, 5, 4, 3, 24, 18, 14, 12, 10, 9, 8, 7, 6, 5, 4, 3]
minimum_height = 36
----------
x_coordinates = [9, 15, 1, 10, 5, 2, 14, 21, 6, 9, 20, 18, 12, 20, 3, 18, 17, 18]
y_coordinates = [6, 24, 23, 1, 31, 20, 0, 0, 12, 22, 25, 4, 24, 18, 11, 13, 20, 1]
x_dimensions = [5, 5, 4, 4, 4, 4, 3, 3, 3, 3, 3, 3, 3, 3, 3, 3, 3, 3]
y_dimensions = [16, 8, 12, 5, 4, 3, 24, 18, 14, 12, 10, 9, 8, 7, 6, 5, 4, 3]
minimum_height = 35
----------
x_coordinates = [8, 13, 1, 20, 17, 14, 18, 21, 5, 15, 1, 10, 13, 4, 7, 21, 21, 17]
y_coordinates = [9, 13, 10, 24, 30, 23, 0, 6, 12, 1, 23, 25, 26, 26, 28, 29, 2, 27]
x_dimensions = [5, 5, 4, 4, 4, 4, 3, 3, 3, 3, 3, 3, 3, 3, 3, 3, 3, 3]
y_dimensions = [16, 8, 12, 5, 4, 3, 24, 18, 14, 12, 10, 9, 8, 7, 6, 5, 4, 3]
minimum_height = 34
----------
x_coordinates = [9, 6, 14, 4, 17, 17, 21, 14, 11, 1, 18, 21, 3, 8, 6, 18, 18, 18]
y_coordinates = [0, 17, 1, 25, 19, 23, 0, 13, 16, 21, 4, 24, 13, 26, 11, 14, 0, 29]
x_dimensions = [5, 5, 4, 4, 4, 4, 3, 3, 3, 3, 3, 3, 3, 3, 3, 3, 3, 3]
y_dimensions = [16, 8, 12, 5, 4, 3, 24, 18, 14, 12, 10, 9, 8, 7, 6, 5, 4, 3]
minimum_height = 33
----------
x_coordinates = [9, 7, 0, 4, 5, 8, 15, 21, 18, 6, 18, 12, 3, 1, 4, 19, 21, 17]
y_coordinates = [3, 19, 13, 27, 1, 27, 4, 10, 15, 6, 5, 23, 5, 25, 18, 0, 28, 29]
x_dimensions = [5, 5, 4, 4, 4, 4, 3, 3, 3, 3, 3, 3, 3, 3, 3, 3, 3, 3]
y_dimensions = [16, 8, 12, 5, 4, 3, 24, 18, 14, 12, 10, 9, 8, 7, 6, 5, 4, 3]
minimum_height = 32
----------
x_coordinates = [8, 13, 0, 7, 11, 20, 21, 18, 15, 4, 4, 14, 1, 10, 7, 18, 1, 20]
y_coordinates = [7, 9, 14, 25, 25, 28, 4, 8, 17, 6, 21, 0, 4, 0, 1, 3, 27, 0]
x_dimensions = [5, 5, 4, 4, 4, 4, 3, 3, 3, 3, 3, 3, 3, 3, 3, 3, 3, 3]
y_dimensions = [16, 8, 12, 5, 4, 3, 24, 18, 14, 12, 10, 9, 8, 7, 6, 5, 4, 3]
minimum_height = 31
----------
x_coordinates = [9, 12, 5, 16, 17, 1, 0, 21, 18, 3, 6, 15, 6, 17, 13, 9, 20, 20]
y_coordinates = [6, 22, 18, 7, 26, 25, 1, 11, 12, 5, 8, 13, 0, 0, 0, 1, 7, 4]
x_dimensions = [5, 5, 4, 4, 4, 4, 3, 3, 3, 3, 3, 3, 3, 3, 3, 3, 3, 3]
y_dimensions = [16, 8, 12, 5, 4, 3, 24, 18, 14, 12, 10, 9, 8, 7, 6, 5, 4, 3]
minimum_height = 30
----------
x_coordinates = [9, 10, 6, 17, 17, 2, 0, 21, 18, 3, 21, 14, 5, 15, 18, 14, 15, 6]
y_coordinates = [1, 20, 17, 6, 25, 24, 0, 10, 11, 8, 0, 9, 0, 18, 0, 4, 0, 9]
x_dimensions = [5, 5, 4, 4, 4, 4, 3, 3, 3, 3, 3, 3, 3, 3, 3, 3, 3, 3]
y_dimensions = [16, 8, 12, 5, 4, 3, 24, 18, 14, 12, 10, 9, 8, 7, 6, 5, 4, 3]
minimum_height = 29
----------
x_coordinates = [3, 17, 10, 20, 17, 3, 14, 0, 21, 7, 11, 18, 8, 4, 17, 10, 15, 0]
y_coordinates = [0, 6, 11, 1, 15, 25, 0, 7, 14, 16, 1, 19, 3, 18, 0, 23, 24, 25]
x_dimensions = [5, 5, 4, 4, 4, 4, 3, 3, 3, 3, 3, 3, 3, 3, 3, 3, 3, 3]
y_dimensions = [16, 8, 12, 5, 4, 3, 24, 18, 14, 12, 10, 9, 8, 7, 6, 5, 4, 3]
minimum_height = 28
----------
x_coordinates = [5, 0, 13, 1, 20, 3, 17, 10, 0, 21, 14, 21, 4, 7, 11, 14, 7, 11]
y_coordinates = [0, 5, 10, 0, 23, 16, 3, 6, 13, 0, 0, 12, 19, 20, 0, 22, 16, 24]
x_dimensions = [5, 5, 4, 4, 4, 4, 3, 3, 3, 3, 3, 3, 3, 3, 3, 3, 3, 3]
y_dimensions = [16, 8, 12, 5, 4, 3, 24, 18, 14, 12, 10, 9, 8, 7, 6, 5, 4, 3]
minimum_height = 27
----------
x_coordinates = [9, 19, 17, 9, 6, 5, 0, 21, 16, 3, 13, 6, 14, 3, 6, 10, 6, 3]
y_coordinates = [0, 18, 0, 16, 22, 0, 2, 0, 12, 11, 16, 3, 4, 4, 12, 21, 18, 23]
x_dimensions = [5, 5, 4, 4, 4, 4, 3, 3, 3, 3, 3, 3, 3, 3, 3, 3, 3, 3]
y_dimensions = [16, 8, 12, 5, 4, 3, 24, 18, 14, 12, 10, 9, 8, 7, 6, 5, 4, 3]
minimum_height = 26
----------
x_coordinates = [9, 19, 17, 15, 15, 20, 3, 0, 21, 6, 14, 9, 6, 0, 12, 6, 16, 13]
y_coordinates = [0, 17, 5, 0, 17, 0, 1, 0, 3, 8, 6, 16, 0, 18, 16, 20, 21, 22]
x_dimensions = [5, 5, 4, 4, 4, 4, 3, 3, 3, 3, 3, 3, 3, 3, 3, 3, 3, 3]
y_dimensions = [16, 8, 12, 5, 4, 3, 24, 18, 14, 12, 10, 9, 8, 7, 6, 5, 4, 3]
minimum_height = 25
----------
x_coordinates = [9, 13, 14, 9, 14, 9, 6, 3, 21, 18, 0, 0, 18, 21, 3, 0, 18, 21]
y_coordinates = [0, 16, 0, 19, 12, 16, 0, 6, 3, 0, 0, 10, 12, 17, 0, 19, 20, 0]
x_dimensions = [5, 5, 4, 4, 4, 4, 3, 3, 3, 3, 3, 3, 3, 3, 3, 3, 3, 3]
y_dimensions = [16, 8, 12, 5, 4, 3, 24, 18, 14, 12, 10, 9, 8, 7, 6, 5, 4, 3]
minimum_height = 24
----------
==========
%%%mzn-stat: nodes=4526
%%%mzn-stat: failures=1328
%%%mzn-stat: restarts=78
%%%mzn-stat: variables=3383
%%%mzn-stat: intVars=87
%%%mzn-stat: boolVariables=3294
%%%mzn-stat: propagators=1386
%%%mzn-stat: propagations=667215
%%%mzn-stat: peakDepth=109
%%%mzn-stat: nogoods=1328
%%%mzn-stat: backjumps=569
%%%mzn-stat: peakMem=0.00
%%%mzn-stat: time=0.188
%%%mzn-stat: initTime=0.012
%%%mzn-stat: solveTime=0.176
%%%mzn-stat: objective=24
%%%mzn-stat: optTime=0.176
%%%mzn-stat: baseMem=0.00
%%%mzn-stat: trailMem=0.02
%%%mzn-stat: randomSeed=1657196117
