x_coordinates = [0, 2, 6, 6, 25, 13, 10, 28, 16, 22, 23, 7, 19, 16, 17, 25, 25, 26, 27]
y_coordinates = [38, 96, 101, 1, 92, 78, 87, 95, 81, 93, 81, 91, 91, 94, 102, 98, 104, 84, 89]
x_dimensions = [12, 4, 4, 4, 4, 3, 3, 3, 3, 3, 3, 3, 3, 3, 3, 3, 3, 3, 3]
y_dimensions = [31, 13, 8, 7, 3, 31, 22, 14, 13, 12, 11, 10, 9, 8, 7, 6, 5, 4, 3]
minimum_height = 109
----------
x_coordinates = [5, 8, 25, 1, 27, 18, 12, 3, 28, 23, 27, 25, 24, 15, 21, 9, 6, 28, 5]
y_coordinates = [9, 89, 66, 10, 94, 77, 81, 94, 81, 84, 97, 74, 96, 93, 101, 102, 103, 77, 80]
x_dimensions = [12, 4, 4, 4, 4, 3, 3, 3, 3, 3, 3, 3, 3, 3, 3, 3, 3, 3, 3]
y_dimensions = [31, 13, 8, 7, 3, 31, 22, 14, 13, 12, 11, 10, 9, 8, 7, 6, 5, 4, 3]
minimum_height = 108
----------
x_coordinates = [9, 13, 26, 1, 27, 25, 17, 4, 7, 23, 24, 10, 20, 14, 20, 26, 20, 1, 0]
y_coordinates = [20, 93, 93, 84, 90, 50, 84, 91, 90, 92, 81, 91, 86, 85, 95, 101, 102, 101, 92]
x_dimensions = [12, 4, 4, 4, 4, 3, 3, 3, 3, 3, 3, 3, 3, 3, 3, 3, 3, 3, 3]
y_dimensions = [31, 13, 8, 7, 3, 31, 22, 14, 13, 12, 11, 10, 9, 8, 7, 6, 5, 4, 3]
minimum_height = 107
----------
x_coordinates = [5, 14, 27, 11, 2, 6, 25, 21, 15, 24, 28, 18, 22, 18, 12, 9, 9, 12, 3]
y_coordinates = [25, 74, 98, 88, 97, 75, 72, 92, 92, 94, 87, 93, 83, 85, 99, 100, 95, 95, 93]
x_dimensions = [12, 4, 4, 4, 4, 3, 3, 3, 3, 3, 3, 3, 3, 3, 3, 3, 3, 3, 3]
y_dimensions = [31, 13, 8, 7, 3, 31, 22, 14, 13, 12, 11, 10, 9, 8, 7, 6, 5, 4, 3]
minimum_height = 106
----------
x_coordinates = [3, 15, 27, 14, 5, 9, 19, 22, 12, 25, 28, 16, 2, 16, 27, 28, 24, 26, 24]
y_coordinates = [32, 82, 80, 75, 95, 73, 74, 87, 92, 93, 88, 95, 87, 67, 73, 99, 79, 62, 74]
x_dimensions = [12, 4, 4, 4, 4, 3, 3, 3, 3, 3, 3, 3, 3, 3, 3, 3, 3, 3, 3]
y_dimensions = [31, 13, 8, 7, 3, 31, 22, 14, 13, 12, 11, 10, 9, 8, 7, 6, 5, 4, 3]
minimum_height = 105
----------
x_coordinates = [3, 8, 24, 14, 4, 28, 28, 21, 15, 25, 25, 18, 22, 18, 24, 26, 25, 26, 12]
y_coordinates = [34, 85, 78, 97, 94, 45, 76, 81, 84, 66, 87, 94, 95, 75, 53, 98, 60, 38, 93]
x_dimensions = [12, 4, 4, 4, 4, 3, 3, 3, 3, 3, 3, 3, 3, 3, 3, 3, 3, 3, 3]
y_dimensions = [31, 13, 8, 7, 3, 31, 22, 14, 13, 12, 11, 10, 9, 8, 7, 6, 5, 4, 3]
minimum_height = 104
----------
x_coordinates = [8, 27, 21, 18, 24, 24, 15, 22, 28, 25, 28, 18, 12, 28, 26, 25, 27, 19, 24]
y_coordinates = [33, 58, 89, 73, 97, 44, 74, 75, 71, 79, 92, 83, 70, 84, 27, 91, 43, 69, 100]
x_dimensions = [12, 4, 4, 4, 4, 3, 3, 3, 3, 3, 3, 3, 3, 3, 3, 3, 3, 3, 3]
y_dimensions = [31, 13, 8, 7, 3, 31, 22, 14, 13, 12, 11, 10, 9, 8, 7, 6, 5, 4, 3]
minimum_height = 103
----------
x_coordinates = [7, 27, 11, 15, 27, 25, 19, 26, 28, 28, 5, 22, 24, 22, 22, 8, 26, 14, 16]
y_coordinates = [1, 49, 94, 92, 98, 67, 79, 35, 71, 84, 91, 85, 53, 77, 95, 94, 62, 61, 99]
x_dimensions = [12, 4, 4, 4, 4, 3, 3, 3, 3, 3, 3, 3, 3, 3, 3, 3, 3, 3, 3]
y_dimensions = [31, 13, 8, 7, 3, 31, 22, 14, 13, 12, 11, 10, 9, 8, 7, 6, 5, 4, 3]
minimum_height = 102
----------
x_coordinates = [2, 19, 18, 14, 26, 26, 15, 12, 22, 28, 21, 25, 22, 23, 24, 23, 24, 19, 24]
y_coordinates = [28, 79, 71, 43, 82, 51, 77, 81, 65, 85, 43, 91, 92, 78, 44, 59, 86, 97, 41]
x_dimensions = [12, 4, 4, 4, 4, 3, 3, 3, 3, 3, 3, 3, 3, 3, 3, 3, 3, 3, 3]
y_dimensions = [31, 13, 8, 7, 3, 31, 22, 14, 13, 12, 11, 10, 9, 8, 7, 6, 5, 4, 3]
minimum_height = 101
----------
x_coordinates = [0, 20, 22, 23, 26, 27, 20, 16, 23, 28, 24, 26, 27, 25, 26, 26, 24, 23, 17]
y_coordinates = [17, 87, 39, 48, 45, 48, 47, 86, 68, 88, 57, 22, 79, 92, 38, 32, 87, 83, 46]
x_dimensions = [12, 4, 4, 4, 4, 3, 3, 3, 3, 3, 3, 3, 3, 3, 3, 3, 3, 3, 3]
y_dimensions = [31, 13, 8, 7, 3, 31, 22, 14, 13, 12, 11, 10, 9, 8, 7, 6, 5, 4, 3]
minimum_height = 100
----------
x_coordinates = [8, 27, 24, 27, 27, 19, 28, 22, 27, 28, 25, 25, 28, 25, 26, 25, 27, 24, 26]
y_coordinates = [24, 10, 67, 49, 46, 55, 56, 77, 23, 87, 56, 75, 78, 85, 39, 93, 5, 22, 36]
x_dimensions = [12, 4, 4, 4, 4, 3, 3, 3, 3, 3, 3, 3, 3, 3, 3, 3, 3, 3, 3]
y_dimensions = [31, 13, 8, 7, 3, 31, 22, 14, 13, 12, 11, 10, 9, 8, 7, 6, 5, 4, 3]
minimum_height = 99
----------
x_coordinates = [5, 24, 21, 8, 27, 11, 21, 15, 18, 28, 12, 25, 28, 25, 27, 27, 27, 22, 14]
y_coordinates = [19, 61, 83, 85, 58, 54, 60, 81, 81, 86, 87, 74, 77, 84, 39, 47, 53, 91, 57]
x_dimensions = [12, 4, 4, 4, 4, 3, 3, 3, 3, 3, 3, 3, 3, 3, 3, 3, 3, 3, 3]
y_dimensions = [31, 13, 8, 7, 3, 31, 22, 14, 13, 12, 11, 10, 9, 8, 7, 6, 5, 4, 3]
minimum_height = 98
----------
x_coordinates = [1, 24, 27, 27, 27, 15, 21, 18, 28, 28, 28, 25, 28, 25, 27, 27, 27, 12, 27]
y_coordinates = [29, 71, 63, 56, 26, 55, 70, 83, 72, 85, 36, 46, 47, 84, 29, 20, 15, 83, 8]
x_dimensions = [12, 4, 4, 4, 4, 3, 3, 3, 3, 3, 3, 3, 3, 3, 3, 3, 3, 3, 3]
y_dimensions = [31, 13, 8, 7, 3, 31, 22, 14, 13, 12, 11, 10, 9, 8, 7, 6, 5, 4, 3]
minimum_height = 97
----------
x_coordinates = [4, 23, 21, 17, 27, 17, 2, 5, 20, 8, 14, 27, 28, 25, 24, 27, 28, 11, 26]
y_coordinates = [32, 72, 87, 88, 79, 57, 74, 72, 74, 78, 78, 63, 87, 86, 60, 73, 82, 86, 41]
x_dimensions = [12, 4, 4, 4, 4, 3, 3, 3, 3, 3, 3, 3, 3, 3, 3, 3, 3, 3, 3]
y_dimensions = [31, 13, 8, 7, 3, 31, 22, 14, 13, 12, 11, 10, 9, 8, 7, 6, 5, 4, 3]
minimum_height = 96
----------
x_coordinates = [0, 24, 21, 20, 8, 18, 2, 12, 21, 15, 9, 28, 28, 25, 6, 28, 15, 28, 5]
y_coordinates = [4, 74, 87, 57, 86, 64, 73, 79, 74, 69, 69, 70, 61, 87, 79, 80, 86, 86, 86]
x_dimensions = [12, 4, 4, 4, 4, 3, 3, 3, 3, 3, 3, 3, 3, 3, 3, 3, 3, 3, 3]
y_dimensions = [31, 13, 8, 7, 3, 31, 22, 14, 13, 12, 11, 10, 9, 8, 7, 6, 5, 4, 3]
minimum_height = 95
----------
x_coordinates = [6, 27, 23, 14, 27, 18, 9, 25, 21, 23, 24, 28, 15, 26, 25, 20, 12, 27, 28]
y_coordinates = [29, 74, 86, 76, 91, 57, 72, 52, 73, 40, 73, 64, 83, 44, 66, 88, 86, 87, 61]
x_dimensions = [12, 4, 4, 4, 4, 3, 3, 3, 3, 3, 3, 3, 3, 3, 3, 3, 3, 3, 3]
y_dimensions = [31, 13, 8, 7, 3, 31, 22, 14, 13, 12, 11, 10, 9, 8, 7, 6, 5, 4, 3]
minimum_height = 94
----------
x_coordinates = [1, 24, 24, 17, 14, 18, 21, 28, 11, 26, 15, 28, 15, 27, 24, 25, 21, 22, 13]
y_coordinates = [29, 74, 53, 50, 81, 61, 60, 79, 80, 41, 70, 69, 84, 61, 67, 87, 83, 89, 48]
x_dimensions = [12, 4, 4, 4, 4, 3, 3, 3, 3, 3, 3, 3, 3, 3, 3, 3, 3, 3, 3]
y_dimensions = [31, 13, 8, 7, 3, 31, 22, 14, 13, 12, 11, 10, 9, 8, 7, 6, 5, 4, 3]
minimum_height = 93
----------
x_coordinates = [9, 27, 24, 21, 17, 28, 14, 25, 24, 26, 25, 28, 25, 26, 20, 21, 28, 25, 26]
y_coordinates = [19, 74, 66, 51, 86, 33, 65, 52, 75, 12, 32, 64, 43, 24, 73, 86, 87, 88, 9]
x_dimensions = [12, 4, 4, 4, 4, 3, 3, 3, 3, 3, 3, 3, 3, 3, 3, 3, 3, 3, 3]
y_dimensions = [31, 13, 8, 7, 3, 31, 22, 14, 13, 12, 11, 10, 9, 8, 7, 6, 5, 4, 3]
minimum_height = 92
----------
x_coordinates = [8, 21, 27, 24, 24, 28, 15, 28, 25, 26, 22, 28, 20, 26, 18, 18, 24, 27, 24]
y_coordinates = [29, 78, 59, 48, 75, 24, 62, 77, 78, 4, 37, 67, 54, 16, 76, 85, 58, 55, 55]
x_dimensions = [12, 4, 4, 4, 4, 3, 3, 3, 3, 3, 3, 3, 3, 3, 3, 3, 3, 3, 3]
y_dimensions = [31, 13, 8, 7, 3, 31, 22, 14, 13, 12, 11, 10, 9, 8, 7, 6, 5, 4, 3]
minimum_height = 91
----------
x_coordinates = [7, 24, 24, 22, 23, 19, 12, 28, 17, 26, 18, 28, 15, 26, 21, 21, 27, 28, 15]
y_coordinates = [27, 75, 65, 53, 61, 35, 63, 76, 77, 36, 66, 66, 59, 49, 75, 84, 57, 62, 74]
x_dimensions = [12, 4, 4, 4, 4, 3, 3, 3, 3, 3, 3, 3, 3, 3, 3, 3, 3, 3, 3]
y_dimensions = [31, 13, 8, 7, 3, 31, 22, 14, 13, 12, 11, 10, 9, 8, 7, 6, 5, 4, 3]
minimum_height = 90
----------
x_coordinates = [9, 24, 24, 15, 27, 23, 12, 28, 18, 27, 20, 28, 19, 26, 15, 21, 22, 28, 21]
y_coordinates = [15, 76, 64, 58, 58, 28, 57, 75, 76, 38, 46, 65, 57, 50, 74, 80, 59, 61, 86]
x_dimensions = [12, 4, 4, 4, 4, 3, 3, 3, 3, 3, 3, 3, 3, 3, 3, 3, 3, 3, 3]
y_dimensions = [31, 13, 8, 7, 3, 31, 22, 14, 13, 12, 11, 10, 9, 8, 7, 6, 5, 4, 3]
minimum_height = 89
----------
x_coordinates = [4, 27, 27, 21, 27, 24, 28, 25, 24, 25, 27, 28, 18, 27, 20, 22, 21, 18, 23]
y_coordinates = [22, 75, 50, 23, 58, 30, 9, 61, 75, 18, 31, 65, 29, 42, 74, 16, 57, 60, 13]
x_dimensions = [12, 4, 4, 4, 4, 3, 3, 3, 3, 3, 3, 3, 3, 3, 3, 3, 3, 3, 3]
y_dimensions = [31, 13, 8, 7, 3, 31, 22, 14, 13, 12, 11, 10, 9, 8, 7, 6, 5, 4, 3]
minimum_height = 88
----------
x_coordinates = [9, 27, 27, 5, 24, 18, 21, 24, 11, 9, 24, 28, 15, 28, 14, 23, 12, 25, 14]
y_coordinates = [24, 74, 48, 51, 56, 55, 55, 63, 74, 55, 45, 64, 55, 56, 73, 81, 55, 59, 84]
x_dimensions = [12, 4, 4, 4, 4, 3, 3, 3, 3, 3, 3, 3, 3, 3, 3, 3, 3, 3, 3]
y_dimensions = [31, 13, 8, 7, 3, 31, 22, 14, 13, 12, 11, 10, 9, 8, 7, 6, 5, 4, 3]
minimum_height = 87
----------
x_coordinates = [9, 27, 23, 19, 15, 6, 12, 9, 3, 0, 15, 18, 24, 21, 0, 28, 3, 15, 9]
y_coordinates = [27, 73, 78, 79, 83, 55, 64, 72, 73, 74, 72, 69, 69, 70, 67, 67, 68, 68, 69]
x_dimensions = [12, 4, 4, 4, 4, 3, 3, 3, 3, 3, 3, 3, 3, 3, 3, 3, 3, 3, 3]
y_dimensions = [31, 13, 8, 7, 3, 31, 22, 14, 13, 12, 11, 10, 9, 8, 7, 6, 5, 4, 3]
minimum_height = 86
----------
x_coordinates = [7, 26, 27, 11, 27, 24, 24, 28, 5, 18, 18, 2, 15, 8, 7, 26, 21, 28, 21]
y_coordinates = [25, 4, 56, 62, 64, 32, 63, 71, 61, 62, 74, 70, 66, 62, 74, 26, 63, 67, 73]
x_dimensions = [12, 4, 4, 4, 4, 3, 3, 3, 3, 3, 3, 3, 3, 3, 3, 3, 3, 3, 3]
y_dimensions = [31, 13, 8, 7, 3, 31, 22, 14, 13, 12, 11, 10, 9, 8, 7, 6, 5, 4, 3]
minimum_height = 85
----------
x_coordinates = [7, 14, 27, 10, 21, 28, 25, 12, 28, 25, 28, 18, 22, 28, 8, 28, 9, 15, 28]
y_coordinates = [25, 56, 20, 57, 68, 28, 58, 69, 4, 46, 59, 69, 57, 70, 77, 78, 65, 69, 17]
x_dimensions = [12, 4, 4, 4, 4, 3, 3, 3, 3, 3, 3, 3, 3, 3, 3, 3, 3, 3, 3]
y_dimensions = [31, 13, 8, 7, 3, 31, 22, 14, 13, 12, 11, 10, 9, 8, 7, 6, 5, 4, 3]
minimum_height = 84
----------
x_coordinates = [9, 18, 24, 27, 21, 22, 25, 17, 28, 27, 28, 15, 24, 28, 28, 28, 13, 19, 28]
y_coordinates = [7, 51, 18, 35, 75, 44, 61, 69, 22, 42, 57, 56, 34, 68, 12, 76, 67, 65, 54]
x_dimensions = [12, 4, 4, 4, 4, 3, 3, 3, 3, 3, 3, 3, 3, 3, 3, 3, 3, 3, 3]
y_dimensions = [31, 13, 8, 7, 3, 31, 22, 14, 13, 12, 11, 10, 9, 8, 7, 6, 5, 4, 3]
minimum_height = 83
----------
x_coordinates = [9, 27, 23, 19, 15, 6, 12, 9, 3, 0, 15, 18, 24, 21, 0, 28, 3, 15, 9]
y_coordinates = [25, 69, 74, 75, 79, 51, 60, 68, 69, 70, 68, 65, 65, 66, 63, 63, 64, 64, 65]
x_dimensions = [12, 4, 4, 4, 4, 3, 3, 3, 3, 3, 3, 3, 3, 3, 3, 3, 3, 3, 3]
y_dimensions = [31, 13, 8, 7, 3, 31, 22, 14, 13, 12, 11, 10, 9, 8, 7, 6, 5, 4, 3]
minimum_height = 82
----------
x_coordinates = [3, 24, 27, 21, 21, 28, 25, 18, 25, 28, 28, 16, 25, 22, 19, 28, 28, 19, 28]
y_coordinates = [6, 46, 13, 31, 63, 33, 59, 56, 0, 21, 64, 71, 28, 73, 74, 75, 5, 70, 10]
x_dimensions = [12, 4, 4, 4, 4, 3, 3, 3, 3, 3, 3, 3, 3, 3, 3, 3, 3, 3, 3]
y_dimensions = [31, 13, 8, 7, 3, 31, 22, 14, 13, 12, 11, 10, 9, 8, 7, 6, 5, 4, 3]
minimum_height = 81
----------
x_coordinates = [6, 23, 18, 18, 24, 17, 27, 26, 28, 25, 25, 28, 22, 20, 28, 28, 25, 27, 26]
y_coordinates = [1, 45, 38, 30, 60, 49, 31, 1, 18, 19, 63, 70, 30, 56, 57, 64, 75, 53, 15]
x_dimensions = [12, 4, 4, 4, 4, 3, 3, 3, 3, 3, 3, 3, 3, 3, 3, 3, 3, 3, 3]
y_dimensions = [31, 13, 8, 7, 3, 31, 22, 14, 13, 12, 11, 10, 9, 8, 7, 6, 5, 4, 3]
minimum_height = 80
----------
x_coordinates = [4, 24, 23, 22, 21, 26, 27, 20, 23, 24, 22, 19, 19, 28, 25, 28, 28, 19, 28]
y_coordinates = [14, 54, 46, 24, 43, 0, 32, 50, 11, 31, 67, 69, 28, 57, 70, 65, 71, 64, 76]
x_dimensions = [12, 4, 4, 4, 4, 3, 3, 3, 3, 3, 3, 3, 3, 3, 3, 3, 3, 3, 3]
y_dimensions = [31, 13, 8, 7, 3, 31, 22, 14, 13, 12, 11, 10, 9, 8, 7, 6, 5, 4, 3]
minimum_height = 79
----------
x_coordinates = [7, 22, 25, 22, 23, 28, 26, 21, 25, 22, 27, 19, 19, 25, 13, 24, 28, 22, 16]
y_coordinates = [23, 9, 1, 23, 75, 31, 9, 51, 41, 30, 67, 66, 28, 59, 71, 69, 62, 65, 74]
x_dimensions = [12, 4, 4, 4, 4, 3, 3, 3, 3, 3, 3, 3, 3, 3, 3, 3, 3, 3, 3]
y_dimensions = [31, 13, 8, 7, 3, 31, 22, 14, 13, 12, 11, 10, 9, 8, 7, 6, 5, 4, 3]
minimum_height = 78
----------
x_coordinates = [9, 23, 25, 21, 15, 23, 26, 21, 28, 28, 28, 20, 25, 25, 22, 11, 28, 19, 19]
y_coordinates = [23, 0, 25, 13, 72, 34, 33, 20, 0, 13, 66, 60, 15, 65, 70, 70, 61, 70, 74]
x_dimensions = [12, 4, 4, 4, 4, 3, 3, 3, 3, 3, 3, 3, 3, 3, 3, 3, 3, 3, 3]
y_dimensions = [31, 13, 8, 7, 3, 31, 22, 14, 13, 12, 11, 10, 9, 8, 7, 6, 5, 4, 3]
minimum_height = 77
----------
x_coordinates = [9, 27, 23, 19, 15, 6, 12, 9, 3, 0, 15, 18, 24, 21, 0, 28, 3, 15, 9]
y_coordinates = [22, 63, 68, 69, 73, 45, 54, 62, 63, 64, 62, 59, 59, 60, 57, 57, 58, 58, 59]
x_dimensions = [12, 4, 4, 4, 4, 3, 3, 3, 3, 3, 3, 3, 3, 3, 3, 3, 3, 3, 3]
y_dimensions = [31, 13, 8, 7, 3, 31, 22, 14, 13, 12, 11, 10, 9, 8, 7, 6, 5, 4, 3]
minimum_height = 76
----------
x_coordinates = [9, 18, 15, 10, 7, 22, 4, 25, 28, 19, 28, 23, 28, 25, 22, 11, 27, 25, 24]
y_coordinates = [8, 50, 63, 58, 65, 37, 53, 48, 23, 63, 64, 27, 55, 67, 68, 65, 36, 62, 24]
x_dimensions = [12, 4, 4, 4, 4, 3, 3, 3, 3, 3, 3, 3, 3, 3, 3, 3, 3, 3, 3]
y_dimensions = [31, 13, 8, 7, 3, 31, 22, 14, 13, 12, 11, 10, 9, 8, 7, 6, 5, 4, 3]
minimum_height = 75
----------
x_coordinates = [6, 21, 3, 17, 4, 25, 8, 11, 26, 28, 14, 26, 1, 28, 22, 19, 27, 28, 24]
y_coordinates = [13, 51, 53, 58, 64, 40, 52, 60, 16, 50, 61, 29, 61, 66, 64, 65, 9, 62, 71]
x_dimensions = [12, 4, 4, 4, 4, 3, 3, 3, 3, 3, 3, 3, 3, 3, 3, 3, 3, 3, 3]
y_dimensions = [31, 13, 8, 7, 3, 31, 22, 14, 13, 12, 11, 10, 9, 8, 7, 6, 5, 4, 3]
minimum_height = 74
----------
x_coordinates = [8, 26, 24, 15, 15, 22, 12, 28, 25, 19, 19, 6, 12, 25, 25, 14, 9, 24, 23]
y_coordinates = [0, 60, 29, 58, 55, 37, 35, 46, 12, 47, 59, 59, 57, 52, 43, 67, 59, 25, 68]
x_dimensions = [12, 4, 4, 4, 4, 3, 3, 3, 3, 3, 3, 3, 3, 3, 3, 3, 3, 3, 3]
y_dimensions = [31, 13, 8, 7, 3, 31, 22, 14, 13, 12, 11, 10, 9, 8, 7, 6, 5, 4, 3]
minimum_height = 73
----------
x_coordinates = [2, 12, 13, 5, 21, 25, 14, 16, 28, 22, 19, 17, 9, 28, 27, 15, 28, 11, 28]
y_coordinates = [4, 57, 49, 62, 53, 41, 27, 58, 41, 56, 60, 48, 55, 55, 34, 21, 63, 38, 68]
x_dimensions = [12, 4, 4, 4, 4, 3, 3, 3, 3, 3, 3, 3, 3, 3, 3, 3, 3, 3, 3]
y_dimensions = [31, 13, 8, 7, 3, 31, 22, 14, 13, 12, 11, 10, 9, 8, 7, 6, 5, 4, 3]
minimum_height = 72
----------
x_coordinates = [3, 12, 23, 27, 16, 26, 15, 19, 24, 28, 25, 20, 9, 27, 28, 16, 6, 25, 28]
y_coordinates = [15, 58, 52, 41, 59, 3, 31, 45, 39, 59, 60, 59, 58, 51, 34, 53, 66, 35, 48]
x_dimensions = [12, 4, 4, 4, 4, 3, 3, 3, 3, 3, 3, 3, 3, 3, 3, 3, 3, 3, 3]
y_dimensions = [31, 13, 8, 7, 3, 31, 22, 14, 13, 12, 11, 10, 9, 8, 7, 6, 5, 4, 3]
minimum_height = 71
----------
x_coordinates = [8, 18, 24, 24, 17, 28, 20, 22, 25, 28, 28, 21, 14, 25, 27, 19, 17, 24, 26]
y_coordinates = [2, 47, 59, 38, 62, 15, 14, 45, 25, 58, 46, 60, 56, 51, 8, 41, 65, 14, 5]
x_dimensions = [12, 4, 4, 4, 4, 3, 3, 3, 3, 3, 3, 3, 3, 3, 3, 3, 3, 3, 3]
y_dimensions = [31, 13, 8, 7, 3, 31, 22, 14, 13, 12, 11, 10, 9, 8, 7, 6, 5, 4, 3]
minimum_height = 70
----------
x_coordinates = [4, 20, 25, 16, 23, 25, 22, 28, 19, 28, 28, 23, 20, 28, 27, 24, 28, 17, 28]
y_coordinates = [8, 44, 39, 38, 5, 8, 18, 47, 24, 7, 25, 59, 6, 61, 0, 53, 20, 6, 36]
x_dimensions = [12, 4, 4, 4, 4, 3, 3, 3, 3, 3, 3, 3, 3, 3, 3, 3, 3, 3, 3]
y_dimensions = [31, 13, 8, 7, 3, 31, 22, 14, 13, 12, 11, 10, 9, 8, 7, 6, 5, 4, 3]
minimum_height = 69
----------
x_coordinates = [9, 21, 27, 15, 25, 28, 24, 28, 25, 20, 18, 21, 22, 25, 28, 25, 22, 27, 23]
y_coordinates = [6, 24, 46, 45, 12, 15, 38, 54, 19, 37, 53, 53, 14, 60, 5, 32, 63, 1, 4]
x_dimensions = [12, 4, 4, 4, 4, 3, 3, 3, 3, 3, 3, 3, 3, 3, 3, 3, 3, 3, 3]
y_dimensions = [31, 13, 8, 7, 3, 31, 22, 14, 13, 12, 11, 10, 9, 8, 7, 6, 5, 4, 3]
minimum_height = 68
----------
x_coordinates = [0, 23, 24, 16, 26, 13, 19, 28, 25, 27, 26, 22, 20, 16, 28, 25, 27, 25, 28]
y_coordinates = [10, 36, 59, 35, 29, 31, 45, 53, 5, 39, 18, 49, 31, 58, 32, 53, 0, 32, 8]
x_dimensions = [12, 4, 4, 4, 4, 3, 3, 3, 3, 3, 3, 3, 3, 3, 3, 3, 3, 3, 3]
y_dimensions = [31, 13, 8, 7, 3, 31, 22, 14, 13, 12, 11, 10, 9, 8, 7, 6, 5, 4, 3]
minimum_height = 67
----------
x_coordinates = [9, 11, 18, 27, 19, 28, 25, 22, 27, 15, 26, 8, 24, 21, 23, 18, 24, 25, 25]
y_coordinates = [0, 42, 54, 28, 40, 35, 41, 52, 15, 51, 4, 51, 25, 44, 34, 48, 19, 0, 63]
x_dimensions = [12, 4, 4, 4, 4, 3, 3, 3, 3, 3, 3, 3, 3, 3, 3, 3, 3, 3, 3]
y_dimensions = [31, 13, 8, 7, 3, 31, 22, 14, 13, 12, 11, 10, 9, 8, 7, 6, 5, 4, 3]
minimum_height = 66
----------
x_coordinates = [6, 21, 24, 24, 21, 21, 18, 24, 25, 28, 28, 24, 28, 27, 25, 26, 21, 15, 28]
y_coordinates = [7, 51, 0, 32, 45, 14, 30, 18, 46, 31, 6, 8, 50, 23, 39, 59, 6, 38, 45]
x_dimensions = [12, 4, 4, 4, 4, 3, 3, 3, 3, 3, 3, 3, 3, 3, 3, 3, 3, 3, 3]
y_dimensions = [31, 13, 8, 7, 3, 31, 22, 14, 13, 12, 11, 10, 9, 8, 7, 6, 5, 4, 3]
minimum_height = 65
----------
x_coordinates = [5, 20, 27, 24, 21, 17, 18, 28, 15, 23, 28, 25, 21, 27, 25, 27, 28, 25, 25]
y_coordinates = [6, 27, 20, 35, 49, 10, 41, 39, 41, 52, 28, 10, 40, 2, 45, 53, 15, 31, 42]
x_dimensions = [12, 4, 4, 4, 4, 3, 3, 3, 3, 3, 3, 3, 3, 3, 3, 3, 3, 3, 3]
y_dimensions = [31, 13, 8, 7, 3, 31, 22, 14, 13, 12, 11, 10, 9, 8, 7, 6, 5, 4, 3]
minimum_height = 64
----------
x_coordinates = [1, 19, 27, 23, 21, 16, 13, 28, 10, 24, 26, 28, 21, 24, 25, 27, 27, 26, 27]
y_coordinates = [10, 27, 20, 37, 48, 32, 34, 38, 43, 51, 4, 28, 51, 27, 44, 55, 15, 0, 52]
x_dimensions = [12, 4, 4, 4, 4, 3, 3, 3, 3, 3, 3, 3, 3, 3, 3, 3, 3, 3, 3]
y_dimensions = [31, 13, 8, 7, 3, 31, 22, 14, 13, 12, 11, 10, 9, 8, 7, 6, 5, 4, 3]
minimum_height = 63
----------
x_coordinates = [1, 20, 23, 24, 26, 17, 14, 28, 24, 26, 11, 27, 25, 23, 28, 27, 28, 11, 27]
y_coordinates = [4, 40, 15, 45, 38, 31, 39, 48, 2, 26, 36, 16, 52, 32, 41, 2, 11, 47, 8]
x_dimensions = [12, 4, 4, 4, 4, 3, 3, 3, 3, 3, 3, 3, 3, 3, 3, 3, 3, 3, 3]
y_dimensions = [31, 13, 8, 7, 3, 31, 22, 14, 13, 12, 11, 10, 9, 8, 7, 6, 5, 4, 3]
minimum_height = 62
----------
x_coordinates = [1, 23, 24, 24, 26, 18, 15, 23, 14, 27, 28, 21, 27, 25, 28, 17, 20, 20, 21]
y_coordinates = [12, 27, 19, 54, 41, 8, 17, 40, 43, 29, 18, 17, 44, 11, 53, 39, 39, 51, 55]
x_dimensions = [12, 4, 4, 4, 4, 3, 3, 3, 3, 3, 3, 3, 3, 3, 3, 3, 3, 3, 3]
y_dimensions = [31, 13, 8, 7, 3, 31, 22, 14, 13, 12, 11, 10, 9, 8, 7, 6, 5, 4, 3]
minimum_height = 61
----------
x_coordinates = [4, 24, 26, 27, 21, 18, 20, 24, 9, 28, 28, 6, 28, 25, 12, 14, 25, 15, 21]
y_coordinates = [12, 28, 11, 44, 57, 27, 5, 41, 47, 32, 21, 50, 51, 20, 52, 43, 55, 54, 50]
x_dimensions = [12, 4, 4, 4, 4, 3, 3, 3, 3, 3, 3, 3, 3, 3, 3, 3, 3, 3, 3]
y_dimensions = [31, 13, 8, 7, 3, 31, 22, 14, 13, 12, 11, 10, 9, 8, 7, 6, 5, 4, 3]
minimum_height = 60
----------
x_coordinates = [2, 21, 27, 27, 21, 18, 8, 28, 14, 25, 2, 24, 18, 5, 12, 11, 25, 15, 24]
y_coordinates = [6, 38, 27, 52, 51, 19, 37, 38, 33, 35, 45, 25, 50, 45, 46, 40, 47, 51, 54]
x_dimensions = [12, 4, 4, 4, 4, 3, 3, 3, 3, 3, 3, 3, 3, 3, 3, 3, 3, 3, 3]
y_dimensions = [31, 13, 8, 7, 3, 31, 22, 14, 13, 12, 11, 10, 9, 8, 7, 6, 5, 4, 3]
minimum_height = 59
----------
x_coordinates = [5, 26, 26, 4, 27, 20, 17, 24, 14, 28, 8, 21, 18, 25, 12, 11, 28, 15, 27]
y_coordinates = [2, 14, 27, 51, 52, 17, 25, 44, 33, 35, 43, 48, 49, 36, 46, 40, 47, 51, 55]
x_dimensions = [12, 4, 4, 4, 4, 3, 3, 3, 3, 3, 3, 3, 3, 3, 3, 3, 3, 3, 3]
y_dimensions = [31, 13, 8, 7, 3, 31, 22, 14, 13, 12, 11, 10, 9, 8, 7, 6, 5, 4, 3]
minimum_height = 58
----------
x_coordinates = [1, 26, 25, 26, 27, 18, 15, 24, 14, 28, 23, 21, 18, 9, 12, 14, 28, 23, 15]
y_coordinates = [10, 24, 8, 17, 54, 17, 31, 43, 18, 37, 23, 47, 48, 47, 48, 12, 49, 17, 53]
x_dimensions = [12, 4, 4, 4, 4, 3, 3, 3, 3, 3, 3, 3, 3, 3, 3, 3, 3, 3, 3]
y_dimensions = [31, 13, 8, 7, 3, 31, 22, 14, 13, 12, 11, 10, 9, 8, 7, 6, 5, 4, 3]
minimum_height = 57
----------
x_coordinates = [0, 27, 10, 26, 27, 24, 21, 24, 18, 28, 28, 21, 17, 14, 18, 20, 27, 25, 20]
y_coordinates = [12, 12, 47, 0, 53, 7, 24, 42, 6, 36, 25, 14, 47, 47, 39, 46, 48, 38, 52]
x_dimensions = [12, 4, 4, 4, 4, 3, 3, 3, 3, 3, 3, 3, 3, 3, 3, 3, 3, 3, 3]
y_dimensions = [31, 13, 8, 7, 3, 31, 22, 14, 13, 12, 11, 10, 9, 8, 7, 6, 5, 4, 3]
minimum_height = 56
----------
x_coordinates = [0, 26, 11, 26, 27, 23, 19, 24, 13, 28, 17, 26, 18, 15, 21, 20, 25, 26, 21]
y_coordinates = [9, 2, 40, 19, 52, 5, 13, 41, 25, 40, 35, 26, 46, 47, 45, 35, 36, 15, 52]
x_dimensions = [12, 4, 4, 4, 4, 3, 3, 3, 3, 3, 3, 3, 3, 3, 3, 3, 3, 3, 3]
y_dimensions = [31, 13, 8, 7, 3, 31, 22, 14, 13, 12, 11, 10, 9, 8, 7, 6, 5, 4, 3]
minimum_height = 55
----------
x_coordinates = [0, 24, 24, 17, 24, 28, 17, 25, 12, 28, 21, 24, 20, 15, 22, 22, 27, 28, 18]
y_coordinates = [11, 1, 24, 27, 32, 5, 4, 35, 31, 36, 24, 14, 4, 34, 47, 35, 49, 1, 34]
x_dimensions = [12, 4, 4, 4, 4, 3, 3, 3, 3, 3, 3, 3, 3, 3, 3, 3, 3, 3, 3]
y_dimensions = [31, 13, 8, 7, 3, 31, 22, 14, 13, 12, 11, 10, 9, 8, 7, 6, 5, 4, 3]
minimum_height = 54
----------
x_coordinates = [1, 17, 20, 26, 27, 24, 21, 28, 19, 27, 22, 15, 18, 12, 24, 21, 25, 28, 21]
y_coordinates = [9, 27, 13, 3, 50, 15, 21, 14, 0, 38, 2, 42, 44, 45, 46, 43, 10, 10, 49]
x_dimensions = [12, 4, 4, 4, 4, 3, 3, 3, 3, 3, 3, 3, 3, 3, 3, 3, 3, 3, 3]
y_dimensions = [31, 13, 8, 7, 3, 31, 22, 14, 13, 12, 11, 10, 9, 8, 7, 6, 5, 4, 3]
minimum_height = 53
----------
x_coordinates = [2, 18, 22, 26, 27, 24, 14, 27, 15, 28, 19, 18, 20, 17, 27, 21, 25, 28, 21]
y_coordinates = [10, 12, 5, 5, 26, 16, 24, 12, 10, 36, 1, 25, 43, 44, 29, 34, 47, 48, 25]
x_dimensions = [12, 4, 4, 4, 4, 3, 3, 3, 3, 3, 3, 3, 3, 3, 3, 3, 3, 3, 3]
y_dimensions = [31, 13, 8, 7, 3, 31, 22, 14, 13, 12, 11, 10, 9, 8, 7, 6, 5, 4, 3]
minimum_height = 52
----------
x_coordinates = [2, 20, 20, 27, 27, 24, 17, 27, 14, 14, 17, 21, 18, 28, 24, 21, 25, 28, 16]
y_coordinates = [8, 10, 33, 2, 9, 11, 10, 22, 8, 39, 40, 23, 1, 43, 4, 41, 42, 39, 32]
x_dimensions = [12, 4, 4, 4, 4, 3, 3, 3, 3, 3, 3, 3, 3, 3, 3, 3, 3, 3, 3]
y_dimensions = [31, 13, 8, 7, 3, 31, 22, 14, 13, 12, 11, 10, 9, 8, 7, 6, 5, 4, 3]
minimum_height = 51
----------
x_coordinates = [1, 20, 20, 27, 21, 24, 17, 27, 13, 14, 17, 27, 21, 28, 11, 24, 27, 25, 23]
y_coordinates = [8, 23, 39, 6, 47, 5, 17, 18, 12, 38, 39, 32, 12, 42, 43, 40, 13, 46, 36]
x_dimensions = [12, 4, 4, 4, 4, 3, 3, 3, 3, 3, 3, 3, 3, 3, 3, 3, 3, 3, 3]
y_dimensions = [31, 13, 8, 7, 3, 31, 22, 14, 13, 12, 11, 10, 9, 8, 7, 6, 5, 4, 3]
minimum_height = 50
----------
x_coordinates = [6, 21, 20, 2, 27, 25, 18, 22, 28, 5, 18, 22, 26, 28, 2, 24, 28, 28, 3]
y_coordinates = [4, 4, 41, 11, 46, 12, 16, 17, 14, 37, 4, 31, 3, 38, 42, 43, 27, 34, 30]
x_dimensions = [12, 4, 4, 4, 4, 3, 3, 3, 3, 3, 3, 3, 3, 3, 3, 3, 3, 3, 3]
y_dimensions = [31, 13, 8, 7, 3, 31, 22, 14, 13, 12, 11, 10, 9, 8, 7, 6, 5, 4, 3]
minimum_height = 49
----------
x_coordinates = [7, 24, 21, 15, 27, 25, 19, 28, 0, 12, 3, 28, 22, 9, 6, 21, 28, 28, 22]
y_coordinates = [0, 32, 10, 31, 45, 1, 18, 17, 30, 36, 30, 31, 1, 39, 40, 40, 9, 41, 29]
x_dimensions = [12, 4, 4, 4, 4, 3, 3, 3, 3, 3, 3, 3, 3, 3, 3, 3, 3, 3, 3]
y_dimensions = [31, 13, 8, 7, 3, 31, 22, 14, 13, 12, 11, 10, 9, 8, 7, 6, 5, 4, 3]
minimum_height = 48
----------
x_coordinates = [5, 20, 23, 16, 24, 25, 17, 28, 4, 10, 1, 28, 22, 13, 7, 22, 28, 28, 14]
y_coordinates = [0, 34, 3, 40, 42, 11, 18, 19, 31, 35, 34, 33, 18, 39, 40, 28, 14, 43, 32]
x_dimensions = [12, 4, 4, 4, 4, 3, 3, 3, 3, 3, 3, 3, 3, 3, 3, 3, 3, 3, 3]
y_dimensions = [31, 13, 8, 7, 3, 31, 22, 14, 13, 12, 11, 10, 9, 8, 7, 6, 5, 4, 3]
minimum_height = 47
----------
x_coordinates = [5, 20, 22, 16, 27, 28, 17, 25, 1, 10, 13, 24, 19, 7, 4, 21, 26, 24, 14]
y_coordinates = [0, 27, 8, 39, 41, 10, 17, 18, 31, 33, 35, 32, 7, 38, 39, 40, 4, 42, 31]
x_dimensions = [12, 4, 4, 4, 4, 3, 3, 3, 3, 3, 3, 3, 3, 3, 3, 3, 3, 3, 3]
y_dimensions = [31, 13, 8, 7, 3, 31, 22, 14, 13, 12, 11, 10, 9, 8, 7, 6, 5, 4, 3]
minimum_height = 46
----------
x_coordinates = [4, 20, 23, 16, 26, 27, 17, 24, 5, 11, 2, 24, 19, 22, 8, 25, 28, 27, 14]
y_coordinates = [1, 32, 13, 12, 7, 10, 23, 21, 32, 33, 34, 35, 3, 5, 36, 1, 2, 41, 34]
x_dimensions = [12, 4, 4, 4, 4, 3, 3, 3, 3, 3, 3, 3, 3, 3, 3, 3, 3, 3, 3]
y_dimensions = [31, 13, 8, 7, 3, 31, 22, 14, 13, 12, 11, 10, 9, 8, 7, 6, 5, 4, 3]
minimum_height = 45
----------
x_coordinates = [4, 20, 23, 16, 26, 27, 17, 24, 5, 11, 20, 24, 17, 22, 8, 25, 28, 27, 14]
y_coordinates = [0, 31, 9, 15, 6, 9, 22, 20, 31, 32, 8, 34, 1, 0, 35, 0, 1, 40, 33]
x_dimensions = [12, 4, 4, 4, 4, 3, 3, 3, 3, 3, 3, 3, 3, 3, 3, 3, 3, 3, 3]
y_dimensions = [31, 13, 8, 7, 3, 31, 22, 14, 13, 12, 11, 10, 9, 8, 7, 6, 5, 4, 3]
minimum_height = 44
----------
x_coordinates = [4, 20, 22, 16, 27, 28, 17, 24, 0, 11, 3, 24, 1, 22, 8, 25, 26, 27, 14]
y_coordinates = [0, 30, 3, 11, 36, 5, 18, 19, 29, 31, 32, 33, 17, 11, 34, 13, 0, 39, 32]
x_dimensions = [12, 4, 4, 4, 4, 3, 3, 3, 3, 3, 3, 3, 3, 3, 3, 3, 3, 3, 3]
y_dimensions = [31, 13, 8, 7, 3, 31, 22, 14, 13, 12, 11, 10, 9, 8, 7, 6, 5, 4, 3]
minimum_height = 43
----------
x_coordinates = [1, 20, 23, 15, 27, 28, 17, 24, 21, 13, 19, 24, 16, 22, 12, 25, 9, 27, 14]
y_coordinates = [3, 29, 0, 13, 35, 4, 20, 18, 16, 1, 4, 32, 4, 8, 34, 12, 34, 38, 31]
x_dimensions = [12, 4, 4, 4, 4, 3, 3, 3, 3, 3, 3, 3, 3, 3, 3, 3, 3, 3, 3]
y_dimensions = [31, 13, 8, 7, 3, 31, 22, 14, 13, 12, 11, 10, 9, 8, 7, 6, 5, 4, 3]
minimum_height = 42
----------
x_coordinates = [0, 21, 24, 17, 27, 28, 18, 25, 21, 15, 12, 24, 18, 21, 12, 25, 9, 27, 15]
y_coordinates = [4, 15, 2, 12, 33, 2, 19, 17, 28, 29, 23, 31, 3, 7, 34, 10, 35, 37, 26]
x_dimensions = [12, 4, 4, 4, 4, 3, 3, 3, 3, 3, 3, 3, 3, 3, 3, 3, 3, 3, 3]
y_dimensions = [31, 13, 8, 7, 3, 31, 22, 14, 13, 12, 11, 10, 9, 8, 7, 6, 5, 4, 3]
minimum_height = 41
----------
x_coordinates = [0, 21, 24, 17, 27, 28, 18, 12, 12, 15, 21, 25, 20, 24, 17, 25, 28, 25, 15]
y_coordinates = [1, 21, 0, 11, 32, 1, 18, 22, 9, 28, 10, 16, 1, 8, 4, 26, 35, 35, 20]
x_dimensions = [12, 4, 4, 4, 4, 3, 3, 3, 3, 3, 3, 3, 3, 3, 3, 3, 3, 3, 3]
y_dimensions = [31, 13, 8, 7, 3, 31, 22, 14, 13, 12, 11, 10, 9, 8, 7, 6, 5, 4, 3]
minimum_height = 40
----------
x_coordinates = [8, 24, 27, 17, 27, 1, 23, 5, 21, 20, 5, 28, 5, 28, 20, 28, 5, 28, 14]
y_coordinates = [1, 24, 13, 32, 6, 5, 2, 25, 26, 7, 14, 29, 0, 21, 19, 0, 9, 9, 34]
x_dimensions = [12, 4, 4, 4, 4, 3, 3, 3, 3, 3, 3, 3, 3, 3, 3, 3, 3, 3, 3]
y_dimensions = [31, 13, 8, 7, 3, 31, 22, 14, 13, 12, 11, 10, 9, 8, 7, 6, 5, 4, 3]
minimum_height = 39
----------
x_coordinates = [9, 27, 5, 1, 17, 24, 21, 0, 6, 3, 28, 3, 6, 0, 21, 28, 21, 14, 11]
y_coordinates = [3, 25, 30, 31, 35, 7, 16, 17, 17, 18, 14, 8, 8, 9, 9, 8, 4, 34, 35]
x_dimensions = [12, 4, 4, 4, 4, 3, 3, 3, 3, 3, 3, 3, 3, 3, 3, 3, 3, 3, 3]
y_dimensions = [31, 13, 8, 7, 3, 31, 22, 14, 13, 12, 11, 10, 9, 8, 7, 6, 5, 4, 3]
minimum_height = 38
----------
x_coordinates = [6, 24, 27, 27, 2, 3, 24, 18, 21, 21, 18, 28, 18, 28, 21, 0, 0, 28, 15]
y_coordinates = [1, 24, 8, 16, 34, 3, 2, 3, 17, 5, 17, 27, 28, 0, 30, 7, 23, 23, 33]
x_dimensions = [12, 4, 4, 4, 4, 3, 3, 3, 3, 3, 3, 3, 3, 3, 3, 3, 3, 3, 3]
y_dimensions = [31, 13, 8, 7, 3, 31, 22, 14, 13, 12, 11, 10, 9, 8, 7, 6, 5, 4, 3]
minimum_height = 37
----------
x_coordinates = [6, 20, 24, 20, 16, 0, 24, 3, 28, 21, 3, 28, 3, 18, 28, 25, 18, 27, 0]
y_coordinates = [2, 2, 28, 29, 33, 5, 6, 0, 16, 17, 14, 2, 27, 15, 29, 0, 24, 12, 2]
x_dimensions = [12, 4, 4, 4, 4, 3, 3, 3, 3, 3, 3, 3, 3, 3, 3, 3, 3, 3, 3]
y_dimensions = [31, 13, 8, 7, 3, 31, 22, 14, 13, 12, 11, 10, 9, 8, 7, 6, 5, 4, 3]
minimum_height = 36
----------
x_coordinates = [9, 27, 5, 27, 2, 24, 21, 6, 0, 0, 3, 21, 6, 3, 28, 0, 3, 28, 28]
y_coordinates = [2, 11, 13, 28, 32, 4, 13, 21, 19, 7, 21, 3, 4, 5, 4, 1, 0, 24, 1]
x_dimensions = [12, 4, 4, 4, 4, 3, 3, 3, 3, 3, 3, 3, 3, 3, 3, 3, 3, 3, 3]
y_dimensions = [31, 13, 8, 7, 3, 31, 22, 14, 13, 12, 11, 10, 9, 8, 7, 6, 5, 4, 3]
minimum_height = 35
----------
x_coordinates = [9, 21, 26, 22, 5, 6, 0, 21, 3, 25, 27, 0, 28, 24, 3, 3, 24, 28, 3]
y_coordinates = [1, 21, 0, 0, 31, 0, 2, 7, 18, 22, 8, 24, 19, 13, 2, 12, 8, 30, 9]
x_dimensions = [12, 4, 4, 4, 4, 3, 3, 3, 3, 3, 3, 3, 3, 3, 3, 3, 3, 3, 3]
y_dimensions = [31, 13, 8, 7, 3, 31, 22, 14, 13, 12, 11, 10, 9, 8, 7, 6, 5, 4, 3]
minimum_height = 34
----------
x_coordinates = [0, 27, 27, 14, 27, 18, 12, 24, 24, 21, 15, 15, 28, 21, 21, 21, 25, 15, 12]
y_coordinates = [0, 20, 0, 26, 8, 2, 4, 19, 0, 21, 14, 4, 11, 0, 8, 15, 13, 0, 1]
x_dimensions = [12, 4, 4, 4, 4, 3, 3, 3, 3, 3, 3, 3, 3, 3, 3, 3, 3, 3, 3]
y_dimensions = [31, 13, 8, 7, 3, 31, 22, 14, 13, 12, 11, 10, 9, 8, 7, 6, 5, 4, 3]
minimum_height = 33
----------
x_coordinates = [0, 18, 12, 18, 27, 22, 15, 25, 28, 28, 19, 12, 12, 25, 16, 25, 12, 28, 16]
y_coordinates = [0, 8, 24, 1, 0, 1, 0, 10, 15, 3, 21, 9, 0, 24, 22, 4, 19, 28, 29]
x_dimensions = [12, 4, 4, 4, 4, 3, 3, 3, 3, 3, 3, 3, 3, 3, 3, 3, 3, 3, 3]
y_dimensions = [31, 13, 8, 7, 3, 31, 22, 14, 13, 12, 11, 10, 9, 8, 7, 6, 5, 4, 3]
minimum_height = 32
----------
x_coordinates = [0, 21, 21, 21, 24, 15, 25, 28, 18, 28, 12, 18, 12, 18, 12, 25, 28, 12, 21]
y_coordinates = [0, 8, 0, 21, 28, 0, 0, 17, 18, 5, 13, 0, 4, 10, 24, 22, 0, 0, 28]
x_dimensions = [12, 4, 4, 4, 4, 3, 3, 3, 3, 3, 3, 3, 3, 3, 3, 3, 3, 3, 3]
y_dimensions = [31, 13, 8, 7, 3, 31, 22, 14, 13, 12, 11, 10, 9, 8, 7, 6, 5, 4, 3]
minimum_height = 31
----------
==========
%%%mzn-stat: nodes=14262
%%%mzn-stat: failures=2245
%%%mzn-stat: restarts=157
%%%mzn-stat: variables=6541
%%%mzn-stat: intVars=92
%%%mzn-stat: boolVariables=6447
%%%mzn-stat: propagators=1539
%%%mzn-stat: propagations=1603951
%%%mzn-stat: peakDepth=137
%%%mzn-stat: nogoods=2245
%%%mzn-stat: backjumps=1793
%%%mzn-stat: peakMem=0.00
%%%mzn-stat: time=0.465
%%%mzn-stat: initTime=0.020
%%%mzn-stat: solveTime=0.445
%%%mzn-stat: objective=31
%%%mzn-stat: optTime=0.445
%%%mzn-stat: baseMem=0.00
%%%mzn-stat: trailMem=0.02
%%%mzn-stat: randomSeed=1657196236
