x_coordinates = [12, 13, 23, 26, 18, 28, 24, 27, 32, 28, 33, 30, 26, 27, 33, 30, 32, 31, 31, 31, 29, 20, 17]
y_coordinates = [5, 63, 51, 65, 63, 42, 40, 5, 28, 18, 71, 71, 82, 70, 9, 8, 87, 20, 64, 0, 86, 41, 87]
x_dimensions = [12, 5, 5, 5, 5, 4, 4, 4, 3, 3, 3, 3, 3, 3, 3, 3, 3, 3, 3, 3, 3, 3, 3]
y_dimensions = [36, 15, 14, 4, 3, 22, 11, 3, 36, 24, 16, 15, 14, 12, 11, 10, 9, 8, 7, 6, 5, 4, 3]
minimum_height = 96
----------
x_coordinates = [11, 9, 19, 24, 14, 29, 25, 32, 33, 30, 23, 31, 28, 30, 25, 31, 33, 33, 26, 32, 23, 29, 24]
y_coordinates = [19, 56, 58, 70, 68, 54, 48, 77, 33, 30, 75, 80, 81, 8, 59, 20, 11, 69, 74, 2, 29, 76, 92]
x_dimensions = [12, 5, 5, 5, 5, 4, 4, 4, 3, 3, 3, 3, 3, 3, 3, 3, 3, 3, 3, 3, 3, 3, 3]
y_dimensions = [36, 15, 14, 4, 3, 22, 11, 3, 36, 24, 16, 15, 14, 12, 11, 10, 9, 8, 7, 6, 5, 4, 3]
minimum_height = 95
----------
x_coordinates = [7, 8, 3, 25, 25, 29, 26, 21, 33, 30, 22, 16, 33, 32, 30, 32, 33, 13, 19, 33, 33, 26, 30]
y_coordinates = [25, 77, 77, 90, 54, 57, 79, 75, 42, 31, 78, 77, 78, 9, 83, 21, 0, 77, 78, 36, 31, 75, 80]
x_dimensions = [12, 5, 5, 5, 5, 4, 4, 4, 3, 3, 3, 3, 3, 3, 3, 3, 3, 3, 3, 3, 3, 3, 3]
y_dimensions = [36, 15, 14, 4, 3, 22, 11, 3, 36, 24, 16, 15, 14, 12, 11, 10, 9, 8, 7, 6, 5, 4, 3]
minimum_height = 94
----------
x_coordinates = [11, 1, 1, 12, 12, 32, 26, 28, 6, 30, 20, 25, 17, 30, 33, 32, 33, 33, 23, 9, 14, 27, 3]
y_coordinates = [26, 78, 64, 77, 90, 59, 80, 77, 48, 25, 76, 64, 79, 81, 82, 49, 20, 41, 79, 78, 83, 48, 54]
x_dimensions = [12, 5, 5, 5, 5, 4, 4, 4, 3, 3, 3, 3, 3, 3, 3, 3, 3, 3, 3, 3, 3, 3, 3]
y_dimensions = [36, 15, 14, 4, 3, 22, 11, 3, 36, 24, 16, 15, 14, 12, 11, 10, 9, 8, 7, 6, 5, 4, 3]
minimum_height = 93
----------
x_coordinates = [8, 9, 18, 14, 19, 32, 27, 31, 0, 3, 24, 29, 23, 33, 6, 3, 33, 6, 31, 18, 16, 31, 20]
y_coordinates = [24, 76, 63, 83, 86, 59, 81, 88, 54, 54, 76, 66, 54, 43, 80, 79, 34, 72, 81, 77, 87, 55, 57]
x_dimensions = [12, 5, 5, 5, 5, 4, 4, 4, 3, 3, 3, 3, 3, 3, 3, 3, 3, 3, 3, 3, 3, 3, 3]
y_dimensions = [36, 15, 14, 4, 3, 22, 11, 3, 36, 24, 16, 15, 14, 12, 11, 10, 9, 8, 7, 6, 5, 4, 3]
minimum_height = 92
----------
x_coordinates = [6, 28, 20, 19, 28, 13, 29, 21, 33, 27, 25, 17, 18, 32, 33, 25, 33, 25, 33, 33, 21, 19, 10]
y_coordinates = [24, 62, 65, 61, 59, 60, 77, 58, 31, 26, 50, 75, 47, 19, 67, 66, 9, 76, 84, 78, 81, 43, 78]
x_dimensions = [12, 5, 5, 5, 5, 4, 4, 4, 3, 3, 3, 3, 3, 3, 3, 3, 3, 3, 3, 3, 3, 3, 3]
y_dimensions = [36, 15, 14, 4, 3, 22, 11, 3, 36, 24, 16, 15, 14, 12, 11, 10, 9, 8, 7, 6, 5, 4, 3]
minimum_height = 91
----------
x_coordinates = [6, 31, 20, 20, 25, 24, 30, 21, 30, 25, 28, 29, 27, 33, 30, 25, 33, 27, 33, 32, 23, 26, 32]
y_coordinates = [10, 24, 27, 3, 1, 63, 0, 0, 39, 4, 22, 75, 46, 12, 11, 28, 69, 38, 45, 84, 85, 86, 78]
x_dimensions = [12, 5, 5, 5, 5, 4, 4, 4, 3, 3, 3, 3, 3, 3, 3, 3, 3, 3, 3, 3, 3, 3, 3]
y_dimensions = [36, 15, 14, 4, 3, 22, 11, 3, 36, 24, 16, 15, 14, 12, 11, 10, 9, 8, 7, 6, 5, 4, 3]
minimum_height = 90
----------
x_coordinates = [6, 31, 19, 18, 25, 15, 30, 29, 32, 29, 28, 25, 18, 33, 24, 25, 30, 27, 25, 23, 33, 27, 22]
y_coordinates = [19, 67, 66, 24, 27, 62, 20, 17, 31, 39, 63, 53, 29, 3, 78, 68, 6, 79, 30, 19, 15, 23, 28]
x_dimensions = [12, 5, 5, 5, 5, 4, 4, 4, 3, 3, 3, 3, 3, 3, 3, 3, 3, 3, 3, 3, 3, 3, 3]
y_dimensions = [36, 15, 14, 4, 3, 22, 11, 3, 36, 24, 16, 15, 14, 12, 11, 10, 9, 8, 7, 6, 5, 4, 3]
minimum_height = 89
----------
x_coordinates = [3, 31, 20, 15, 20, 16, 28, 32, 29, 25, 28, 10, 19, 33, 13, 25, 33, 25, 25, 26, 28, 31, 2]
y_coordinates = [2, 69, 68, 33, 31, 66, 22, 32, 33, 46, 69, 69, 40, 20, 77, 70, 60, 80, 29, 36, 17, 84, 80]
x_dimensions = [12, 5, 5, 5, 5, 4, 4, 4, 3, 3, 3, 3, 3, 3, 3, 3, 3, 3, 3, 3, 3, 3, 3]
y_dimensions = [36, 15, 14, 4, 3, 22, 11, 3, 36, 24, 16, 15, 14, 12, 11, 10, 9, 8, 7, 6, 5, 4, 3]
minimum_height = 88
----------
x_coordinates = [11, 19, 14, 15, 5, 10, 31, 20, 24, 31, 33, 26, 18, 31, 29, 32, 33, 30, 27, 28, 30, 28, 28]
y_coordinates = [2, 68, 70, 59, 58, 60, 50, 60, 36, 17, 71, 72, 45, 4, 68, 61, 41, 79, 48, 56, 45, 62, 34]
x_dimensions = [12, 5, 5, 5, 5, 4, 4, 4, 3, 3, 3, 3, 3, 3, 3, 3, 3, 3, 3, 3, 3, 3, 3]
y_dimensions = [36, 15, 14, 4, 3, 22, 11, 3, 36, 24, 16, 15, 14, 12, 11, 10, 9, 8, 7, 6, 5, 4, 3]
minimum_height = 87
----------
x_coordinates = [10, 28, 20, 15, 20, 16, 28, 32, 25, 31, 29, 10, 17, 22, 13, 33, 33, 31, 33, 32, 30, 33, 29]
y_coordinates = [6, 71, 68, 56, 54, 62, 44, 54, 41, 10, 55, 71, 42, 33, 70, 70, 34, 2, 43, 64, 39, 82, 35]
x_dimensions = [12, 5, 5, 5, 5, 4, 4, 4, 3, 3, 3, 3, 3, 3, 3, 3, 3, 3, 3, 3, 3, 3, 3]
y_dimensions = [36, 15, 14, 4, 3, 22, 11, 3, 36, 24, 16, 15, 14, 12, 11, 10, 9, 8, 7, 6, 5, 4, 3]
minimum_height = 86
----------
x_coordinates = [8, 31, 22, 21, 31, 18, 29, 30, 29, 26, 30, 12, 33, 32, 15, 27, 33, 28, 26, 33, 15, 33, 33]
y_coordinates = [15, 0, 70, 54, 52, 60, 58, 55, 16, 26, 69, 70, 61, 15, 74, 74, 43, 8, 54, 79, 60, 75, 58]
x_dimensions = [12, 5, 5, 5, 5, 4, 4, 4, 3, 3, 3, 3, 3, 3, 3, 3, 3, 3, 3, 3, 3, 3, 3]
y_dimensions = [36, 15, 14, 4, 3, 22, 11, 3, 36, 24, 16, 15, 14, 12, 11, 10, 9, 8, 7, 6, 5, 4, 3]
minimum_height = 85
----------
x_coordinates = [3, 31, 11, 16, 21, 4, 29, 32, 30, 27, 29, 8, 33, 33, 20, 26, 33, 28, 18, 33, 25, 32, 33]
y_coordinates = [14, 6, 70, 74, 72, 62, 57, 73, 21, 20, 68, 67, 59, 38, 19, 72, 50, 12, 67, 0, 67, 80, 77]
x_dimensions = [12, 5, 5, 5, 5, 4, 4, 4, 3, 3, 3, 3, 3, 3, 3, 3, 3, 3, 3, 3, 3, 3, 3]
y_dimensions = [36, 15, 14, 4, 3, 22, 11, 3, 36, 24, 16, 15, 14, 12, 11, 10, 9, 8, 7, 6, 5, 4, 3]
minimum_height = 84
----------
x_coordinates = [4, 31, 24, 27, 25, 16, 32, 28, 30, 25, 33, 13, 29, 33, 20, 23, 33, 25, 20, 33, 26, 31, 19]
y_coordinates = [22, 11, 57, 76, 54, 61, 72, 80, 26, 25, 56, 67, 62, 35, 64, 71, 47, 17, 75, 28, 71, 7, 46]
x_dimensions = [12, 5, 5, 5, 5, 4, 4, 4, 3, 3, 3, 3, 3, 3, 3, 3, 3, 3, 3, 3, 3, 3, 3]
y_dimensions = [36, 15, 14, 4, 3, 22, 11, 3, 36, 24, 16, 15, 14, 12, 11, 10, 9, 8, 7, 6, 5, 4, 3]
minimum_height = 83
----------
x_coordinates = [2, 31, 21, 27, 23, 6, 32, 28, 15, 26, 29, 12, 21, 31, 18, 24, 33, 26, 18, 33, 33, 31, 21]
y_coordinates = [21, 41, 51, 72, 65, 60, 71, 76, 46, 31, 56, 64, 68, 23, 54, 71, 57, 55, 70, 35, 66, 18, 29]
x_dimensions = [12, 5, 5, 5, 5, 4, 4, 4, 3, 3, 3, 3, 3, 3, 3, 3, 3, 3, 3, 3, 3, 3, 3]
y_dimensions = [36, 15, 14, 4, 3, 22, 11, 3, 36, 24, 16, 15, 14, 12, 11, 10, 9, 8, 7, 6, 5, 4, 3]
minimum_height = 82
----------
x_coordinates = [10, 28, 6, 27, 13, 10, 32, 14, 18, 25, 29, 3, 11, 33, 22, 24, 33, 25, 21, 33, 31, 33, 3]
y_coordinates = [1, 46, 59, 77, 59, 37, 70, 76, 45, 36, 61, 66, 65, 29, 58, 71, 47, 60, 74, 60, 41, 56, 61]
x_dimensions = [12, 5, 5, 5, 5, 4, 4, 4, 3, 3, 3, 3, 3, 3, 3, 3, 3, 3, 3, 3, 3, 3, 3]
y_dimensions = [36, 15, 14, 4, 3, 22, 11, 3, 36, 24, 16, 15, 14, 12, 11, 10, 9, 8, 7, 6, 5, 4, 3]
minimum_height = 81
----------
x_coordinates = [6, 31, 31, 31, 25, 27, 29, 24, 19, 22, 13, 33, 28, 23, 25, 33, 23, 10, 21, 16, 33, 32, 18]
y_coordinates = [15, 47, 62, 43, 63, 41, 27, 77, 37, 49, 61, 28, 66, 17, 66, 9, 40, 61, 73, 61, 23, 76, 32]
x_dimensions = [12, 5, 5, 5, 5, 4, 4, 4, 3, 3, 3, 3, 3, 3, 3, 3, 3, 3, 3, 3, 3, 3, 3]
y_dimensions = [36, 15, 14, 4, 3, 22, 11, 3, 36, 24, 16, 15, 14, 12, 11, 10, 9, 8, 7, 6, 5, 4, 3]
minimum_height = 80
----------
x_coordinates = [1, 22, 26, 27, 31, 29, 9, 32, 19, 13, 30, 32, 33, 29, 26, 32, 33, 33, 33, 16, 30, 27, 23]
y_coordinates = [15, 50, 65, 61, 76, 33, 52, 60, 41, 38, 17, 1, 39, 5, 32, 63, 16, 31, 53, 59, 55, 57, 66]
x_dimensions = [12, 5, 5, 5, 5, 4, 4, 4, 3, 3, 3, 3, 3, 3, 3, 3, 3, 3, 3, 3, 3, 3, 3]
y_dimensions = [36, 15, 14, 4, 3, 22, 11, 3, 36, 24, 16, 15, 14, 12, 11, 10, 9, 8, 7, 6, 5, 4, 3]
minimum_height = 79
----------
x_coordinates = [11, 30, 31, 31, 6, 29, 24, 20, 23, 14, 28, 17, 11, 33, 20, 28, 33, 32, 29, 33, 21, 30, 27]
y_coordinates = [10, 15, 60, 74, 73, 30, 65, 73, 29, 50, 52, 62, 64, 39, 56, 68, 51, 6, 8, 0, 67, 2, 19]
x_dimensions = [12, 5, 5, 5, 5, 4, 4, 4, 3, 3, 3, 3, 3, 3, 3, 3, 3, 3, 3, 3, 3, 3, 3]
y_dimensions = [36, 15, 14, 4, 3, 22, 11, 3, 36, 24, 16, 15, 14, 12, 11, 10, 9, 8, 7, 6, 5, 4, 3]
minimum_height = 78
----------
x_coordinates = [1, 29, 21, 14, 31, 32, 25, 29, 29, 13, 22, 25, 11, 21, 27, 19, 19, 32, 33, 33, 22, 15, 18]
y_coordinates = [10, 16, 30, 71, 67, 43, 66, 74, 31, 39, 56, 51, 63, 44, 5, 65, 56, 8, 70, 2, 72, 67, 30]
x_dimensions = [12, 5, 5, 5, 5, 4, 4, 4, 3, 3, 3, 3, 3, 3, 3, 3, 3, 3, 3, 3, 3, 3, 3]
y_dimensions = [36, 15, 14, 4, 3, 22, 11, 3, 36, 24, 16, 15, 14, 12, 11, 10, 9, 8, 7, 6, 5, 4, 3]
minimum_height = 77
----------
x_coordinates = [7, 3, 24, 20, 7, 8, 32, 32, 30, 12, 29, 18, 33, 0, 21, 33, 0, 33, 15, 33, 12, 33, 7]
y_coordinates = [4, 53, 58, 72, 68, 45, 65, 62, 24, 40, 60, 57, 34, 49, 59, 52, 61, 26, 59, 20, 64, 48, 71]
x_dimensions = [12, 5, 5, 5, 5, 4, 4, 4, 3, 3, 3, 3, 3, 3, 3, 3, 3, 3, 3, 3, 3, 3, 3]
y_dimensions = [36, 15, 14, 4, 3, 22, 11, 3, 36, 24, 16, 15, 14, 12, 11, 10, 9, 8, 7, 6, 5, 4, 3]
minimum_height = 76
----------
x_coordinates = [12, 3, 24, 17, 17, 31, 29, 21, 32, 11, 33, 18, 15, 27, 29, 22, 25, 14, 28, 8, 21, 16, 26]
y_coordinates = [4, 58, 43, 71, 68, 1, 64, 62, 23, 51, 59, 53, 53, 22, 46, 65, 63, 67, 57, 66, 57, 49, 72]
x_dimensions = [12, 5, 5, 5, 5, 4, 4, 4, 3, 3, 3, 3, 3, 3, 3, 3, 3, 3, 3, 3, 3, 3, 3]
y_dimensions = [36, 15, 14, 4, 3, 22, 11, 3, 36, 24, 16, 15, 14, 12, 11, 10, 9, 8, 7, 6, 5, 4, 3]
minimum_height = 75
----------
x_coordinates = [3, 29, 7, 20, 2, 26, 32, 3, 33, 20, 30, 21, 18, 14, 27, 12, 15, 24, 30, 21, 0, 18, 32]
y_coordinates = [3, 9, 60, 49, 71, 40, 63, 62, 27, 23, 40, 53, 60, 43, 62, 55, 55, 64, 56, 68, 59, 56, 24]
x_dimensions = [12, 5, 5, 5, 5, 4, 4, 4, 3, 3, 3, 3, 3, 3, 3, 3, 3, 3, 3, 3, 3, 3, 3]
y_dimensions = [36, 15, 14, 4, 3, 22, 11, 3, 36, 24, 16, 15, 14, 12, 11, 10, 9, 8, 7, 6, 5, 4, 3]
minimum_height = 74
----------
x_coordinates = [5, 19, 31, 20, 15, 26, 32, 16, 30, 18, 28, 20, 23, 33, 27, 33, 33, 24, 27, 21, 23, 33, 20]
y_coordinates = [16, 32, 23, 49, 69, 40, 12, 66, 37, 8, 17, 55, 59, 0, 62, 58, 46, 31, 33, 26, 54, 68, 70]
x_dimensions = [12, 5, 5, 5, 5, 4, 4, 4, 3, 3, 3, 3, 3, 3, 3, 3, 3, 3, 3, 3, 3, 3, 3]
y_dimensions = [36, 15, 14, 4, 3, 22, 11, 3, 36, 24, 16, 15, 14, 12, 11, 10, 9, 8, 7, 6, 5, 4, 3]
minimum_height = 73
----------
x_coordinates = [3, 25, 28, 27, 31, 29, 25, 14, 33, 18, 15, 30, 24, 23, 33, 33, 25, 15, 21, 21, 22, 32, 28]
y_coordinates = [17, 12, 27, 63, 69, 41, 47, 61, 18, 48, 45, 10, 58, 0, 54, 8, 38, 64, 57, 66, 52, 65, 69]
x_dimensions = [12, 5, 5, 5, 5, 4, 4, 4, 3, 3, 3, 3, 3, 3, 3, 3, 3, 3, 3, 3, 3, 3, 3]
y_dimensions = [36, 15, 14, 4, 3, 22, 11, 3, 36, 24, 16, 15, 14, 12, 11, 10, 9, 8, 7, 6, 5, 4, 3]
minimum_height = 72
----------
x_coordinates = [4, 23, 27, 28, 17, 28, 32, 15, 32, 20, 17, 33, 25, 18, 29, 27, 30, 19, 29, 22, 17, 33, 30]
y_coordinates = [8, 41, 21, 64, 68, 42, 45, 63, 9, 34, 34, 56, 57, 8, 10, 0, 0, 60, 35, 63, 55, 5, 68]
x_dimensions = [12, 5, 5, 5, 5, 4, 4, 4, 3, 3, 3, 3, 3, 3, 3, 3, 3, 3, 3, 3, 3, 3, 3]
y_dimensions = [36, 15, 14, 4, 3, 22, 11, 3, 36, 24, 16, 15, 14, 12, 11, 10, 9, 8, 7, 6, 5, 4, 3]
minimum_height = 71
----------
x_coordinates = [2, 24, 28, 28, 20, 29, 14, 20, 33, 33, 18, 27, 25, 19, 30, 17, 30, 17, 21, 33, 27, 32, 22]
y_coordinates = [10, 41, 27, 66, 64, 44, 17, 61, 4, 40, 26, 7, 56, 13, 7, 52, 18, 62, 39, 64, 22, 0, 67]
x_dimensions = [12, 5, 5, 5, 5, 4, 4, 4, 3, 3, 3, 3, 3, 3, 3, 3, 3, 3, 3, 3, 3, 3, 3]
y_dimensions = [36, 15, 14, 4, 3, 22, 11, 3, 36, 24, 16, 15, 14, 12, 11, 10, 9, 8, 7, 6, 5, 4, 3]
minimum_height = 70
----------
x_coordinates = [11, 24, 30, 30, 24, 32, 23, 14, 8, 28, 14, 29, 27, 31, 31, 5, 7, 18, 17, 21, 29, 33, 21]
y_coordinates = [1, 52, 29, 43, 48, 47, 27, 63, 28, 5, 37, 54, 34, 13, 2, 46, 19, 61, 42, 63, 48, 25, 46]
x_dimensions = [12, 5, 5, 5, 5, 4, 4, 4, 3, 3, 3, 3, 3, 3, 3, 3, 3, 3, 3, 3, 3, 3, 3]
y_dimensions = [36, 15, 14, 4, 3, 22, 11, 3, 36, 24, 16, 15, 14, 12, 11, 10, 9, 8, 7, 6, 5, 4, 3]
minimum_height = 69
----------
x_coordinates = [2, 26, 9, 20, 27, 32, 31, 8, 17, 28, 14, 30, 25, 3, 20, 23, 17, 33, 6, 26, 28, 31, 24]
y_coordinates = [3, 45, 39, 44, 62, 46, 35, 61, 11, 16, 37, 1, 31, 39, 52, 52, 47, 15, 44, 10, 40, 30, 28]
x_dimensions = [12, 5, 5, 5, 5, 4, 4, 4, 3, 3, 3, 3, 3, 3, 3, 3, 3, 3, 3, 3, 3, 3, 3]
y_dimensions = [36, 15, 14, 4, 3, 22, 11, 3, 36, 24, 16, 15, 14, 12, 11, 10, 9, 8, 7, 6, 5, 4, 3]
minimum_height = 68
----------
x_coordinates = [0, 27, 31, 8, 24, 32, 17, 7, 12, 28, 11, 21, 14, 31, 24, 18, 13, 31, 5, 26, 29, 33, 25]
y_coordinates = [8, 52, 31, 44, 49, 45, 44, 63, 1, 23, 50, 44, 46, 19, 54, 57, 37, 11, 44, 6, 47, 7, 46]
x_dimensions = [12, 5, 5, 5, 5, 4, 4, 4, 3, 3, 3, 3, 3, 3, 3, 3, 3, 3, 3, 3, 3, 3, 3]
y_dimensions = [36, 15, 14, 4, 3, 22, 11, 3, 36, 24, 16, 15, 14, 12, 11, 10, 9, 8, 7, 6, 5, 4, 3]
minimum_height = 67
----------
x_coordinates = [0, 27, 1, 15, 24, 32, 20, 5, 14, 29, 12, 9, 16, 6, 10, 13, 15, 21, 24, 18, 29, 33, 24]
y_coordinates = [4, 46, 45, 48, 61, 44, 51, 61, 3, 22, 39, 40, 52, 45, 55, 56, 39, 41, 51, 42, 61, 38, 47]
x_dimensions = [12, 5, 5, 5, 5, 4, 4, 4, 3, 3, 3, 3, 3, 3, 3, 3, 3, 3, 3, 3, 3, 3, 3]
y_dimensions = [36, 15, 14, 4, 3, 22, 11, 3, 36, 24, 16, 15, 14, 12, 11, 10, 9, 8, 7, 6, 5, 4, 3]
minimum_height = 66
----------
x_coordinates = [2, 31, 28, 23, 26, 32, 19, 28, 23, 28, 13, 33, 16, 31, 10, 25, 22, 20, 14, 29, 29, 12, 26]
y_coordinates = [1, 50, 24, 58, 62, 1, 54, 21, 9, 38, 44, 23, 51, 38, 37, 48, 45, 19, 20, 15, 10, 61, 18]
x_dimensions = [12, 5, 5, 5, 5, 4, 4, 4, 3, 3, 3, 3, 3, 3, 3, 3, 3, 3, 3, 3, 3, 3, 3]
y_dimensions = [36, 15, 14, 4, 3, 22, 11, 3, 36, 24, 16, 15, 14, 12, 11, 10, 9, 8, 7, 6, 5, 4, 3]
minimum_height = 65
----------
x_coordinates = [0, 16, 29, 25, 24, 12, 29, 32, 21, 30, 15, 33, 28, 33, 27, 27, 23, 10, 18, 13, 33, 33, 22]
y_coordinates = [9, 48, 14, 60, 32, 32, 28, 11, 25, 40, 13, 49, 0, 37, 39, 50, 13, 56, 27, 58, 28, 33, 61]
x_dimensions = [12, 5, 5, 5, 5, 4, 4, 4, 3, 3, 3, 3, 3, 3, 3, 3, 3, 3, 3, 3, 3, 3, 3]
y_dimensions = [36, 15, 14, 4, 3, 22, 11, 3, 36, 24, 16, 15, 14, 12, 11, 10, 9, 8, 7, 6, 5, 4, 3]
minimum_height = 64
----------
x_coordinates = [0, 2, 16, 25, 25, 18, 21, 15, 23, 33, 26, 13, 29, 15, 10, 30, 24, 12, 7, 9, 7, 31, 10]
y_coordinates = [3, 47, 49, 59, 56, 27, 52, 24, 16, 39, 38, 48, 39, 36, 47, 53, 7, 38, 45, 39, 52, 35, 58]
x_dimensions = [12, 5, 5, 5, 5, 4, 4, 4, 3, 3, 3, 3, 3, 3, 3, 3, 3, 3, 3, 3, 3, 3, 3]
y_dimensions = [36, 15, 14, 4, 3, 22, 11, 3, 36, 24, 16, 15, 14, 12, 11, 10, 9, 8, 7, 6, 5, 4, 3]
minimum_height = 63
----------
x_coordinates = [2, 28, 26, 31, 25, 20, 28, 30, 23, 33, 24, 17, 30, 27, 14, 32, 20, 11, 33, 16, 30, 33, 33]
y_coordinates = [12, 3, 18, 27, 58, 40, 32, 0, 2, 3, 42, 40, 43, 46, 45, 31, 26, 54, 52, 56, 57, 42, 59]
x_dimensions = [12, 5, 5, 5, 5, 4, 4, 4, 3, 3, 3, 3, 3, 3, 3, 3, 3, 3, 3, 3, 3, 3, 3]
y_dimensions = [36, 15, 14, 4, 3, 22, 11, 3, 36, 24, 16, 15, 14, 12, 11, 10, 9, 8, 7, 6, 5, 4, 3]
minimum_height = 62
----------
x_coordinates = [1, 28, 27, 25, 31, 14, 31, 31, 21, 33, 25, 18, 30, 24, 28, 32, 23, 11, 33, 28, 27, 13, 27]
y_coordinates = [11, 15, 30, 5, 58, 39, 44, 55, 25, 10, 45, 42, 1, 33, 44, 34, 13, 53, 3, 55, 9, 4, 2]
x_dimensions = [12, 5, 5, 5, 5, 4, 4, 4, 3, 3, 3, 3, 3, 3, 3, 3, 3, 3, 3, 3, 3, 3, 3]
y_dimensions = [36, 15, 14, 4, 3, 22, 11, 3, 36, 24, 16, 15, 14, 12, 11, 10, 9, 8, 7, 6, 5, 4, 3]
minimum_height = 61
----------
x_coordinates = [3, 27, 22, 19, 24, 6, 29, 21, 15, 31, 28, 19, 16, 21, 26, 33, 13, 10, 32, 26, 32, 2, 24]
y_coordinates = [2, 34, 33, 48, 50, 38, 49, 53, 4, 10, 18, 33, 40, 16, 6, 46, 46, 46, 34, 53, 41, 45, 47]
x_dimensions = [12, 5, 5, 5, 5, 4, 4, 4, 3, 3, 3, 3, 3, 3, 3, 3, 3, 3, 3, 3, 3, 3, 3]
y_dimensions = [36, 15, 14, 4, 3, 22, 11, 3, 36, 24, 16, 15, 14, 12, 11, 10, 9, 8, 7, 6, 5, 4, 3]
minimum_height = 60
----------
x_coordinates = [4, 29, 27, 21, 28, 22, 31, 23, 19, 27, 26, 16, 30, 16, 24, 33, 21, 24, 32, 33, 33, 13, 10]
y_coordinates = [4, 39, 0, 53, 55, 31, 28, 5, 17, 15, 39, 44, 14, 20, 12, 12, 8, 23, 5, 22, 54, 52, 53]
x_dimensions = [12, 5, 5, 5, 5, 4, 4, 4, 3, 3, 3, 3, 3, 3, 3, 3, 3, 3, 3, 3, 3, 3, 3]
y_dimensions = [36, 15, 14, 4, 3, 22, 11, 3, 36, 24, 16, 15, 14, 12, 11, 10, 9, 8, 7, 6, 5, 4, 3]
minimum_height = 59
----------
x_coordinates = [2, 29, 31, 22, 14, 22, 30, 23, 19, 27, 26, 17, 33, 16, 25, 30, 21, 20, 30, 28, 14, 23, 27]
y_coordinates = [10, 43, 1, 13, 16, 17, 15, 39, 2, 18, 42, 38, 29, 4, 1, 26, 48, 40, 36, 8, 45, 42, 14]
x_dimensions = [12, 5, 5, 5, 5, 4, 4, 4, 3, 3, 3, 3, 3, 3, 3, 3, 3, 3, 3, 3, 3, 3, 3]
y_dimensions = [36, 15, 14, 4, 3, 22, 11, 3, 36, 24, 16, 15, 14, 12, 11, 10, 9, 8, 7, 6, 5, 4, 3]
minimum_height = 58
----------
x_coordinates = [4, 25, 31, 20, 27, 23, 32, 26, 17, 30, 33, 14, 28, 16, 25, 33, 19, 20, 29, 30, 11, 11, 33]
y_coordinates = [1, 41, 2, 53, 17, 19, 16, 0, 21, 27, 38, 40, 3, 9, 6, 28, 12, 40, 20, 51, 37, 52, 54]
x_dimensions = [12, 5, 5, 5, 5, 4, 4, 4, 3, 3, 3, 3, 3, 3, 3, 3, 3, 3, 3, 3, 3, 3, 3]
y_dimensions = [36, 15, 14, 4, 3, 22, 11, 3, 36, 24, 16, 15, 14, 12, 11, 10, 9, 8, 7, 6, 5, 4, 3]
minimum_height = 57
----------
x_coordinates = [2, 29, 31, 24, 30, 15, 25, 14, 21, 27, 22, 18, 28, 24, 19, 12, 9, 18, 30, 25, 19, 33, 32]
y_coordinates = [0, 2, 41, 3, 35, 34, 7, 17, 1, 18, 37, 19, 42, 25, 40, 44, 36, 11, 17, 50, 51, 31, 38]
x_dimensions = [12, 5, 5, 5, 5, 4, 4, 4, 3, 3, 3, 3, 3, 3, 3, 3, 3, 3, 3, 3, 3, 3, 3]
y_dimensions = [36, 15, 14, 4, 3, 22, 11, 3, 36, 24, 16, 15, 14, 12, 11, 10, 9, 8, 7, 6, 5, 4, 3]
minimum_height = 56
----------
x_coordinates = [5, 30, 31, 27, 28, 18, 26, 15, 22, 33, 25, 19, 28, 23, 29, 26, 20, 16, 30, 27, 23, 17, 19]
y_coordinates = [4, 0, 41, 33, 37, 12, 7, 40, 19, 17, 38, 39, 40, 1, 22, 18, 3, 47, 15, 1, 14, 5, 36]
x_dimensions = [12, 5, 5, 5, 5, 4, 4, 4, 3, 3, 3, 3, 3, 3, 3, 3, 3, 3, 3, 3, 3, 3, 3]
y_dimensions = [36, 15, 14, 4, 3, 22, 11, 3, 36, 24, 16, 15, 14, 12, 11, 10, 9, 8, 7, 6, 5, 4, 3]
minimum_height = 55
----------
x_coordinates = [5, 31, 28, 24, 26, 0, 27, 1, 23, 29, 18, 15, 32, 17, 2, 20, 22, 4, 33, 32, 17, 33, 21]
y_coordinates = [3, 15, 0, 49, 26, 31, 14, 10, 11, 30, 38, 39, 30, 20, 13, 23, 2, 43, 8, 48, 32, 44, 47]
x_dimensions = [12, 5, 5, 5, 5, 4, 4, 4, 3, 3, 3, 3, 3, 3, 3, 3, 3, 3, 3, 3, 3, 3, 3]
y_dimensions = [36, 15, 14, 4, 3, 22, 11, 3, 36, 24, 16, 15, 14, 12, 11, 10, 9, 8, 7, 6, 5, 4, 3]
minimum_height = 54
----------
x_coordinates = [6, 28, 31, 1, 31, 2, 27, 5, 24, 33, 22, 19, 30, 21, 25, 21, 18, 5, 32, 29, 21, 28, 19]
y_coordinates = [5, 24, 10, 36, 0, 8, 9, 41, 1, 28, 37, 38, 39, 2, 37, 19, 19, 45, 3, 3, 29, 20, 35]
x_dimensions = [12, 5, 5, 5, 5, 4, 4, 4, 3, 3, 3, 3, 3, 3, 3, 3, 3, 3, 3, 3, 3, 3, 3]
y_dimensions = [36, 15, 14, 4, 3, 22, 11, 3, 36, 24, 16, 15, 14, 12, 11, 10, 9, 8, 7, 6, 5, 4, 3]
minimum_height = 53
----------
x_coordinates = [6, 31, 1, 31, 22, 2, 27, 29, 24, 30, 19, 18, 33, 20, 26, 21, 22, 16, 33, 33, 21, 33, 28]
y_coordinates = [7, 27, 16, 48, 36, 30, 26, 42, 0, 1, 36, 21, 6, 7, 41, 19, 43, 44, 20, 42, 29, 1, 38]
x_dimensions = [12, 5, 5, 5, 5, 4, 4, 4, 3, 3, 3, 3, 3, 3, 3, 3, 3, 3, 3, 3, 3, 3, 3]
y_dimensions = [36, 15, 14, 4, 3, 22, 11, 3, 36, 24, 16, 15, 14, 12, 11, 10, 9, 8, 7, 6, 5, 4, 3]
minimum_height = 52
----------
x_coordinates = [8, 0, 20, 20, 28, 4, 29, 32, 25, 33, 29, 23, 33, 20, 30, 22, 1, 26, 5, 32, 30, 32, 30]
y_coordinates = [7, 34, 35, 31, 33, 10, 36, 10, 15, 13, 1, 0, 37, 9, 22, 21, 16, 7, 32, 4, 17, 0, 48]
x_dimensions = [12, 5, 5, 5, 5, 4, 4, 4, 3, 3, 3, 3, 3, 3, 3, 3, 3, 3, 3, 3, 3, 3, 3]
y_dimensions = [36, 15, 14, 4, 3, 22, 11, 3, 36, 24, 16, 15, 14, 12, 11, 10, 9, 8, 7, 6, 5, 4, 3]
minimum_height = 51
----------
x_coordinates = [11, 0, 31, 28, 31, 1, 27, 31, 5, 8, 26, 24, 18, 28, 5, 21, 23, 29, 26, 32, 15, 32, 15]
y_coordinates = [0, 26, 26, 0, 40, 3, 39, 47, 3, 24, 4, 35, 36, 27, 39, 38, 26, 18, 20, 20, 45, 16, 38]
x_dimensions = [12, 5, 5, 5, 5, 4, 4, 4, 3, 3, 3, 3, 3, 3, 3, 3, 3, 3, 3, 3, 3, 3, 3]
y_dimensions = [36, 15, 14, 4, 3, 22, 11, 3, 36, 24, 16, 15, 14, 12, 11, 10, 9, 8, 7, 6, 5, 4, 3]
minimum_height = 50
----------
x_coordinates = [12, 7, 31, 16, 22, 3, 27, 12, 0, 24, 27, 33, 30, 9, 6, 3, 27, 24, 9, 30, 33, 21, 13]
y_coordinates = [6, 34, 35, 45, 46, 27, 38, 46, 13, 22, 22, 20, 21, 22, 16, 17, 13, 14, 15, 15, 15, 42, 43]
x_dimensions = [12, 5, 5, 5, 5, 4, 4, 4, 3, 3, 3, 3, 3, 3, 3, 3, 3, 3, 3, 3, 3, 3, 3]
y_dimensions = [36, 15, 14, 4, 3, 22, 11, 3, 36, 24, 16, 15, 14, 12, 11, 10, 9, 8, 7, 6, 5, 4, 3]
minimum_height = 49
----------
x_coordinates = [10, 4, 22, 15, 12, 32, 32, 0, 29, 7, 26, 1, 23, 20, 9, 29, 22, 12, 17, 33, 33, 3, 24]
y_coordinates = [0, 31, 18, 37, 45, 9, 31, 45, 2, 7, 32, 30, 33, 36, 37, 38, 6, 37, 41, 3, 43, 8, 15]
x_dimensions = [12, 5, 5, 5, 5, 4, 4, 4, 3, 3, 3, 3, 3, 3, 3, 3, 3, 3, 3, 3, 3, 3, 3]
y_dimensions = [36, 15, 14, 4, 3, 22, 11, 3, 36, 24, 16, 15, 14, 12, 11, 10, 9, 8, 7, 6, 5, 4, 3]
minimum_height = 48
----------
x_coordinates = [12, 7, 31, 17, 22, 3, 27, 13, 0, 24, 27, 33, 30, 9, 6, 3, 27, 24, 9, 30, 33, 3, 14]
y_coordinates = [5, 32, 33, 43, 44, 25, 36, 44, 11, 20, 20, 18, 19, 20, 14, 15, 11, 12, 13, 13, 13, 11, 41]
x_dimensions = [12, 5, 5, 5, 5, 4, 4, 4, 3, 3, 3, 3, 3, 3, 3, 3, 3, 3, 3, 3, 3, 3, 3]
y_dimensions = [36, 15, 14, 4, 3, 22, 11, 3, 36, 24, 16, 15, 14, 12, 11, 10, 9, 8, 7, 6, 5, 4, 3]
minimum_height = 47
----------
x_coordinates = [12, 7, 28, 18, 18, 29, 2, 25, 33, 3, 26, 6, 9, 25, 5, 15, 8, 23, 26, 29, 33, 32, 26]
y_coordinates = [0, 16, 25, 37, 43, 3, 35, 2, 6, 11, 9, 31, 32, 26, 0, 36, 4, 38, 39, 40, 1, 42, 5]
x_dimensions = [12, 5, 5, 5, 5, 4, 4, 4, 3, 3, 3, 3, 3, 3, 3, 3, 3, 3, 3, 3, 3, 3, 3]
y_dimensions = [36, 15, 14, 4, 3, 22, 11, 3, 36, 24, 16, 15, 14, 12, 11, 10, 9, 8, 7, 6, 5, 4, 3]
minimum_height = 46
----------
x_coordinates = [12, 7, 31, 17, 22, 3, 27, 13, 0, 24, 27, 33, 30, 9, 6, 3, 27, 24, 9, 30, 33, 3, 6]
y_coordinates = [4, 30, 31, 41, 42, 23, 34, 42, 9, 18, 18, 16, 17, 18, 12, 13, 9, 10, 11, 11, 11, 9, 9]
x_dimensions = [12, 5, 5, 5, 5, 4, 4, 4, 3, 3, 3, 3, 3, 3, 3, 3, 3, 3, 3, 3, 3, 3, 3]
y_dimensions = [36, 15, 14, 4, 3, 22, 11, 3, 36, 24, 16, 15, 14, 12, 11, 10, 9, 8, 7, 6, 5, 4, 3]
minimum_height = 45
----------
x_coordinates = [11, 27, 24, 13, 20, 32, 28, 18, 5, 8, 24, 2, 8, 2, 29, 25, 1, 33, 32, 8, 22, 30, 33]
y_coordinates = [0, 4, 19, 38, 41, 10, 33, 38, 3, 6, 3, 8, 30, 32, 22, 34, 23, 2, 32, 0, 36, 0, 40]
x_dimensions = [12, 5, 5, 5, 5, 4, 4, 4, 3, 3, 3, 3, 3, 3, 3, 3, 3, 3, 3, 3, 3, 3, 3]
y_dimensions = [36, 15, 14, 4, 3, 22, 11, 3, 36, 24, 16, 15, 14, 12, 11, 10, 9, 8, 7, 6, 5, 4, 3]
minimum_height = 44
----------
x_coordinates = [11, 23, 31, 10, 3, 23, 30, 29, 5, 8, 27, 8, 28, 2, 33, 29, 2, 2, 33, 17, 0, 20, 30]
y_coordinates = [1, 6, 0, 39, 4, 21, 25, 40, 7, 0, 24, 24, 0, 31, 14, 14, 22, 12, 36, 37, 6, 39, 37]
x_dimensions = [12, 5, 5, 5, 5, 4, 4, 4, 3, 3, 3, 3, 3, 3, 3, 3, 3, 3, 3, 3, 3, 3, 3]
y_dimensions = [36, 15, 14, 4, 3, 22, 11, 3, 36, 24, 16, 15, 14, 12, 11, 10, 9, 8, 7, 6, 5, 4, 3]
minimum_height = 43
----------
x_coordinates = [11, 25, 31, 0, 26, 3, 32, 19, 0, 8, 30, 7, 33, 23, 28, 29, 26, 25, 5, 4, 23, 4, 20]
y_coordinates = [0, 14, 1, 38, 11, 9, 31, 39, 2, 18, 15, 3, 17, 30, 0, 32, 30, 0, 35, 3, 8, 31, 36]
x_dimensions = [12, 5, 5, 5, 5, 4, 4, 4, 3, 3, 3, 3, 3, 3, 3, 3, 3, 3, 3, 3, 3, 3, 3]
y_dimensions = [36, 15, 14, 4, 3, 22, 11, 3, 36, 24, 16, 15, 14, 12, 11, 10, 9, 8, 7, 6, 5, 4, 3]
minimum_height = 42
----------
x_coordinates = [12, 3, 31, 15, 20, 8, 32, 28, 27, 24, 0, 5, 30, 2, 4, 0, 33, 24, 9, 24, 11, 33, 25]
y_coordinates = [0, 26, 2, 37, 38, 7, 30, 38, 2, 0, 15, 0, 16, 3, 15, 31, 21, 24, 29, 32, 36, 17, 38]
x_dimensions = [12, 5, 5, 5, 5, 4, 4, 4, 3, 3, 3, 3, 3, 3, 3, 3, 3, 3, 3, 3, 3, 3, 3]
y_dimensions = [36, 15, 14, 4, 3, 22, 11, 3, 36, 24, 16, 15, 14, 12, 11, 10, 9, 8, 7, 6, 5, 4, 3]
minimum_height = 41
----------
x_coordinates = [0, 21, 12, 28, 13, 32, 17, 22, 29, 26, 33, 18, 18, 15, 22, 12, 25, 12, 23, 26, 15, 15, 23]
y_coordinates = [1, 13, 26, 36, 1, 2, 29, 3, 0, 1, 24, 0, 15, 9, 28, 8, 31, 18, 6, 25, 21, 5, 0]
x_dimensions = [12, 5, 5, 5, 5, 4, 4, 4, 3, 3, 3, 3, 3, 3, 3, 3, 3, 3, 3, 3, 3, 3, 3]
y_dimensions = [36, 15, 14, 4, 3, 22, 11, 3, 36, 24, 16, 15, 14, 12, 11, 10, 9, 8, 7, 6, 5, 4, 3]
minimum_height = 40
----------
x_coordinates = [3, 25, 15, 22, 10, 15, 23, 23, 0, 30, 33, 19, 33, 27, 22, 20, 19, 30, 27, 33, 30, 22, 26]
y_coordinates = [0, 12, 25, 4, 36, 3, 28, 8, 3, 2, 2, 1, 24, 27, 17, 29, 16, 31, 5, 18, 26, 11, 1]
x_dimensions = [12, 5, 5, 5, 5, 4, 4, 4, 3, 3, 3, 3, 3, 3, 3, 3, 3, 3, 3, 3, 3, 3, 3]
y_dimensions = [36, 15, 14, 4, 3, 22, 11, 3, 36, 24, 16, 15, 14, 12, 11, 10, 9, 8, 7, 6, 5, 4, 3]
minimum_height = 39
----------
x_coordinates = [12, 7, 31, 7, 26, 3, 27, 8, 0, 24, 33, 30, 27, 3, 24, 9, 6, 27, 33, 30, 9, 3, 30]
y_coordinates = [1, 11, 24, 34, 35, 16, 24, 31, 2, 11, 8, 9, 10, 4, 0, 1, 2, 2, 1, 3, 26, 0, 0]
x_dimensions = [12, 5, 5, 5, 5, 4, 4, 4, 3, 3, 3, 3, 3, 3, 3, 3, 3, 3, 3, 3, 3, 3, 3]
y_dimensions = [36, 15, 14, 4, 3, 22, 11, 3, 36, 24, 16, 15, 14, 12, 11, 10, 9, 8, 7, 6, 5, 4, 3]
minimum_height = 38
----------
x_coordinates = [10, 31, 28, 28, 27, 6, 3, 32, 0, 22, 28, 25, 3, 7, 25, 33, 33, 25, 22, 3, 3, 22, 6]
y_coordinates = [0, 22, 7, 3, 0, 15, 0, 0, 1, 13, 21, 3, 23, 0, 26, 3, 13, 18, 6, 17, 11, 2, 12]
x_dimensions = [12, 5, 5, 5, 5, 4, 4, 4, 3, 3, 3, 3, 3, 3, 3, 3, 3, 3, 3, 3, 3, 3, 3]
y_dimensions = [36, 15, 14, 4, 3, 22, 11, 3, 36, 24, 16, 15, 14, 12, 11, 10, 9, 8, 7, 6, 5, 4, 3]
minimum_height = 37
----------
x_coordinates = [6, 24, 24, 24, 24, 29, 29, 29, 3, 18, 0, 21, 33, 18, 0, 33, 33, 21, 21, 21, 0, 0, 33]
y_coordinates = [0, 7, 22, 0, 4, 3, 25, 0, 0, 12, 20, 21, 22, 0, 9, 12, 3, 0, 8, 15, 0, 5, 0]
x_dimensions = [12, 5, 5, 5, 5, 4, 4, 4, 3, 3, 3, 3, 3, 3, 3, 3, 3, 3, 3, 3, 3, 3, 3]
y_dimensions = [36, 15, 14, 4, 3, 22, 11, 3, 36, 24, 16, 15, 14, 12, 11, 10, 9, 8, 7, 6, 5, 4, 3]
minimum_height = 36
----------
==========
%%%mzn-stat: nodes=64528
%%%mzn-stat: failures=36260
%%%mzn-stat: restarts=935
%%%mzn-stat: variables=7697
%%%mzn-stat: intVars=110
%%%mzn-stat: boolVariables=7585
%%%mzn-stat: propagators=2231
%%%mzn-stat: propagations=15826179
%%%mzn-stat: peakDepth=176
%%%mzn-stat: nogoods=36260
%%%mzn-stat: backjumps=5847
%%%mzn-stat: peakMem=0.00
%%%mzn-stat: time=9.263
%%%mzn-stat: initTime=0.022
%%%mzn-stat: solveTime=9.241
%%%mzn-stat: objective=36
%%%mzn-stat: optTime=9.241
%%%mzn-stat: baseMem=0.00
%%%mzn-stat: trailMem=0.04
%%%mzn-stat: randomSeed=1657196408
