x_coordinates = [0, 9, 1, 5, 6, 25, 15, 2, 15, 1, 6, 16, 10, 20, 23, 13, 20, 18, 22, 26, 26, 3, 26, 19]
y_coordinates = [2, 2, 31, 0, 24, 30, 33, 35, 23, 19, 20, 20, 20, 21, 10, 10, 11, 2, 39, 22, 16, 24, 12, 40]
x_dimensions = [5, 5, 5, 4, 4, 4, 4, 4, 4, 4, 4, 4, 3, 3, 3, 3, 3, 3, 3, 3, 3, 3, 3, 3]
y_dimensions = [17, 8, 4, 20, 18, 15, 9, 7, 6, 5, 4, 3, 20, 18, 15, 11, 10, 9, 8, 7, 6, 5, 4, 3]
minimum_height = 47
----------
x_coordinates = [3, 12, 23, 18, 12, 25, 8, 17, 16, 2, 23, 24, 6, 22, 9, 26, 20, 24, 17, 23, 21, 20, 21, 9]
y_coordinates = [9, 6, 38, 11, 28, 12, 6, 0, 31, 39, 42, 0, 26, 12, 25, 27, 36, 3, 37, 30, 1, 31, 7, 43]
x_dimensions = [5, 5, 5, 4, 4, 4, 4, 4, 4, 4, 4, 4, 3, 3, 3, 3, 3, 3, 3, 3, 3, 3, 3, 3]
y_dimensions = [17, 8, 4, 20, 18, 15, 9, 7, 6, 5, 4, 3, 20, 18, 15, 11, 10, 9, 8, 7, 6, 5, 4, 3]
minimum_height = 46
----------
x_coordinates = [11, 14, 24, 25, 15, 5, 5, 4, 22, 11, 17, 21, 2, 22, 9, 19, 22, 26, 12, 26, 18, 1, 19, 1]
y_coordinates = [2, 37, 41, 13, 19, 19, 10, 34, 35, 22, 15, 18, 12, 0, 27, 31, 25, 4, 29, 33, 5, 32, 11, 39]
x_dimensions = [5, 5, 5, 4, 4, 4, 4, 4, 4, 4, 4, 4, 3, 3, 3, 3, 3, 3, 3, 3, 3, 3, 3, 3]
y_dimensions = [17, 8, 4, 20, 18, 15, 9, 7, 6, 5, 4, 3, 20, 18, 15, 11, 10, 9, 8, 7, 6, 5, 4, 3]
minimum_height = 45
----------
x_coordinates = [11, 11, 24, 20, 16, 2, 19, 16, 25, 9, 4, 22, 8, 26, 13, 23, 25, 6, 16, 22, 19, 24, 20, 23]
y_coordinates = [12, 0, 19, 17, 20, 22, 4, 13, 38, 37, 16, 0, 15, 1, 29, 6, 28, 35, 2, 37, 38, 23, 13, 3]
x_dimensions = [5, 5, 5, 4, 4, 4, 4, 4, 4, 4, 4, 4, 3, 3, 3, 3, 3, 3, 3, 3, 3, 3, 3, 3]
y_dimensions = [17, 8, 4, 20, 18, 15, 9, 7, 6, 5, 4, 3, 20, 18, 15, 11, 10, 9, 8, 7, 6, 5, 4, 3]
minimum_height = 44
----------
x_coordinates = [5, 10, 20, 8, 19, 16, 18, 15, 24, 15, 4, 22, 12, 23, 1, 26, 23, 15, 20, 26, 26, 25, 26, 20]
y_coordinates = [6, 9, 27, 23, 0, 27, 18, 6, 0, 13, 26, 24, 17, 6, 15, 17, 33, 18, 32, 36, 6, 28, 12, 40]
x_dimensions = [5, 5, 5, 4, 4, 4, 4, 4, 4, 4, 4, 4, 3, 3, 3, 3, 3, 3, 3, 3, 3, 3, 3, 3]
y_dimensions = [17, 8, 4, 20, 18, 15, 9, 7, 6, 5, 4, 3, 20, 18, 15, 11, 10, 9, 8, 7, 6, 5, 4, 3]
minimum_height = 43
----------
x_coordinates = [6, 11, 24, 9, 19, 16, 20, 2, 22, 18, 10, 23, 16, 23, 13, 26, 26, 12, 3, 26, 6, 26, 20, 6]
y_coordinates = [4, 14, 2, 22, 24, 0, 0, 19, 10, 15, 0, 39, 21, 16, 25, 6, 29, 5, 11, 17, 25, 24, 20, 21]
x_dimensions = [5, 5, 5, 4, 4, 4, 4, 4, 4, 4, 4, 4, 3, 3, 3, 3, 3, 3, 3, 3, 3, 3, 3, 3]
y_dimensions = [17, 8, 4, 20, 18, 15, 9, 7, 6, 5, 4, 3, 20, 18, 15, 11, 10, 9, 8, 7, 6, 5, 4, 3]
minimum_height = 42
----------
x_coordinates = [10, 17, 22, 9, 2, 13, 18, 19, 22, 16, 9, 25, 15, 23, 20, 26, 26, 6, 0, 22, 3, 26, 26, 26]
y_coordinates = [0, 32, 24, 17, 15, 26, 23, 16, 28, 1, 37, 38, 6, 6, 1, 1, 28, 25, 33, 34, 33, 19, 15, 12]
x_dimensions = [5, 5, 5, 4, 4, 4, 4, 4, 4, 4, 4, 4, 3, 3, 3, 3, 3, 3, 3, 3, 3, 3, 3, 3]
y_dimensions = [17, 8, 4, 20, 18, 15, 9, 7, 6, 5, 4, 3, 20, 18, 15, 11, 10, 9, 8, 7, 6, 5, 4, 3]
minimum_height = 41
----------
x_coordinates = [0, 18, 17, 11, 7, 13, 20, 19, 25, 16, 20, 23, 15, 26, 1, 5, 4, 10, 8, 24, 17, 22, 24, 23]
y_coordinates = [0, 8, 33, 5, 13, 25, 24, 17, 34, 0, 4, 1, 5, 9, 17, 2, 30, 31, 3, 27, 26, 35, 5, 15]
x_dimensions = [5, 5, 5, 4, 4, 4, 4, 4, 4, 4, 4, 4, 3, 3, 3, 3, 3, 3, 3, 3, 3, 3, 3, 3]
y_dimensions = [17, 8, 4, 20, 18, 15, 9, 7, 6, 5, 4, 3, 20, 18, 15, 11, 10, 9, 8, 7, 6, 5, 4, 3]
minimum_height = 40
----------
x_coordinates = [7, 21, 17, 12, 8, 13, 21, 22, 25, 3, 12, 1, 16, 26, 0, 19, 2, 5, 23, 24, 21, 18, 26, 26]
y_coordinates = [4, 7, 26, 0, 21, 24, 30, 23, 33, 18, 20, 25, 4, 7, 10, 15, 29, 23, 15, 0, 1, 34, 25, 29]
x_dimensions = [5, 5, 5, 4, 4, 4, 4, 4, 4, 4, 4, 4, 3, 3, 3, 3, 3, 3, 3, 3, 3, 3, 3, 3]
y_dimensions = [17, 8, 4, 20, 18, 15, 9, 7, 6, 5, 4, 3, 20, 18, 15, 11, 10, 9, 8, 7, 6, 5, 4, 3]
minimum_height = 39
----------
x_coordinates = [7, 24, 21, 12, 3, 3, 22, 25, 10, 17, 21, 8, 17, 14, 0, 20, 0, 23, 26, 26, 26, 20, 16, 0]
y_coordinates = [10, 9, 27, 18, 20, 4, 18, 31, 4, 30, 34, 29, 6, 0, 16, 7, 6, 0, 23, 1, 17, 2, 26, 31]
x_dimensions = [5, 5, 5, 4, 4, 4, 4, 4, 4, 4, 4, 4, 3, 3, 3, 3, 3, 3, 3, 3, 3, 3, 3, 3]
y_dimensions = [17, 8, 4, 20, 18, 15, 9, 7, 6, 5, 4, 3, 20, 18, 15, 11, 10, 9, 8, 7, 6, 5, 4, 3]
minimum_height = 38
----------
x_coordinates = [2, 24, 23, 8, 12, 0, 25, 25, 4, 17, 4, 10, 19, 16, 14, 22, 7, 21, 24, 20, 22, 17, 9, 11]
y_coordinates = [4, 12, 0, 17, 15, 22, 21, 30, 23, 11, 29, 7, 17, 19, 0, 20, 7, 7, 4, 0, 31, 3, 3, 11]
x_dimensions = [5, 5, 5, 4, 4, 4, 4, 4, 4, 4, 4, 4, 3, 3, 3, 3, 3, 3, 3, 3, 3, 3, 3, 3]
y_dimensions = [17, 8, 4, 20, 18, 15, 9, 7, 6, 5, 4, 3, 20, 18, 15, 11, 10, 9, 8, 7, 6, 5, 4, 3]
minimum_height = 37
----------
x_coordinates = [9, 24, 19, 0, 4, 1, 14, 25, 5, 21, 13, 5, 14, 20, 17, 24, 26, 23, 18, 11, 8, 21, 8, 10]
y_coordinates = [0, 21, 22, 16, 18, 1, 20, 29, 12, 31, 31, 9, 0, 4, 5, 0, 11, 12, 26, 20, 26, 26, 20, 17]
x_dimensions = [5, 5, 5, 4, 4, 4, 4, 4, 4, 4, 4, 4, 3, 3, 3, 3, 3, 3, 3, 3, 3, 3, 3, 3]
y_dimensions = [17, 8, 4, 20, 18, 15, 9, 7, 6, 5, 4, 3, 20, 18, 15, 11, 10, 9, 8, 7, 6, 5, 4, 3]
minimum_height = 36
----------
x_coordinates = [4, 24, 5, 17, 25, 13, 6, 11, 13, 21, 24, 7, 21, 1, 0, 18, 9, 3, 15, 21, 14, 10, 26, 4]
y_coordinates = [5, 26, 1, 3, 4, 6, 23, 28, 21, 3, 22, 32, 8, 2, 20, 24, 13, 22, 27, 28, 0, 23, 0, 32]
x_dimensions = [5, 5, 5, 4, 4, 4, 4, 4, 4, 4, 4, 4, 3, 3, 3, 3, 3, 3, 3, 3, 3, 3, 3, 3]
y_dimensions = [17, 8, 4, 20, 18, 15, 9, 7, 6, 5, 4, 3, 20, 18, 15, 11, 10, 9, 8, 7, 6, 5, 4, 3]
minimum_height = 35
----------
x_coordinates = [7, 21, 5, 22, 0, 13, 17, 18, 14, 6, 6, 20, 26, 4, 1, 19, 10, 16, 26, 17, 12, 10, 12, 26]
y_coordinates = [2, 22, 26, 2, 16, 18, 18, 0, 2, 21, 30, 31, 3, 3, 1, 7, 19, 9, 26, 27, 8, 29, 14, 23]
x_dimensions = [5, 5, 5, 4, 4, 4, 4, 4, 4, 4, 4, 4, 3, 3, 3, 3, 3, 3, 3, 3, 3, 3, 3, 3]
y_dimensions = [17, 8, 4, 20, 18, 15, 9, 7, 6, 5, 4, 3, 20, 18, 15, 11, 10, 9, 8, 7, 6, 5, 4, 3]
minimum_height = 34
----------
x_coordinates = [7, 24, 8, 25, 0, 14, 18, 3, 19, 21, 10, 25, 4, 12, 0, 21, 17, 22, 15, 9, 6, 7, 18, 3]
y_coordinates = [7, 25, 24, 2, 15, 18, 11, 6, 27, 20, 29, 22, 13, 0, 0, 0, 0, 11, 10, 0, 0, 28, 21, 1]
x_dimensions = [5, 5, 5, 4, 4, 4, 4, 4, 4, 4, 4, 4, 3, 3, 3, 3, 3, 3, 3, 3, 3, 3, 3, 3]
y_dimensions = [17, 8, 4, 20, 18, 15, 9, 7, 6, 5, 4, 3, 20, 18, 15, 11, 10, 9, 8, 7, 6, 5, 4, 3]
minimum_height = 33
----------
x_coordinates = [12, 12, 7, 25, 21, 0, 17, 8, 4, 17, 4, 17, 9, 6, 3, 0, 17, 20, 26, 23, 14, 0, 4, 23]
y_coordinates = [7, 24, 28, 12, 14, 17, 23, 21, 22, 18, 18, 15, 1, 0, 2, 6, 5, 5, 4, 5, 1, 1, 28, 2]
x_dimensions = [5, 5, 5, 4, 4, 4, 4, 4, 4, 4, 4, 4, 3, 3, 3, 3, 3, 3, 3, 3, 3, 3, 3, 3]
y_dimensions = [17, 8, 4, 20, 18, 15, 9, 7, 6, 5, 4, 3, 20, 18, 15, 11, 10, 9, 8, 7, 6, 5, 4, 3]
minimum_height = 32
----------
x_coordinates = [6, 12, 20, 22, 14, 18, 1, 21, 8, 17, 25, 10, 11, 3, 26, 0, 0, 26, 17, 7, 5, 14, 3, 25]
y_coordinates = [7, 0, 0, 4, 8, 9, 0, 24, 1, 26, 27, 28, 8, 13, 3, 10, 21, 18, 0, 24, 1, 26, 9, 0]
x_dimensions = [5, 5, 5, 4, 4, 4, 4, 4, 4, 4, 4, 4, 3, 3, 3, 3, 3, 3, 3, 3, 3, 3, 3, 3]
y_dimensions = [17, 8, 4, 20, 18, 15, 9, 7, 6, 5, 4, 3, 20, 18, 15, 11, 10, 9, 8, 7, 6, 5, 4, 3]
minimum_height = 31
----------
x_coordinates = [10, 24, 14, 18, 3, 25, 3, 19, 7, 11, 7, 3, 7, 22, 15, 15, 0, 0, 11, 26, 0, 0, 23, 21]
y_coordinates = [5, 22, 26, 0, 0, 0, 21, 20, 24, 0, 0, 18, 4, 0, 11, 0, 6, 16, 22, 15, 0, 25, 18, 27]
x_dimensions = [5, 5, 5, 4, 4, 4, 4, 4, 4, 4, 4, 4, 3, 3, 3, 3, 3, 3, 3, 3, 3, 3, 3, 3]
y_dimensions = [17, 8, 4, 20, 18, 15, 9, 7, 6, 5, 4, 3, 20, 18, 15, 11, 10, 9, 8, 7, 6, 5, 4, 3]
minimum_height = 30
----------
x_coordinates = [10, 13, 10, 6, 21, 25, 25, 21, 3, 25, 21, 3, 3, 0, 15, 0, 18, 18, 10, 18, 15, 7, 7, 18]
y_coordinates = [4, 21, 0, 9, 11, 5, 20, 4, 3, 0, 0, 0, 9, 0, 0, 18, 19, 10, 21, 3, 15, 4, 0, 0]
x_dimensions = [5, 5, 5, 4, 4, 4, 4, 4, 4, 4, 4, 4, 3, 3, 3, 3, 3, 3, 3, 3, 3, 3, 3, 3]
y_dimensions = [17, 8, 4, 20, 18, 15, 9, 7, 6, 5, 4, 3, 20, 18, 15, 11, 10, 9, 8, 7, 6, 5, 4, 3]
minimum_height = 29
----------
==========
%%%mzn-stat: nodes=113711
%%%mzn-stat: failures=67710
%%%mzn-stat: restarts=1486
%%%mzn-stat: variables=5312
%%%mzn-stat: intVars=111
%%%mzn-stat: boolVariables=5199
%%%mzn-stat: propagators=2424
%%%mzn-stat: propagations=33179437
%%%mzn-stat: peakDepth=166
%%%mzn-stat: nogoods=67710
%%%mzn-stat: backjumps=16323
%%%mzn-stat: peakMem=0.00
%%%mzn-stat: time=14.889
%%%mzn-stat: initTime=0.020
%%%mzn-stat: solveTime=14.869
%%%mzn-stat: objective=29
%%%mzn-stat: optTime=14.869
%%%mzn-stat: baseMem=0.00
%%%mzn-stat: trailMem=0.04
%%%mzn-stat: randomSeed=1657196219
