x_coordinates = [11, 0, 20, 20, 24, 24, 24, 15, 21, 5, 11, 17, 8, 25, 18, 21, 15, 14, 14, 14, 25, 20]
y_coordinates = [0, 36, 23, 0, 2, 15, 29, 14, 42, 22, 24, 18, 25, 34, 35, 33, 37, 19, 31, 26, 25, 30]
x_dimensions = [5, 5, 5, 4, 4, 4, 4, 4, 4, 3, 3, 3, 3, 3, 3, 3, 3, 3, 3, 3, 3, 3]
y_dimensions = [13, 9, 6, 23, 13, 8, 5, 4, 3, 23, 21, 17, 16, 11, 10, 9, 8, 7, 6, 5, 4, 3]
minimum_height = 45
----------
x_coordinates = [11, 23, 18, 4, 12, 8, 0, 0, 19, 16, 8, 25, 22, 19, 1, 1, 19, 5, 22, 25, 19, 13]
y_coordinates = [15, 35, 38, 21, 31, 36, 39, 35, 35, 15, 15, 18, 19, 24, 25, 16, 16, 14, 13, 13, 12, 28]
x_dimensions = [5, 5, 5, 4, 4, 4, 4, 4, 4, 3, 3, 3, 3, 3, 3, 3, 3, 3, 3, 3, 3, 3]
y_dimensions = [13, 9, 6, 23, 13, 8, 5, 4, 3, 23, 21, 17, 16, 11, 10, 9, 8, 7, 6, 5, 4, 3]
minimum_height = 44
----------
x_coordinates = [5, 8, 13, 18, 23, 16, 0, 24, 4, 25, 10, 13, 22, 21, 10, 18, 2, 20, 15, 14, 2, 17]
y_coordinates = [14, 34, 20, 12, 30, 35, 38, 3, 40, 7, 3, 26, 12, 1, 24, 0, 23, 36, 2, 8, 11, 9]
x_dimensions = [5, 5, 5, 4, 4, 4, 4, 4, 4, 3, 3, 3, 3, 3, 3, 3, 3, 3, 3, 3, 3, 3]
y_dimensions = [13, 9, 6, 23, 13, 8, 5, 4, 3, 23, 21, 17, 16, 11, 10, 9, 8, 7, 6, 5, 4, 3]
minimum_height = 43
----------
x_coordinates = [11, 8, 13, 21, 7, 20, 11, 0, 3, 4, 15, 18, 25, 24, 12, 25, 18, 22, 17, 17, 0, 25]
y_coordinates = [2, 17, 15, 19, 29, 4, 37, 33, 39, 11, 21, 14, 26, 1, 27, 17, 34, 12, 8, 3, 37, 13]
x_dimensions = [5, 5, 5, 4, 4, 4, 4, 4, 4, 3, 3, 3, 3, 3, 3, 3, 3, 3, 3, 3, 3, 3]
y_dimensions = [13, 9, 6, 23, 13, 8, 5, 4, 3, 23, 21, 17, 16, 11, 10, 9, 8, 7, 6, 5, 4, 3]
minimum_height = 42
----------
x_coordinates = [10, 8, 23, 18, 1, 8, 20, 20, 4, 25, 15, 22, 16, 5, 12, 24, 13, 19, 4, 4, 1, 22]
y_coordinates = [5, 30, 3, 1, 23, 22, 36, 31, 38, 9, 4, 14, 25, 23, 18, 32, 33, 24, 13, 8, 37, 11]
x_dimensions = [5, 5, 5, 4, 4, 4, 4, 4, 4, 3, 3, 3, 3, 3, 3, 3, 3, 3, 3, 3, 3, 3]
y_dimensions = [13, 9, 6, 23, 13, 8, 5, 4, 3, 23, 21, 17, 16, 11, 10, 9, 8, 7, 6, 5, 4, 3]
minimum_height = 41
----------
x_coordinates = [10, 15, 0, 24, 8, 9, 4, 20, 0, 20, 0, 17, 23, 12, 18, 15, 14, 21, 4, 5, 3, 17]
y_coordinates = [3, 31, 28, 1, 27, 16, 23, 0, 37, 17, 7, 14, 24, 27, 4, 5, 19, 10, 34, 29, 19, 1]
x_dimensions = [5, 5, 5, 4, 4, 4, 4, 4, 4, 3, 3, 3, 3, 3, 3, 3, 3, 3, 3, 3, 3, 3]
y_dimensions = [13, 9, 6, 23, 13, 8, 5, 4, 3, 23, 21, 17, 16, 11, 10, 9, 8, 7, 6, 5, 4, 3]
minimum_height = 40
----------
x_coordinates = [6, 16, 4, 24, 9, 13, 13, 8, 21, 21, 0, 18, 11, 25, 15, 18, 3, 15, 13, 6, 22, 24]
y_coordinates = [12, 30, 32, 5, 26, 0, 25, 5, 32, 8, 12, 13, 9, 28, 8, 4, 12, 18, 31, 27, 35, 2]
x_dimensions = [5, 5, 5, 4, 4, 4, 4, 4, 4, 3, 3, 3, 3, 3, 3, 3, 3, 3, 3, 3, 3, 3]
y_dimensions = [13, 9, 6, 23, 13, 8, 5, 4, 3, 23, 21, 17, 16, 11, 10, 9, 8, 7, 6, 5, 4, 3]
minimum_height = 39
----------
x_coordinates = [11, 16, 11, 24, 17, 0, 18, 1, 23, 21, 8, 4, 1, 22, 15, 5, 7, 25, 18, 12, 20, 25]
y_coordinates = [12, 23, 29, 15, 10, 30, 5, 7, 1, 15, 9, 21, 14, 4, 0, 7, 30, 8, 32, 7, 0, 5]
x_dimensions = [5, 5, 5, 4, 4, 4, 4, 4, 4, 3, 3, 3, 3, 3, 3, 3, 3, 3, 3, 3, 3, 3]
y_dimensions = [13, 9, 6, 23, 13, 8, 5, 4, 3, 23, 21, 17, 16, 11, 10, 9, 8, 7, 6, 5, 4, 3]
minimum_height = 38
----------
x_coordinates = [6, 16, 10, 24, 21, 2, 12, 11, 2, 21, 6, 18, 15, 25, 3, 0, 3, 17, 9, 2, 11, 11]
y_coordinates = [0, 7, 31, 14, 1, 0, 13, 27, 9, 14, 13, 16, 21, 3, 18, 27, 29, 0, 13, 12, 6, 10]
x_dimensions = [5, 5, 5, 4, 4, 4, 4, 4, 4, 3, 3, 3, 3, 3, 3, 3, 3, 3, 3, 3, 3, 3]
y_dimensions = [13, 9, 6, 23, 13, 8, 5, 4, 3, 23, 21, 17, 16, 11, 10, 9, 8, 7, 6, 5, 4, 3]
minimum_height = 37
----------
x_coordinates = [3, 16, 0, 24, 21, 8, 17, 15, 12, 21, 8, 5, 18, 25, 15, 12, 0, 1, 14, 11, 13, 10]
y_coordinates = [6, 2, 30, 13, 0, 4, 11, 32, 7, 13, 15, 19, 16, 2, 22, 27, 11, 19, 14, 18, 10, 12]
x_dimensions = [5, 5, 5, 4, 4, 4, 4, 4, 4, 3, 3, 3, 3, 3, 3, 3, 3, 3, 3, 3, 3, 3]
y_dimensions = [13, 9, 6, 23, 13, 8, 5, 4, 3, 23, 21, 17, 16, 11, 10, 9, 8, 7, 6, 5, 4, 3]
minimum_height = 36
----------
x_coordinates = [3, 3, 6, 24, 17, 14, 19, 13, 15, 21, 8, 0, 0, 24, 17, 13, 11, 14, 20, 11, 14, 18]
y_coordinates = [10, 23, 4, 12, 11, 3, 1, 31, 0, 6, 14, 2, 19, 1, 25, 15, 7, 24, 29, 26, 11, 8]
x_dimensions = [5, 5, 5, 4, 4, 4, 4, 4, 4, 3, 3, 3, 3, 3, 3, 3, 3, 3, 3, 3, 3, 3]
y_dimensions = [13, 9, 6, 23, 13, 8, 5, 4, 3, 23, 21, 17, 16, 11, 10, 9, 8, 7, 6, 5, 4, 3]
minimum_height = 35
----------
x_coordinates = [4, 3, 5, 24, 10, 17, 21, 13, 13, 21, 9, 1, 18, 25, 18, 14, 12, 15, 21, 7, 15, 15]
y_coordinates = [10, 1, 23, 11, 21, 16, 0, 0, 15, 5, 0, 14, 0, 0, 24, 18, 7, 27, 28, 29, 11, 4]
x_dimensions = [5, 5, 5, 4, 4, 4, 4, 4, 4, 3, 3, 3, 3, 3, 3, 3, 3, 3, 3, 3, 3, 3]
y_dimensions = [13, 9, 6, 23, 13, 8, 5, 4, 3, 23, 21, 17, 16, 11, 10, 9, 8, 7, 6, 5, 4, 3]
minimum_height = 34
----------
x_coordinates = [4, 9, 4, 24, 11, 14, 24, 7, 21, 21, 18, 1, 0, 9, 18, 15, 12, 15, 15, 3, 21, 25]
y_coordinates = [8, 0, 2, 5, 20, 3, 28, 28, 2, 6, 2, 0, 17, 9, 23, 11, 12, 26, 20, 28, 29, 2]
x_dimensions = [5, 5, 5, 4, 4, 4, 4, 4, 4, 3, 3, 3, 3, 3, 3, 3, 3, 3, 3, 3, 3, 3]
y_dimensions = [13, 9, 6, 23, 13, 8, 5, 4, 3, 23, 21, 17, 16, 11, 10, 9, 8, 7, 6, 5, 4, 3]
minimum_height = 33
----------
x_coordinates = [0, 9, 0, 5, 18, 14, 21, 5, 17, 25, 9, 12, 15, 18, 21, 22, 22, 14, 24, 1, 18, 24]
y_coordinates = [7, 22, 20, 5, 16, 17, 10, 28, 29, 9, 0, 0, 1, 1, 0, 23, 15, 25, 3, 27, 12, 0]
x_dimensions = [5, 5, 5, 4, 4, 4, 4, 4, 4, 3, 3, 3, 3, 3, 3, 3, 3, 3, 3, 3, 3, 3]
y_dimensions = [13, 9, 6, 23, 13, 8, 5, 4, 3, 23, 21, 17, 16, 11, 10, 9, 8, 7, 6, 5, 4, 3]
minimum_height = 32
----------
x_coordinates = [5, 20, 16, 13, 21, 6, 24, 24, 3, 17, 25, 10, 0, 0, 10, 7, 3, 20, 4, 13, 0, 10]
y_coordinates = [9, 9, 25, 2, 18, 1, 0, 5, 28, 2, 10, 4, 15, 4, 21, 22, 0, 1, 22, 26, 0, 1]
x_dimensions = [5, 5, 5, 4, 4, 4, 4, 4, 4, 3, 3, 3, 3, 3, 3, 3, 3, 3, 3, 3, 3, 3]
y_dimensions = [13, 9, 6, 23, 13, 8, 5, 4, 3, 23, 21, 17, 16, 11, 10, 9, 8, 7, 6, 5, 4, 3]
minimum_height = 31
----------
x_coordinates = [11, 23, 14, 0, 4, 19, 10, 8, 12, 16, 19, 25, 22, 8, 4, 7, 13, 10, 4, 1, 22, 25]
y_coordinates = [8, 21, 24, 7, 17, 22, 25, 21, 21, 1, 1, 4, 5, 10, 7, 1, 0, 1, 1, 2, 1, 1]
x_dimensions = [5, 5, 5, 4, 4, 4, 4, 4, 4, 3, 3, 3, 3, 3, 3, 3, 3, 3, 3, 3, 3, 3]
y_dimensions = [13, 9, 6, 23, 13, 8, 5, 4, 3, 23, 21, 17, 16, 11, 10, 9, 8, 7, 6, 5, 4, 3]
minimum_height = 30
----------
x_coordinates = [0, 0, 23, 5, 18, 21, 4, 21, 8, 25, 12, 9, 18, 22, 15, 15, 12, 1, 9, 15, 15, 9]
y_coordinates = [7, 20, 23, 6, 16, 4, 1, 0, 0, 0, 0, 3, 0, 12, 0, 19, 21, 0, 20, 14, 10, 26]
x_dimensions = [5, 5, 5, 4, 4, 4, 4, 4, 4, 3, 3, 3, 3, 3, 3, 3, 3, 3, 3, 3, 3, 3]
y_dimensions = [13, 9, 6, 23, 13, 8, 5, 4, 3, 23, 21, 17, 16, 11, 10, 9, 8, 7, 6, 5, 4, 3]
minimum_height = 29
----------
x_coordinates = [11, 14, 11, 4, 0, 0, 4, 0, 0, 25, 8, 22, 16, 22, 19, 11, 19, 8, 19, 25, 19, 16]
y_coordinates = [6, 19, 0, 5, 7, 20, 0, 3, 0, 0, 0, 0, 3, 17, 4, 19, 14, 21, 22, 23, 0, 0]
x_dimensions = [5, 5, 5, 4, 4, 4, 4, 4, 4, 3, 3, 3, 3, 3, 3, 3, 3, 3, 3, 3, 3, 3]
y_dimensions = [13, 9, 6, 23, 13, 8, 5, 4, 3, 23, 21, 17, 16, 11, 10, 9, 8, 7, 6, 5, 4, 3]
minimum_height = 28
----------
==========
%%%mzn-stat: nodes=27455
%%%mzn-stat: failures=13643
%%%mzn-stat: restarts=397
%%%mzn-stat: variables=4639
%%%mzn-stat: intVars=104
%%%mzn-stat: boolVariables=4533
%%%mzn-stat: propagators=2046
%%%mzn-stat: propagations=5623071
%%%mzn-stat: peakDepth=124
%%%mzn-stat: nogoods=13643
%%%mzn-stat: backjumps=6373
%%%mzn-stat: peakMem=0.00
%%%mzn-stat: time=2.903
%%%mzn-stat: initTime=0.018
%%%mzn-stat: solveTime=2.885
%%%mzn-stat: objective=28
%%%mzn-stat: optTime=2.885
%%%mzn-stat: baseMem=0.00
%%%mzn-stat: trailMem=0.02
%%%mzn-stat: randomSeed=1657196216
