x_coordinates = [10, 31, 27, 31, 27, 23, 19, 15, 11, 7, 3, 0, 3, 6, 12, 9, 15, 18, 24, 21, 28, 21]
y_coordinates = [44, 50, 51, 106, 111, 115, 116, 117, 118, 119, 120, 101, 101, 107, 108, 109, 109, 109, 109, 110, 107, 107]
x_dimensions = [14, 4, 4, 4, 4, 4, 4, 4, 4, 4, 4, 3, 3, 3, 3, 3, 3, 3, 3, 3, 3, 3]
y_dimensions = [35, 23, 20, 17, 12, 8, 7, 6, 5, 4, 3, 22, 19, 12, 10, 9, 8, 7, 6, 5, 4, 3]
minimum_height = 123
----------
x_coordinates = [10, 31, 27, 23, 19, 15, 11, 7, 3, 3, 7, 0, 12, 15, 9, 6, 3, 18, 24, 21, 3, 6]
y_coordinates = [43, 99, 102, 105, 110, 114, 115, 116, 117, 113, 113, 100, 96, 102, 103, 104, 105, 103, 99, 100, 101, 101]
x_dimensions = [14, 4, 4, 4, 4, 4, 4, 4, 4, 4, 4, 3, 3, 3, 3, 3, 3, 3, 3, 3, 3, 3]
y_dimensions = [35, 23, 20, 17, 12, 8, 7, 6, 5, 4, 3, 22, 19, 12, 10, 9, 8, 7, 6, 5, 4, 3]
minimum_height = 122
----------
x_coordinates = [10, 4, 0, 9, 22, 25, 23, 25, 18, 22, 31, 29, 32, 26, 29, 14, 8, 11, 17, 20, 23, 32]
y_coordinates = [42, 98, 101, 96, 100, 92, 85, 34, 110, 112, 86, 89, 102, 109, 111, 112, 113, 114, 115, 116, 117, 1]
x_dimensions = [14, 4, 4, 4, 4, 4, 4, 4, 4, 4, 4, 3, 3, 3, 3, 3, 3, 3, 3, 3, 3, 3]
y_dimensions = [35, 23, 20, 17, 12, 8, 7, 6, 5, 4, 3, 22, 19, 12, 10, 9, 8, 7, 6, 5, 4, 3]
minimum_height = 121
----------
x_coordinates = [10, 31, 27, 23, 19, 15, 11, 7, 3, 3, 7, 0, 12, 15, 9, 6, 3, 18, 24, 21, 3, 6]
y_coordinates = [42, 97, 100, 103, 108, 112, 113, 114, 115, 111, 111, 98, 94, 100, 101, 102, 103, 101, 97, 98, 99, 99]
x_dimensions = [14, 4, 4, 4, 4, 4, 4, 4, 4, 4, 4, 3, 3, 3, 3, 3, 3, 3, 3, 3, 3, 3]
y_dimensions = [35, 23, 20, 17, 12, 8, 7, 6, 5, 4, 3, 22, 19, 12, 10, 9, 8, 7, 6, 5, 4, 3]
minimum_height = 120
----------
x_coordinates = [10, 31, 27, 31, 27, 23, 19, 15, 11, 7, 3, 0, 3, 6, 12, 9, 15, 18, 24, 21, 28, 21]
y_coordinates = [42, 48, 49, 102, 107, 111, 112, 113, 114, 115, 116, 97, 97, 103, 104, 105, 105, 105, 105, 106, 103, 103]
x_dimensions = [14, 4, 4, 4, 4, 4, 4, 4, 4, 4, 4, 3, 3, 3, 3, 3, 3, 3, 3, 3, 3, 3]
y_dimensions = [35, 23, 20, 17, 12, 8, 7, 6, 5, 4, 3, 22, 19, 12, 10, 9, 8, 7, 6, 5, 4, 3]
minimum_height = 119
----------
x_coordinates = [10, 31, 27, 23, 19, 15, 11, 7, 3, 3, 7, 0, 12, 15, 9, 6, 3, 18, 24, 21, 3, 6]
y_coordinates = [41, 95, 98, 101, 106, 110, 111, 112, 113, 109, 109, 96, 92, 98, 99, 100, 101, 99, 95, 96, 97, 97]
x_dimensions = [14, 4, 4, 4, 4, 4, 4, 4, 4, 4, 4, 3, 3, 3, 3, 3, 3, 3, 3, 3, 3, 3]
y_dimensions = [35, 23, 20, 17, 12, 8, 7, 6, 5, 4, 3, 22, 19, 12, 10, 9, 8, 7, 6, 5, 4, 3]
minimum_height = 118
----------
x_coordinates = [10, 31, 27, 31, 27, 23, 19, 15, 11, 7, 3, 0, 3, 6, 12, 9, 15, 18, 24, 21, 28, 21]
y_coordinates = [41, 47, 48, 100, 105, 109, 110, 111, 112, 113, 114, 95, 95, 101, 102, 103, 103, 103, 103, 104, 101, 101]
x_dimensions = [14, 4, 4, 4, 4, 4, 4, 4, 4, 4, 4, 3, 3, 3, 3, 3, 3, 3, 3, 3, 3, 3]
y_dimensions = [35, 23, 20, 17, 12, 8, 7, 6, 5, 4, 3, 22, 19, 12, 10, 9, 8, 7, 6, 5, 4, 3]
minimum_height = 117
----------
x_coordinates = [10, 31, 27, 23, 19, 15, 11, 7, 3, 3, 7, 0, 12, 15, 9, 6, 3, 18, 24, 21, 3, 6]
y_coordinates = [40, 93, 96, 99, 104, 108, 109, 110, 111, 107, 107, 94, 90, 96, 97, 98, 99, 97, 93, 94, 95, 95]
x_dimensions = [14, 4, 4, 4, 4, 4, 4, 4, 4, 4, 4, 3, 3, 3, 3, 3, 3, 3, 3, 3, 3, 3]
y_dimensions = [35, 23, 20, 17, 12, 8, 7, 6, 5, 4, 3, 22, 19, 12, 10, 9, 8, 7, 6, 5, 4, 3]
minimum_height = 116
----------
x_coordinates = [10, 31, 27, 31, 27, 23, 19, 15, 11, 7, 3, 0, 3, 6, 12, 9, 15, 18, 24, 21, 28, 21]
y_coordinates = [40, 46, 47, 98, 103, 107, 108, 109, 110, 111, 112, 93, 93, 99, 100, 101, 101, 101, 101, 102, 99, 99]
x_dimensions = [14, 4, 4, 4, 4, 4, 4, 4, 4, 4, 4, 3, 3, 3, 3, 3, 3, 3, 3, 3, 3, 3]
y_dimensions = [35, 23, 20, 17, 12, 8, 7, 6, 5, 4, 3, 22, 19, 12, 10, 9, 8, 7, 6, 5, 4, 3]
minimum_height = 115
----------
x_coordinates = [10, 31, 27, 23, 19, 15, 11, 7, 3, 3, 7, 0, 12, 15, 9, 6, 3, 18, 24, 21, 3, 6]
y_coordinates = [39, 91, 94, 97, 102, 106, 107, 108, 109, 105, 105, 92, 88, 94, 95, 96, 97, 95, 91, 92, 93, 93]
x_dimensions = [14, 4, 4, 4, 4, 4, 4, 4, 4, 4, 4, 3, 3, 3, 3, 3, 3, 3, 3, 3, 3, 3]
y_dimensions = [35, 23, 20, 17, 12, 8, 7, 6, 5, 4, 3, 22, 19, 12, 10, 9, 8, 7, 6, 5, 4, 3]
minimum_height = 114
----------
x_coordinates = [10, 31, 27, 31, 27, 23, 19, 15, 11, 7, 3, 0, 3, 6, 12, 9, 15, 18, 24, 21, 28, 21]
y_coordinates = [39, 45, 46, 96, 101, 105, 106, 107, 108, 109, 110, 91, 91, 97, 98, 99, 99, 99, 99, 100, 97, 97]
x_dimensions = [14, 4, 4, 4, 4, 4, 4, 4, 4, 4, 4, 3, 3, 3, 3, 3, 3, 3, 3, 3, 3, 3]
y_dimensions = [35, 23, 20, 17, 12, 8, 7, 6, 5, 4, 3, 22, 19, 12, 10, 9, 8, 7, 6, 5, 4, 3]
minimum_height = 113
----------
x_coordinates = [10, 31, 27, 23, 19, 15, 11, 7, 3, 3, 7, 0, 12, 15, 9, 6, 3, 18, 24, 21, 3, 6]
y_coordinates = [38, 89, 92, 95, 100, 104, 105, 106, 107, 103, 103, 90, 86, 92, 93, 94, 95, 93, 89, 90, 91, 91]
x_dimensions = [14, 4, 4, 4, 4, 4, 4, 4, 4, 4, 4, 3, 3, 3, 3, 3, 3, 3, 3, 3, 3, 3]
y_dimensions = [35, 23, 20, 17, 12, 8, 7, 6, 5, 4, 3, 22, 19, 12, 10, 9, 8, 7, 6, 5, 4, 3]
minimum_height = 112
----------
x_coordinates = [10, 31, 27, 31, 27, 23, 19, 15, 11, 7, 3, 0, 3, 6, 12, 9, 15, 18, 24, 21, 28, 21]
y_coordinates = [38, 44, 45, 94, 99, 103, 104, 105, 106, 107, 108, 89, 89, 95, 96, 97, 97, 97, 97, 98, 95, 95]
x_dimensions = [14, 4, 4, 4, 4, 4, 4, 4, 4, 4, 4, 3, 3, 3, 3, 3, 3, 3, 3, 3, 3, 3]
y_dimensions = [35, 23, 20, 17, 12, 8, 7, 6, 5, 4, 3, 22, 19, 12, 10, 9, 8, 7, 6, 5, 4, 3]
minimum_height = 111
----------
x_coordinates = [10, 31, 27, 23, 19, 15, 11, 7, 3, 3, 7, 0, 12, 15, 9, 6, 3, 18, 24, 21, 3, 6]
y_coordinates = [37, 87, 90, 93, 98, 102, 103, 104, 105, 101, 101, 88, 84, 90, 91, 92, 93, 91, 87, 88, 89, 89]
x_dimensions = [14, 4, 4, 4, 4, 4, 4, 4, 4, 4, 4, 3, 3, 3, 3, 3, 3, 3, 3, 3, 3, 3]
y_dimensions = [35, 23, 20, 17, 12, 8, 7, 6, 5, 4, 3, 22, 19, 12, 10, 9, 8, 7, 6, 5, 4, 3]
minimum_height = 110
----------
x_coordinates = [10, 31, 27, 31, 27, 23, 19, 15, 11, 7, 3, 0, 3, 6, 12, 9, 15, 18, 24, 21, 28, 21]
y_coordinates = [37, 43, 44, 92, 97, 101, 102, 103, 104, 105, 106, 87, 87, 93, 94, 95, 95, 95, 95, 96, 93, 93]
x_dimensions = [14, 4, 4, 4, 4, 4, 4, 4, 4, 4, 4, 3, 3, 3, 3, 3, 3, 3, 3, 3, 3, 3]
y_dimensions = [35, 23, 20, 17, 12, 8, 7, 6, 5, 4, 3, 22, 19, 12, 10, 9, 8, 7, 6, 5, 4, 3]
minimum_height = 109
----------
x_coordinates = [10, 31, 27, 23, 19, 15, 11, 7, 3, 3, 7, 0, 12, 15, 9, 6, 3, 18, 24, 21, 3, 6]
y_coordinates = [36, 85, 88, 91, 96, 100, 101, 102, 103, 99, 99, 86, 82, 88, 89, 90, 91, 89, 85, 86, 87, 87]
x_dimensions = [14, 4, 4, 4, 4, 4, 4, 4, 4, 4, 4, 3, 3, 3, 3, 3, 3, 3, 3, 3, 3, 3]
y_dimensions = [35, 23, 20, 17, 12, 8, 7, 6, 5, 4, 3, 22, 19, 12, 10, 9, 8, 7, 6, 5, 4, 3]
minimum_height = 108
----------
x_coordinates = [10, 31, 27, 31, 27, 23, 19, 15, 11, 7, 3, 0, 3, 6, 12, 9, 15, 18, 24, 21, 28, 21]
y_coordinates = [36, 42, 43, 90, 95, 99, 100, 101, 102, 103, 104, 85, 85, 91, 92, 93, 93, 93, 93, 94, 91, 91]
x_dimensions = [14, 4, 4, 4, 4, 4, 4, 4, 4, 4, 4, 3, 3, 3, 3, 3, 3, 3, 3, 3, 3, 3]
y_dimensions = [35, 23, 20, 17, 12, 8, 7, 6, 5, 4, 3, 22, 19, 12, 10, 9, 8, 7, 6, 5, 4, 3]
minimum_height = 107
----------
x_coordinates = [10, 31, 27, 23, 19, 15, 11, 7, 3, 3, 7, 0, 12, 15, 9, 6, 3, 18, 24, 21, 3, 6]
y_coordinates = [35, 83, 86, 89, 94, 98, 99, 100, 101, 97, 97, 84, 80, 86, 87, 88, 89, 87, 83, 84, 85, 85]
x_dimensions = [14, 4, 4, 4, 4, 4, 4, 4, 4, 4, 4, 3, 3, 3, 3, 3, 3, 3, 3, 3, 3, 3]
y_dimensions = [35, 23, 20, 17, 12, 8, 7, 6, 5, 4, 3, 22, 19, 12, 10, 9, 8, 7, 6, 5, 4, 3]
minimum_height = 106
----------
x_coordinates = [10, 31, 27, 31, 27, 23, 19, 15, 11, 7, 3, 0, 3, 6, 12, 9, 15, 18, 24, 21, 28, 21]
y_coordinates = [35, 41, 42, 88, 93, 97, 98, 99, 100, 101, 102, 83, 83, 89, 90, 91, 91, 91, 91, 92, 89, 89]
x_dimensions = [14, 4, 4, 4, 4, 4, 4, 4, 4, 4, 4, 3, 3, 3, 3, 3, 3, 3, 3, 3, 3, 3]
y_dimensions = [35, 23, 20, 17, 12, 8, 7, 6, 5, 4, 3, 22, 19, 12, 10, 9, 8, 7, 6, 5, 4, 3]
minimum_height = 105
----------
x_coordinates = [10, 31, 27, 23, 19, 15, 11, 7, 3, 3, 7, 0, 12, 15, 9, 6, 3, 18, 24, 21, 3, 6]
y_coordinates = [34, 81, 84, 87, 92, 96, 97, 98, 99, 95, 95, 82, 78, 84, 85, 86, 87, 85, 81, 82, 83, 83]
x_dimensions = [14, 4, 4, 4, 4, 4, 4, 4, 4, 4, 4, 3, 3, 3, 3, 3, 3, 3, 3, 3, 3, 3]
y_dimensions = [35, 23, 20, 17, 12, 8, 7, 6, 5, 4, 3, 22, 19, 12, 10, 9, 8, 7, 6, 5, 4, 3]
minimum_height = 104
----------
x_coordinates = [10, 31, 27, 31, 27, 23, 19, 15, 11, 7, 3, 0, 3, 6, 12, 9, 15, 18, 24, 21, 28, 21]
y_coordinates = [34, 40, 41, 86, 91, 95, 96, 97, 98, 99, 100, 81, 81, 87, 88, 89, 89, 89, 89, 90, 87, 87]
x_dimensions = [14, 4, 4, 4, 4, 4, 4, 4, 4, 4, 4, 3, 3, 3, 3, 3, 3, 3, 3, 3, 3, 3]
y_dimensions = [35, 23, 20, 17, 12, 8, 7, 6, 5, 4, 3, 22, 19, 12, 10, 9, 8, 7, 6, 5, 4, 3]
minimum_height = 103
----------
x_coordinates = [10, 31, 27, 23, 19, 15, 11, 7, 3, 3, 7, 0, 12, 15, 9, 6, 3, 18, 24, 21, 3, 6]
y_coordinates = [33, 79, 82, 85, 90, 94, 95, 96, 97, 93, 93, 80, 76, 82, 83, 84, 85, 83, 79, 80, 81, 81]
x_dimensions = [14, 4, 4, 4, 4, 4, 4, 4, 4, 4, 4, 3, 3, 3, 3, 3, 3, 3, 3, 3, 3, 3]
y_dimensions = [35, 23, 20, 17, 12, 8, 7, 6, 5, 4, 3, 22, 19, 12, 10, 9, 8, 7, 6, 5, 4, 3]
minimum_height = 102
----------
x_coordinates = [10, 31, 27, 31, 27, 23, 19, 15, 11, 7, 3, 0, 3, 6, 12, 9, 15, 18, 24, 21, 28, 21]
y_coordinates = [33, 39, 40, 84, 89, 93, 94, 95, 96, 97, 98, 79, 79, 85, 86, 87, 87, 87, 87, 88, 85, 85]
x_dimensions = [14, 4, 4, 4, 4, 4, 4, 4, 4, 4, 4, 3, 3, 3, 3, 3, 3, 3, 3, 3, 3, 3]
y_dimensions = [35, 23, 20, 17, 12, 8, 7, 6, 5, 4, 3, 22, 19, 12, 10, 9, 8, 7, 6, 5, 4, 3]
minimum_height = 101
----------
x_coordinates = [10, 31, 27, 23, 19, 15, 11, 7, 3, 3, 7, 0, 12, 15, 9, 6, 3, 18, 24, 21, 3, 6]
y_coordinates = [32, 77, 80, 83, 88, 92, 93, 94, 95, 91, 91, 78, 74, 80, 81, 82, 83, 81, 77, 78, 79, 79]
x_dimensions = [14, 4, 4, 4, 4, 4, 4, 4, 4, 4, 4, 3, 3, 3, 3, 3, 3, 3, 3, 3, 3, 3]
y_dimensions = [35, 23, 20, 17, 12, 8, 7, 6, 5, 4, 3, 22, 19, 12, 10, 9, 8, 7, 6, 5, 4, 3]
minimum_height = 100
----------
x_coordinates = [10, 31, 27, 31, 27, 23, 19, 15, 11, 7, 3, 0, 3, 6, 12, 9, 15, 18, 24, 21, 28, 21]
y_coordinates = [32, 38, 39, 82, 87, 91, 92, 93, 94, 95, 96, 77, 77, 83, 84, 85, 85, 85, 85, 86, 83, 83]
x_dimensions = [14, 4, 4, 4, 4, 4, 4, 4, 4, 4, 4, 3, 3, 3, 3, 3, 3, 3, 3, 3, 3, 3]
y_dimensions = [35, 23, 20, 17, 12, 8, 7, 6, 5, 4, 3, 22, 19, 12, 10, 9, 8, 7, 6, 5, 4, 3]
minimum_height = 99
----------
x_coordinates = [10, 31, 27, 23, 19, 15, 11, 7, 3, 3, 7, 0, 12, 15, 9, 6, 3, 18, 24, 21, 3, 6]
y_coordinates = [31, 75, 78, 81, 86, 90, 91, 92, 93, 89, 89, 76, 72, 78, 79, 80, 81, 79, 75, 76, 77, 77]
x_dimensions = [14, 4, 4, 4, 4, 4, 4, 4, 4, 4, 4, 3, 3, 3, 3, 3, 3, 3, 3, 3, 3, 3]
y_dimensions = [35, 23, 20, 17, 12, 8, 7, 6, 5, 4, 3, 22, 19, 12, 10, 9, 8, 7, 6, 5, 4, 3]
minimum_height = 98
----------
x_coordinates = [10, 31, 27, 31, 27, 23, 19, 15, 11, 7, 3, 0, 3, 6, 12, 9, 15, 18, 24, 21, 28, 21]
y_coordinates = [31, 37, 38, 80, 85, 89, 90, 91, 92, 93, 94, 75, 75, 81, 82, 83, 83, 83, 83, 84, 81, 81]
x_dimensions = [14, 4, 4, 4, 4, 4, 4, 4, 4, 4, 4, 3, 3, 3, 3, 3, 3, 3, 3, 3, 3, 3]
y_dimensions = [35, 23, 20, 17, 12, 8, 7, 6, 5, 4, 3, 22, 19, 12, 10, 9, 8, 7, 6, 5, 4, 3]
minimum_height = 97
----------
x_coordinates = [10, 31, 27, 23, 19, 15, 11, 7, 3, 3, 7, 0, 12, 15, 9, 6, 3, 18, 24, 21, 3, 6]
y_coordinates = [30, 73, 76, 79, 84, 88, 89, 90, 91, 87, 87, 74, 70, 76, 77, 78, 79, 77, 73, 74, 75, 75]
x_dimensions = [14, 4, 4, 4, 4, 4, 4, 4, 4, 4, 4, 3, 3, 3, 3, 3, 3, 3, 3, 3, 3, 3]
y_dimensions = [35, 23, 20, 17, 12, 8, 7, 6, 5, 4, 3, 22, 19, 12, 10, 9, 8, 7, 6, 5, 4, 3]
minimum_height = 96
----------
x_coordinates = [10, 31, 27, 31, 27, 23, 19, 15, 11, 7, 3, 0, 3, 6, 12, 9, 15, 18, 24, 21, 28, 21]
y_coordinates = [30, 36, 37, 78, 83, 87, 88, 89, 90, 91, 92, 73, 73, 79, 80, 81, 81, 81, 81, 82, 79, 79]
x_dimensions = [14, 4, 4, 4, 4, 4, 4, 4, 4, 4, 4, 3, 3, 3, 3, 3, 3, 3, 3, 3, 3, 3]
y_dimensions = [35, 23, 20, 17, 12, 8, 7, 6, 5, 4, 3, 22, 19, 12, 10, 9, 8, 7, 6, 5, 4, 3]
minimum_height = 95
----------
x_coordinates = [10, 31, 27, 23, 19, 15, 11, 7, 3, 3, 7, 0, 12, 15, 9, 6, 3, 18, 24, 21, 3, 6]
y_coordinates = [29, 71, 74, 77, 82, 86, 87, 88, 89, 85, 85, 72, 68, 74, 75, 76, 77, 75, 71, 72, 73, 73]
x_dimensions = [14, 4, 4, 4, 4, 4, 4, 4, 4, 4, 4, 3, 3, 3, 3, 3, 3, 3, 3, 3, 3, 3]
y_dimensions = [35, 23, 20, 17, 12, 8, 7, 6, 5, 4, 3, 22, 19, 12, 10, 9, 8, 7, 6, 5, 4, 3]
minimum_height = 94
----------
x_coordinates = [10, 31, 27, 31, 27, 23, 19, 15, 11, 7, 3, 0, 3, 6, 12, 9, 15, 18, 24, 21, 28, 21]
y_coordinates = [29, 35, 36, 76, 81, 85, 86, 87, 88, 89, 90, 71, 71, 77, 78, 79, 79, 79, 79, 80, 77, 77]
x_dimensions = [14, 4, 4, 4, 4, 4, 4, 4, 4, 4, 4, 3, 3, 3, 3, 3, 3, 3, 3, 3, 3, 3]
y_dimensions = [35, 23, 20, 17, 12, 8, 7, 6, 5, 4, 3, 22, 19, 12, 10, 9, 8, 7, 6, 5, 4, 3]
minimum_height = 93
----------
x_coordinates = [10, 31, 27, 23, 19, 15, 11, 7, 3, 3, 7, 0, 12, 15, 9, 6, 3, 18, 24, 21, 3, 6]
y_coordinates = [28, 69, 72, 75, 80, 84, 85, 86, 87, 83, 83, 70, 66, 72, 73, 74, 75, 73, 69, 70, 71, 71]
x_dimensions = [14, 4, 4, 4, 4, 4, 4, 4, 4, 4, 4, 3, 3, 3, 3, 3, 3, 3, 3, 3, 3, 3]
y_dimensions = [35, 23, 20, 17, 12, 8, 7, 6, 5, 4, 3, 22, 19, 12, 10, 9, 8, 7, 6, 5, 4, 3]
minimum_height = 92
----------
x_coordinates = [10, 31, 27, 31, 27, 23, 19, 15, 11, 7, 3, 0, 3, 6, 12, 9, 15, 18, 24, 21, 28, 21]
y_coordinates = [28, 34, 35, 74, 79, 83, 84, 85, 86, 87, 88, 69, 69, 75, 76, 77, 77, 77, 77, 78, 75, 75]
x_dimensions = [14, 4, 4, 4, 4, 4, 4, 4, 4, 4, 4, 3, 3, 3, 3, 3, 3, 3, 3, 3, 3, 3]
y_dimensions = [35, 23, 20, 17, 12, 8, 7, 6, 5, 4, 3, 22, 19, 12, 10, 9, 8, 7, 6, 5, 4, 3]
minimum_height = 91
----------
x_coordinates = [10, 31, 27, 23, 19, 15, 11, 7, 3, 3, 7, 0, 12, 15, 9, 6, 3, 18, 24, 21, 3, 6]
y_coordinates = [27, 67, 70, 73, 78, 82, 83, 84, 85, 81, 81, 68, 64, 70, 71, 72, 73, 71, 67, 68, 69, 69]
x_dimensions = [14, 4, 4, 4, 4, 4, 4, 4, 4, 4, 4, 3, 3, 3, 3, 3, 3, 3, 3, 3, 3, 3]
y_dimensions = [35, 23, 20, 17, 12, 8, 7, 6, 5, 4, 3, 22, 19, 12, 10, 9, 8, 7, 6, 5, 4, 3]
minimum_height = 90
----------
x_coordinates = [10, 31, 27, 31, 27, 23, 19, 15, 11, 7, 3, 0, 3, 6, 12, 9, 15, 18, 24, 21, 28, 21]
y_coordinates = [27, 33, 34, 72, 77, 81, 82, 83, 84, 85, 86, 67, 67, 73, 74, 75, 75, 75, 75, 76, 73, 73]
x_dimensions = [14, 4, 4, 4, 4, 4, 4, 4, 4, 4, 4, 3, 3, 3, 3, 3, 3, 3, 3, 3, 3, 3]
y_dimensions = [35, 23, 20, 17, 12, 8, 7, 6, 5, 4, 3, 22, 19, 12, 10, 9, 8, 7, 6, 5, 4, 3]
minimum_height = 89
----------
x_coordinates = [10, 31, 27, 23, 19, 15, 11, 7, 3, 3, 7, 0, 12, 15, 9, 6, 3, 18, 24, 21, 3, 6]
y_coordinates = [26, 65, 68, 71, 76, 80, 81, 82, 83, 79, 79, 66, 62, 68, 69, 70, 71, 69, 65, 66, 67, 67]
x_dimensions = [14, 4, 4, 4, 4, 4, 4, 4, 4, 4, 4, 3, 3, 3, 3, 3, 3, 3, 3, 3, 3, 3]
y_dimensions = [35, 23, 20, 17, 12, 8, 7, 6, 5, 4, 3, 22, 19, 12, 10, 9, 8, 7, 6, 5, 4, 3]
minimum_height = 88
----------
x_coordinates = [10, 31, 27, 31, 27, 23, 19, 15, 11, 7, 3, 0, 3, 6, 12, 9, 15, 18, 24, 21, 28, 21]
y_coordinates = [26, 32, 33, 70, 75, 79, 80, 81, 82, 83, 84, 65, 65, 71, 72, 73, 73, 73, 73, 74, 71, 71]
x_dimensions = [14, 4, 4, 4, 4, 4, 4, 4, 4, 4, 4, 3, 3, 3, 3, 3, 3, 3, 3, 3, 3, 3]
y_dimensions = [35, 23, 20, 17, 12, 8, 7, 6, 5, 4, 3, 22, 19, 12, 10, 9, 8, 7, 6, 5, 4, 3]
minimum_height = 87
----------
x_coordinates = [10, 31, 27, 23, 19, 15, 11, 7, 3, 3, 7, 0, 12, 15, 9, 6, 3, 18, 24, 21, 3, 6]
y_coordinates = [25, 63, 66, 69, 74, 78, 79, 80, 81, 77, 77, 64, 60, 66, 67, 68, 69, 67, 63, 64, 65, 65]
x_dimensions = [14, 4, 4, 4, 4, 4, 4, 4, 4, 4, 4, 3, 3, 3, 3, 3, 3, 3, 3, 3, 3, 3]
y_dimensions = [35, 23, 20, 17, 12, 8, 7, 6, 5, 4, 3, 22, 19, 12, 10, 9, 8, 7, 6, 5, 4, 3]
minimum_height = 86
----------
x_coordinates = [10, 31, 27, 31, 27, 23, 19, 15, 11, 7, 3, 0, 3, 6, 12, 9, 15, 18, 24, 21, 28, 21]
y_coordinates = [25, 31, 32, 68, 73, 77, 78, 79, 80, 81, 82, 63, 63, 69, 70, 71, 71, 71, 71, 72, 69, 69]
x_dimensions = [14, 4, 4, 4, 4, 4, 4, 4, 4, 4, 4, 3, 3, 3, 3, 3, 3, 3, 3, 3, 3, 3]
y_dimensions = [35, 23, 20, 17, 12, 8, 7, 6, 5, 4, 3, 22, 19, 12, 10, 9, 8, 7, 6, 5, 4, 3]
minimum_height = 85
----------
x_coordinates = [4, 20, 28, 8, 24, 25, 25, 27, 15, 22, 28, 32, 27, 31, 28, 23, 32, 12, 21, 29, 29, 19]
y_coordinates = [12, 61, 60, 58, 64, 13, 21, 5, 60, 9, 38, 37, 41, 20, 28, 52, 60, 60, 15, 11, 16, 10]
x_dimensions = [14, 4, 4, 4, 4, 4, 4, 4, 4, 4, 4, 3, 3, 3, 3, 3, 3, 3, 3, 3, 3, 3]
y_dimensions = [35, 23, 20, 17, 12, 8, 7, 6, 5, 4, 3, 22, 19, 12, 10, 9, 8, 7, 6, 5, 4, 3]
minimum_height = 84
----------
x_coordinates = [0, 31, 29, 26, 27, 28, 27, 25, 23, 19, 19, 32, 22, 32, 24, 29, 26, 23, 17, 26, 30, 18]
y_coordinates = [4, 2, 63, 37, 10, 29, 22, 77, 21, 55, 61, 41, 64, 25, 27, 54, 62, 57, 69, 55, 37, 6]
x_dimensions = [14, 4, 4, 4, 4, 4, 4, 4, 4, 4, 4, 3, 3, 3, 3, 3, 3, 3, 3, 3, 3, 3]
y_dimensions = [35, 23, 20, 17, 12, 8, 7, 6, 5, 4, 3, 22, 19, 12, 10, 9, 8, 7, 6, 5, 4, 3]
minimum_height = 83
----------
x_coordinates = [1, 31, 30, 22, 27, 28, 28, 23, 23, 15, 28, 32, 26, 32, 25, 29, 27, 18, 13, 27, 29, 32]
y_coordinates = [5, 1, 62, 55, 12, 31, 24, 17, 23, 24, 58, 40, 39, 28, 29, 49, 61, 56, 55, 71, 39, 25]
x_dimensions = [14, 4, 4, 4, 4, 4, 4, 4, 4, 4, 4, 3, 3, 3, 3, 3, 3, 3, 3, 3, 3, 3]
y_dimensions = [35, 23, 20, 17, 12, 8, 7, 6, 5, 4, 3, 22, 19, 12, 10, 9, 8, 7, 6, 5, 4, 3]
minimum_height = 82
----------
x_coordinates = [7, 23, 24, 27, 31, 27, 28, 31, 27, 4, 30, 28, 31, 32, 25, 32, 29, 21, 20, 18, 32, 32]
y_coordinates = [18, 30, 61, 27, 19, 44, 62, 12, 52, 57, 69, 5, 43, 31, 17, 72, 73, 70, 55, 70, 65, 62]
x_dimensions = [14, 4, 4, 4, 4, 4, 4, 4, 4, 4, 4, 3, 3, 3, 3, 3, 3, 3, 3, 3, 3, 3]
y_dimensions = [35, 23, 20, 17, 12, 8, 7, 6, 5, 4, 3, 22, 19, 12, 10, 9, 8, 7, 6, 5, 4, 3]
minimum_height = 81
----------
x_coordinates = [2, 24, 30, 20, 28, 26, 28, 31, 20, 18, 12, 16, 28, 32, 17, 32, 31, 22, 11, 11, 19, 25]
y_coordinates = [19, 40, 21, 40, 41, 32, 72, 11, 62, 76, 71, 52, 53, 51, 42, 71, 63, 70, 65, 75, 71, 70]
x_dimensions = [14, 4, 4, 4, 4, 4, 4, 4, 4, 4, 4, 3, 3, 3, 3, 3, 3, 3, 3, 3, 3, 3]
y_dimensions = [35, 23, 20, 17, 12, 8, 7, 6, 5, 4, 3, 22, 19, 12, 10, 9, 8, 7, 6, 5, 4, 3]
minimum_height = 80
----------
x_coordinates = [0, 30, 31, 19, 14, 24, 31, 31, 21, 26, 21, 15, 28, 12, 14, 18, 32, 9, 6, 9, 25, 29]
y_coordinates = [22, 21, 44, 48, 43, 54, 64, 3, 67, 10, 72, 57, 54, 61, 33, 70, 71, 70, 67, 65, 70, 73]
x_dimensions = [14, 4, 4, 4, 4, 4, 4, 4, 4, 4, 4, 3, 3, 3, 3, 3, 3, 3, 3, 3, 3, 3]
y_dimensions = [35, 23, 20, 17, 12, 8, 7, 6, 5, 4, 3, 22, 19, 12, 10, 9, 8, 7, 6, 5, 4, 3]
minimum_height = 79
----------
x_coordinates = [10, 30, 31, 10, 24, 21, 31, 6, 17, 9, 26, 25, 28, 22, 24, 24, 32, 14, 27, 7, 3, 29]
y_coordinates = [18, 20, 43, 53, 42, 70, 63, 65, 69, 13, 39, 56, 56, 58, 20, 30, 70, 69, 33, 30, 69, 75]
x_dimensions = [14, 4, 4, 4, 4, 4, 4, 4, 4, 4, 4, 3, 3, 3, 3, 3, 3, 3, 3, 3, 3, 3]
y_dimensions = [35, 23, 20, 17, 12, 8, 7, 6, 5, 4, 3, 22, 19, 12, 10, 9, 8, 7, 6, 5, 4, 3]
minimum_height = 78
----------
x_coordinates = [10, 31, 31, 19, 27, 30, 31, 24, 26, 19, 27, 28, 27, 29, 24, 26, 23, 16, 30, 7, 25, 32]
y_coordinates = [20, 34, 8, 56, 45, 69, 1, 1, 72, 12, 23, 1, 26, 57, 22, 63, 68, 70, 28, 27, 7, 66]
x_dimensions = [14, 4, 4, 4, 4, 4, 4, 4, 4, 4, 4, 3, 3, 3, 3, 3, 3, 3, 3, 3, 3, 3]
y_dimensions = [35, 23, 20, 17, 12, 8, 7, 6, 5, 4, 3, 22, 19, 12, 10, 9, 8, 7, 6, 5, 4, 3]
minimum_height = 77
----------
x_coordinates = [10, 2, 6, 9, 28, 27, 31, 23, 31, 31, 26, 29, 28, 30, 25, 27, 32, 24, 32, 25, 25, 31]
y_coordinates = [19, 42, 23, 54, 43, 68, 35, 67, 70, 26, 64, 2, 24, 56, 23, 55, 48, 53, 42, 41, 34, 32]
x_dimensions = [14, 4, 4, 4, 4, 4, 4, 4, 4, 4, 4, 3, 3, 3, 3, 3, 3, 3, 3, 3, 3, 3]
y_dimensions = [35, 23, 20, 17, 12, 8, 7, 6, 5, 4, 3, 22, 19, 12, 10, 9, 8, 7, 6, 5, 4, 3]
minimum_height = 76
----------
x_coordinates = [10, 6, 2, 19, 27, 27, 5, 23, 31, 4, 31, 29, 29, 30, 16, 27, 2, 0, 32, 3, 25, 31]
y_coordinates = [19, 39, 42, 54, 43, 67, 66, 65, 70, 62, 52, 2, 24, 55, 64, 58, 66, 34, 41, 37, 39, 67]
x_dimensions = [14, 4, 4, 4, 4, 4, 4, 4, 4, 4, 4, 3, 3, 3, 3, 3, 3, 3, 3, 3, 3, 3]
y_dimensions = [35, 23, 20, 17, 12, 8, 7, 6, 5, 4, 3, 22, 19, 12, 10, 9, 8, 7, 6, 5, 4, 3]
minimum_height = 75
----------
x_coordinates = [10, 15, 22, 11, 28, 31, 28, 31, 28, 0, 24, 29, 32, 31, 7, 28, 32, 19, 32, 26, 2, 27]
y_coordinates = [8, 43, 43, 55, 44, 14, 7, 1, 56, 67, 68, 22, 23, 62, 41, 61, 54, 60, 42, 39, 41, 71]
x_dimensions = [14, 4, 4, 4, 4, 4, 4, 4, 4, 4, 4, 3, 3, 3, 3, 3, 3, 3, 3, 3, 3, 3]
y_dimensions = [35, 23, 20, 17, 12, 8, 7, 6, 5, 4, 3, 22, 19, 12, 10, 9, 8, 7, 6, 5, 4, 3]
minimum_height = 74
----------
x_coordinates = [10, 14, 7, 2, 28, 31, 21, 28, 22, 5, 18, 25, 28, 32, 18, 32, 26, 11, 11, 29, 25, 32]
y_coordinates = [11, 46, 46, 46, 47, 39, 46, 67, 63, 34, 63, 30, 28, 49, 46, 64, 59, 63, 55, 60, 52, 61]
x_dimensions = [14, 4, 4, 4, 4, 4, 4, 4, 4, 4, 4, 3, 3, 3, 3, 3, 3, 3, 3, 3, 3, 3]
y_dimensions = [35, 23, 20, 17, 12, 8, 7, 6, 5, 4, 3, 22, 19, 12, 10, 9, 8, 7, 6, 5, 4, 3]
minimum_height = 73
----------
x_coordinates = [10, 11, 18, 4, 28, 31, 30, 31, 24, 13, 31, 25, 28, 32, 15, 31, 28, 15, 8, 32, 22, 32]
y_coordinates = [0, 42, 45, 54, 46, 26, 19, 34, 59, 35, 40, 25, 27, 48, 42, 63, 59, 62, 45, 43, 45, 60]
x_dimensions = [14, 4, 4, 4, 4, 4, 4, 4, 4, 4, 4, 3, 3, 3, 3, 3, 3, 3, 3, 3, 3, 3]
y_dimensions = [35, 23, 20, 17, 12, 8, 7, 6, 5, 4, 3, 22, 19, 12, 10, 9, 8, 7, 6, 5, 4, 3]
minimum_height = 72
----------
x_coordinates = [10, 10, 14, 6, 30, 19, 26, 18, 31, 31, 27, 23, 32, 22, 3, 29, 32, 27, 29, 30, 20, 30]
y_coordinates = [2, 48, 47, 54, 45, 51, 53, 59, 61, 57, 60, 37, 23, 59, 58, 22, 15, 64, 36, 66, 44, 42]
x_dimensions = [14, 4, 4, 4, 4, 4, 4, 4, 4, 4, 4, 3, 3, 3, 3, 3, 3, 3, 3, 3, 3, 3]
y_dimensions = [35, 23, 20, 17, 12, 8, 7, 6, 5, 4, 3, 22, 19, 12, 10, 9, 8, 7, 6, 5, 4, 3]
minimum_height = 71
----------
x_coordinates = [10, 31, 28, 21, 31, 7, 25, 22, 28, 14, 14, 25, 4, 32, 18, 26, 29, 32, 11, 32, 23, 28]
y_coordinates = [8, 1, 24, 43, 44, 59, 16, 64, 56, 60, 67, 23, 43, 32, 59, 61, 62, 58, 63, 65, 60, 44]
x_dimensions = [14, 4, 4, 4, 4, 4, 4, 4, 4, 4, 4, 3, 3, 3, 3, 3, 3, 3, 3, 3, 3, 3]
y_dimensions = [35, 23, 20, 17, 12, 8, 7, 6, 5, 4, 3, 22, 19, 12, 10, 9, 8, 7, 6, 5, 4, 3]
minimum_height = 70
----------
x_coordinates = [2, 10, 31, 27, 3, 31, 17, 27, 31, 26, 29, 16, 21, 4, 30, 14, 32, 1, 24, 7, 24, 14]
y_coordinates = [8, 46, 36, 48, 45, 28, 62, 32, 64, 65, 15, 32, 50, 57, 18, 54, 56, 60, 55, 60, 61, 63]
x_dimensions = [14, 4, 4, 4, 4, 4, 4, 4, 4, 4, 4, 3, 3, 3, 3, 3, 3, 3, 3, 3, 3, 3]
y_dimensions = [35, 23, 20, 17, 12, 8, 7, 6, 5, 4, 3, 22, 19, 12, 10, 9, 8, 7, 6, 5, 4, 3]
minimum_height = 69
----------
x_coordinates = [10, 28, 31, 31, 20, 6, 27, 20, 28, 21, 28, 11, 25, 15, 32, 12, 32, 18, 28, 14, 25, 32]
y_coordinates = [0, 17, 40, 0, 47, 57, 10, 36, 63, 62, 60, 36, 45, 56, 27, 58, 60, 59, 54, 36, 64, 37]
x_dimensions = [14, 4, 4, 4, 4, 4, 4, 4, 4, 4, 4, 3, 3, 3, 3, 3, 3, 3, 3, 3, 3, 3]
y_dimensions = [35, 23, 20, 17, 12, 8, 7, 6, 5, 4, 3, 22, 19, 12, 10, 9, 8, 7, 6, 5, 4, 3]
minimum_height = 68
----------
x_coordinates = [10, 31, 27, 31, 27, 23, 19, 15, 11, 7, 3, 0, 3, 6, 12, 9, 15, 18, 24, 21, 28, 21]
y_coordinates = [16, 22, 23, 50, 55, 59, 60, 61, 62, 63, 64, 45, 45, 51, 52, 53, 53, 53, 53, 54, 51, 51]
x_dimensions = [14, 4, 4, 4, 4, 4, 4, 4, 4, 4, 4, 3, 3, 3, 3, 3, 3, 3, 3, 3, 3, 3]
y_dimensions = [35, 23, 20, 17, 12, 8, 7, 6, 5, 4, 3, 22, 19, 12, 10, 9, 8, 7, 6, 5, 4, 3]
minimum_height = 67
----------
x_coordinates = [6, 23, 31, 27, 17, 0, 28, 4, 13, 23, 31, 28, 32, 10, 20, 23, 4, 21, 32, 7, 24, 1]
y_coordinates = [7, 32, 18, 49, 54, 55, 41, 51, 61, 55, 63, 19, 44, 54, 44, 23, 58, 59, 38, 61, 62, 63]
x_dimensions = [14, 4, 4, 4, 4, 4, 4, 4, 4, 4, 4, 3, 3, 3, 3, 3, 3, 3, 3, 3, 3, 3]
y_dimensions = [35, 23, 20, 17, 12, 8, 7, 6, 5, 4, 3, 22, 19, 12, 10, 9, 8, 7, 6, 5, 4, 3]
minimum_height = 66
----------
x_coordinates = [5, 28, 19, 27, 31, 16, 19, 20, 31, 23, 20, 13, 25, 30, 25, 28, 32, 32, 27, 31, 24, 31]
y_coordinates = [7, 30, 35, 4, 4, 56, 20, 56, 16, 26, 62, 43, 30, 53, 49, 21, 45, 29, 59, 21, 61, 26]
x_dimensions = [14, 4, 4, 4, 4, 4, 4, 4, 4, 4, 4, 3, 3, 3, 3, 3, 3, 3, 3, 3, 3, 3]
y_dimensions = [35, 23, 20, 17, 12, 8, 7, 6, 5, 4, 3, 22, 19, 12, 10, 9, 8, 7, 6, 5, 4, 3]
minimum_height = 65
----------
x_coordinates = [1, 28, 12, 15, 31, 4, 31, 22, 31, 22, 25, 9, 16, 32, 26, 32, 32, 19, 13, 31, 25, 29]
y_coordinates = [1, 31, 36, 17, 6, 56, 18, 55, 1, 51, 28, 42, 45, 52, 54, 43, 30, 51, 57, 25, 33, 54]
x_dimensions = [14, 4, 4, 4, 4, 4, 4, 4, 4, 4, 4, 3, 3, 3, 3, 3, 3, 3, 3, 3, 3, 3]
y_dimensions = [35, 23, 20, 17, 12, 8, 7, 6, 5, 4, 3, 22, 19, 12, 10, 9, 8, 7, 6, 5, 4, 3]
minimum_height = 64
----------
x_coordinates = [10, 31, 17, 29, 27, 5, 31, 10, 25, 24, 24, 14, 21, 28, 24, 28, 32, 31, 18, 29, 27, 29]
y_coordinates = [0, 40, 37, 0, 51, 55, 17, 50, 13, 30, 38, 41, 39, 39, 50, 22, 32, 24, 57, 34, 18, 31]
x_dimensions = [14, 4, 4, 4, 4, 4, 4, 4, 4, 4, 4, 3, 3, 3, 3, 3, 3, 3, 3, 3, 3, 3]
y_dimensions = [35, 23, 20, 17, 12, 8, 7, 6, 5, 4, 3, 22, 19, 12, 10, 9, 8, 7, 6, 5, 4, 3]
minimum_height = 63
----------
x_coordinates = [0, 29, 18, 14, 31, 17, 26, 21, 27, 23, 31, 22, 24, 30, 25, 28, 32, 20, 29, 28, 13, 27]
y_coordinates = [6, 34, 33, 20, 10, 53, 27, 56, 8, 21, 59, 33, 2, 22, 52, 13, 2, 21, 2, 57, 56, 24]
x_dimensions = [14, 4, 4, 4, 4, 4, 4, 4, 4, 4, 4, 3, 3, 3, 3, 3, 3, 3, 3, 3, 3, 3]
y_dimensions = [35, 23, 20, 17, 12, 8, 7, 6, 5, 4, 3, 22, 19, 12, 10, 9, 8, 7, 6, 5, 4, 3]
minimum_height = 62
----------
x_coordinates = [3, 31, 24, 31, 17, 24, 27, 22, 20, 26, 28, 28, 21, 32, 29, 28, 26, 24, 23, 32, 29, 32]
y_coordinates = [12, 33, 35, 16, 13, 23, 14, 9, 2, 31, 0, 35, 20, 4, 4, 22, 3, 15, 55, 56, 57, 1]
x_dimensions = [14, 4, 4, 4, 4, 4, 4, 4, 4, 4, 4, 3, 3, 3, 3, 3, 3, 3, 3, 3, 3, 3]
y_dimensions = [35, 23, 20, 17, 12, 8, 7, 6, 5, 4, 3, 22, 19, 12, 10, 9, 8, 7, 6, 5, 4, 3]
minimum_height = 61
----------
x_coordinates = [1, 19, 26, 24, 22, 25, 30, 15, 15, 28, 26, 32, 28, 31, 29, 32, 22, 21, 26, 23, 31, 30]
y_coordinates = [12, 37, 0, 23, 11, 46, 43, 45, 39, 20, 43, 5, 24, 27, 50, 51, 3, 30, 54, 41, 39, 2]
x_dimensions = [14, 4, 4, 4, 4, 4, 4, 4, 4, 4, 4, 3, 3, 3, 3, 3, 3, 3, 3, 3, 3, 3]
y_dimensions = [35, 23, 20, 17, 12, 8, 7, 6, 5, 4, 3, 22, 19, 12, 10, 9, 8, 7, 6, 5, 4, 3]
minimum_height = 60
----------
x_coordinates = [9, 23, 30, 27, 23, 26, 2, 2, 31, 28, 27, 3, 32, 6, 30, 0, 26, 26, 0, 27, 0, 0]
y_coordinates = [11, 36, 4, 28, 23, 15, 44, 14, 44, 24, 45, 22, 25, 39, 49, 31, 0, 8, 21, 48, 40, 27]
x_dimensions = [14, 4, 4, 4, 4, 4, 4, 4, 4, 4, 4, 3, 3, 3, 3, 3, 3, 3, 3, 3, 3, 3]
y_dimensions = [35, 23, 20, 17, 12, 8, 7, 6, 5, 4, 3, 22, 19, 12, 10, 9, 8, 7, 6, 5, 4, 3]
minimum_height = 59
----------
x_coordinates = [10, 24, 25, 31, 30, 31, 17, 5, 17, 31, 27, 7, 28, 27, 21, 4, 32, 29, 32, 29, 28, 32]
y_coordinates = [11, 32, 12, 41, 0, 26, 46, 25, 53, 37, 55, 31, 32, 0, 48, 40, 18, 14, 12, 21, 51, 34]
x_dimensions = [14, 4, 4, 4, 4, 4, 4, 4, 4, 4, 4, 3, 3, 3, 3, 3, 3, 3, 3, 3, 3, 3]
y_dimensions = [35, 23, 20, 17, 12, 8, 7, 6, 5, 4, 3, 22, 19, 12, 10, 9, 8, 7, 6, 5, 4, 3]
minimum_height = 58
----------
x_coordinates = [10, 26, 9, 30, 27, 23, 19, 19, 6, 26, 2, 0, 31, 29, 4, 2, 30, 32, 26, 28, 32, 3]
y_coordinates = [2, 0, 37, 8, 33, 43, 45, 39, 23, 23, 21, 24, 25, 45, 31, 12, 0, 44, 51, 27, 51, 24]
x_dimensions = [14, 4, 4, 4, 4, 4, 4, 4, 4, 4, 4, 3, 3, 3, 3, 3, 3, 3, 3, 3, 3, 3]
y_dimensions = [35, 23, 20, 17, 12, 8, 7, 6, 5, 4, 3, 22, 19, 12, 10, 9, 8, 7, 6, 5, 4, 3]
minimum_height = 57
----------
x_coordinates = [10, 24, 3, 27, 28, 24, 16, 25, 20, 31, 31, 7, 32, 32, 29, 24, 31, 28, 32, 29, 6, 32]
y_coordinates = [10, 8, 17, 39, 27, 31, 48, 2, 48, 52, 49, 29, 30, 7, 3, 44, 19, 18, 1, 13, 51, 27]
x_dimensions = [14, 4, 4, 4, 4, 4, 4, 4, 4, 4, 4, 3, 3, 3, 3, 3, 3, 3, 3, 3, 3, 3]
y_dimensions = [35, 23, 20, 17, 12, 8, 7, 6, 5, 4, 3, 22, 19, 12, 10, 9, 8, 7, 6, 5, 4, 3]
minimum_height = 56
----------
x_coordinates = [10, 24, 31, 31, 0, 0, 20, 6, 25, 31, 29, 7, 28, 28, 27, 25, 32, 4, 0, 3, 2, 32]
y_coordinates = [7, 32, 31, 6, 21, 33, 48, 8, 4, 51, 3, 31, 36, 22, 9, 23, 23, 30, 4, 5, 50, 0]
x_dimensions = [14, 4, 4, 4, 4, 4, 4, 4, 4, 4, 4, 3, 3, 3, 3, 3, 3, 3, 3, 3, 3, 3]
y_dimensions = [35, 23, 20, 17, 12, 8, 7, 6, 5, 4, 3, 22, 19, 12, 10, 9, 8, 7, 6, 5, 4, 3]
minimum_height = 55
----------
x_coordinates = [10, 24, 28, 31, 31, 27, 7, 24, 27, 31, 24, 4, 28, 32, 24, 6, 32, 6, 25, 1, 2, 7]
y_coordinates = [8, 3, 0, 25, 42, 41, 47, 26, 49, 21, 38, 32, 20, 1, 42, 23, 13, 12, 32, 38, 24, 38]
x_dimensions = [14, 4, 4, 4, 4, 4, 4, 4, 4, 4, 4, 3, 3, 3, 3, 3, 3, 3, 3, 3, 3, 3]
y_dimensions = [35, 23, 20, 17, 12, 8, 7, 6, 5, 4, 3, 22, 19, 12, 10, 9, 8, 7, 6, 5, 4, 3]
minimum_height = 54
----------
x_coordinates = [10, 24, 3, 3, 28, 28, 18, 6, 28, 28, 28, 0, 32, 32, 28, 27, 23, 7, 31, 32, 31, 32]
y_coordinates = [5, 17, 16, 36, 41, 33, 46, 9, 24, 29, 10, 31, 20, 39, 13, 1, 40, 35, 14, 9, 2, 6]
x_dimensions = [14, 4, 4, 4, 4, 4, 4, 4, 4, 4, 4, 3, 3, 3, 3, 3, 3, 3, 3, 3, 3, 3]
y_dimensions = [35, 23, 20, 17, 12, 8, 7, 6, 5, 4, 3, 22, 19, 12, 10, 9, 8, 7, 6, 5, 4, 3]
minimum_height = 53
----------
x_coordinates = [10, 25, 5, 31, 31, 31, 19, 30, 26, 28, 4, 4, 28, 2, 7, 9, 32, 23, 6, 16, 23, 3]
y_coordinates = [7, 10, 23, 15, 40, 32, 45, 9, 5, 1, 43, 0, 33, 31, 13, 42, 1, 42, 46, 43, 3, 46]
x_dimensions = [14, 4, 4, 4, 4, 4, 4, 4, 4, 4, 4, 3, 3, 3, 3, 3, 3, 3, 3, 3, 3, 3]
y_dimensions = [35, 23, 20, 17, 12, 8, 7, 6, 5, 4, 3, 22, 19, 12, 10, 9, 8, 7, 6, 5, 4, 3]
minimum_height = 52
----------
x_coordinates = [10, 28, 6, 24, 30, 6, 20, 31, 6, 31, 24, 3, 32, 24, 28, 27, 0, 0, 26, 2, 31, 26]
y_coordinates = [7, 16, 18, 19, 39, 38, 44, 10, 7, 6, 5, 29, 20, 36, 0, 39, 35, 43, 10, 7, 2, 48]
x_dimensions = [14, 4, 4, 4, 4, 4, 4, 4, 4, 4, 4, 3, 3, 3, 3, 3, 3, 3, 3, 3, 3, 3]
y_dimensions = [35, 23, 20, 17, 12, 8, 7, 6, 5, 4, 3, 22, 19, 12, 10, 9, 8, 7, 6, 5, 4, 3]
minimum_height = 51
----------
x_coordinates = [10, 28, 24, 2, 28, 3, 24, 2, 25, 28, 31, 7, 32, 7, 32, 32, 29, 21, 32, 0, 25, 32]
y_coordinates = [7, 24, 30, 23, 12, 41, 23, 11, 7, 0, 47, 15, 25, 38, 9, 0, 4, 43, 19, 43, 3, 44]
x_dimensions = [14, 4, 4, 4, 4, 4, 4, 4, 4, 4, 4, 3, 3, 3, 3, 3, 3, 3, 3, 3, 3, 3]
y_dimensions = [35, 23, 20, 17, 12, 8, 7, 6, 5, 4, 3, 22, 19, 12, 10, 9, 8, 7, 6, 5, 4, 3]
minimum_height = 50
----------
x_coordinates = [10, 31, 6, 24, 31, 2, 24, 24, 27, 24, 30, 3, 28, 18, 29, 28, 26, 21, 32, 7, 24, 14]
y_coordinates = [2, 26, 29, 27, 0, 40, 0, 21, 44, 7, 12, 18, 25, 37, 15, 2, 11, 42, 20, 14, 45, 43]
x_dimensions = [14, 4, 4, 4, 4, 4, 4, 4, 4, 4, 4, 3, 3, 3, 3, 3, 3, 3, 3, 3, 3, 3]
y_dimensions = [35, 23, 20, 17, 12, 8, 7, 6, 5, 4, 3, 22, 19, 12, 10, 9, 8, 7, 6, 5, 4, 3]
minimum_height = 49
----------
x_coordinates = [10, 31, 24, 0, 28, 3, 2, 25, 27, 23, 25, 7, 32, 7, 29, 28, 25, 22, 32, 4, 3, 25]
y_coordinates = [6, 0, 7, 20, 36, 37, 13, 30, 2, 2, 27, 4, 29, 26, 25, 16, 36, 41, 23, 28, 5, 45]
x_dimensions = [14, 4, 4, 4, 4, 4, 4, 4, 4, 4, 4, 3, 3, 3, 3, 3, 3, 3, 3, 3, 3, 3]
y_dimensions = [35, 23, 20, 17, 12, 8, 7, 6, 5, 4, 3, 22, 19, 12, 10, 9, 8, 7, 6, 5, 4, 3]
minimum_height = 48
----------
x_coordinates = [10, 31, 25, 5, 30, 9, 3, 27, 3, 3, 24, 2, 28, 7, 29, 23, 32, 25, 25, 6, 0, 0]
y_coordinates = [1, 23, 1, 30, 0, 39, 8, 41, 15, 20, 28, 25, 22, 11, 12, 38, 15, 31, 21, 25, 17, 21]
x_dimensions = [14, 4, 4, 4, 4, 4, 4, 4, 4, 4, 4, 3, 3, 3, 3, 3, 3, 3, 3, 3, 3, 3]
y_dimensions = [35, 23, 20, 17, 12, 8, 7, 6, 5, 4, 3, 22, 19, 12, 10, 9, 8, 7, 6, 5, 4, 3]
minimum_height = 47
----------
x_coordinates = [0, 31, 26, 17, 30, 14, 22, 25, 22, 24, 13, 18, 21, 14, 32, 23, 28, 11, 29, 8, 23, 25]
y_coordinates = [0, 13, 7, 7, 1, 35, 1, 35, 17, 31, 43, 24, 26, 23, 36, 8, 27, 35, 40, 40, 22, 28]
x_dimensions = [14, 4, 4, 4, 4, 4, 4, 4, 4, 4, 4, 3, 3, 3, 3, 3, 3, 3, 3, 3, 3, 3]
y_dimensions = [35, 23, 20, 17, 12, 8, 7, 6, 5, 4, 3, 22, 19, 12, 10, 9, 8, 7, 6, 5, 4, 3]
minimum_height = 46
----------
x_coordinates = [0, 31, 27, 19, 31, 22, 12, 27, 18, 25, 23, 15, 24, 16, 23, 18, 32, 26, 29, 9, 28, 28]
y_coordinates = [1, 2, 7, 27, 33, 19, 38, 39, 13, 28, 42, 6, 0, 31, 32, 18, 25, 32, 27, 38, 0, 4]
x_dimensions = [14, 4, 4, 4, 4, 4, 4, 4, 4, 4, 4, 3, 3, 3, 3, 3, 3, 3, 3, 3, 3, 3]
y_dimensions = [35, 23, 20, 17, 12, 8, 7, 6, 5, 4, 3, 22, 19, 12, 10, 9, 8, 7, 6, 5, 4, 3]
minimum_height = 45
----------
x_coordinates = [1, 31, 27, 15, 31, 23, 20, 26, 19, 22, 20, 15, 21, 18, 25, 24, 29, 28, 32, 18, 24, 24]
y_coordinates = [1, 9, 8, 1, 32, 11, 0, 38, 14, 38, 7, 18, 19, 27, 28, 2, 0, 31, 3, 39, 21, 25]
x_dimensions = [14, 4, 4, 4, 4, 4, 4, 4, 4, 4, 4, 3, 3, 3, 3, 3, 3, 3, 3, 3, 3, 3]
y_dimensions = [35, 23, 20, 17, 12, 8, 7, 6, 5, 4, 3, 22, 19, 12, 10, 9, 8, 7, 6, 5, 4, 3]
minimum_height = 44
----------
x_coordinates = [3, 20, 28, 24, 31, 21, 13, 28, 23, 25, 21, 17, 0, 17, 32, 25, 32, 28, 32, 0, 29, 28]
y_coordinates = [1, 9, 13, 7, 1, 35, 36, 37, 2, 33, 32, 21, 15, 5, 32, 24, 15, 6, 23, 34, 33, 3]
x_dimensions = [14, 4, 4, 4, 4, 4, 4, 4, 4, 4, 4, 3, 3, 3, 3, 3, 3, 3, 3, 3, 3, 3]
y_dimensions = [35, 23, 20, 17, 12, 8, 7, 6, 5, 4, 3, 22, 19, 12, 10, 9, 8, 7, 6, 5, 4, 3]
minimum_height = 43
----------
x_coordinates = [5, 23, 31, 0, 30, 1, 7, 27, 16, 27, 28, 20, 19, 22, 26, 27, 2, 2, 28, 4, 31, 25]
y_coordinates = [0, 19, 3, 25, 27, 10, 35, 21, 37, 17, 39, 20, 1, 6, 7, 30, 2, 18, 1, 37, 23, 4]
x_dimensions = [14, 4, 4, 4, 4, 4, 4, 4, 4, 4, 4, 3, 3, 3, 3, 3, 3, 3, 3, 3, 3, 3]
y_dimensions = [35, 23, 20, 17, 12, 8, 7, 6, 5, 4, 3, 22, 19, 12, 10, 9, 8, 7, 6, 5, 4, 3]
minimum_height = 42
----------
x_coordinates = [10, 27, 6, 2, 31, 3, 6, 31, 26, 31, 27, 0, 24, 7, 30, 26, 24, 3, 32, 21, 29, 3]
y_coordinates = [1, 15, 9, 2, 28, 33, 1, 18, 0, 24, 38, 19, 14, 29, 0, 5, 33, 20, 12, 36, 11, 27]
x_dimensions = [14, 4, 4, 4, 4, 4, 4, 4, 4, 4, 4, 3, 3, 3, 3, 3, 3, 3, 3, 3, 3, 3]
y_dimensions = [35, 23, 20, 17, 12, 8, 7, 6, 5, 4, 3, 22, 19, 12, 10, 9, 8, 7, 6, 5, 4, 3]
minimum_height = 41
----------
x_coordinates = [10, 28, 24, 0, 0, 28, 6, 24, 27, 31, 30, 4, 7, 32, 32, 25, 4, 1, 32, 7, 1, 4]
y_coordinates = [2, 3, 15, 11, 28, 27, 33, 9, 35, 36, 0, 0, 14, 24, 13, 0, 22, 4, 3, 9, 0, 30]
x_dimensions = [14, 4, 4, 4, 4, 4, 4, 4, 4, 4, 4, 3, 3, 3, 3, 3, 3, 3, 3, 3, 3, 3]
y_dimensions = [35, 23, 20, 17, 12, 8, 7, 6, 5, 4, 3, 22, 19, 12, 10, 9, 8, 7, 6, 5, 4, 3]
minimum_height = 40
----------
x_coordinates = [10, 31, 27, 3, 31, 6, 27, 27, 26, 0, 30, 24, 7, 24, 0, 7, 3, 4, 0, 0, 4, 21]
y_coordinates = [1, 16, 19, 13, 4, 31, 5, 12, 0, 3, 1, 5, 12, 27, 24, 3, 30, 6, 15, 34, 2, 36]
x_dimensions = [14, 4, 4, 4, 4, 4, 4, 4, 4, 4, 4, 3, 3, 3, 3, 3, 3, 3, 3, 3, 3, 3]
y_dimensions = [35, 23, 20, 17, 12, 8, 7, 6, 5, 4, 3, 22, 19, 12, 10, 9, 8, 7, 6, 5, 4, 3]
minimum_height = 39
----------
x_coordinates = [10, 24, 28, 6, 24, 28, 4, 0, 31, 1, 3, 0, 32, 3, 28, 32, 5, 3, 7, 2, 32, 25]
y_coordinates = [1, 12, 0, 13, 0, 20, 0, 0, 32, 29, 7, 6, 13, 17, 28, 4, 30, 10, 7, 33, 0, 35]
x_dimensions = [14, 4, 4, 4, 4, 4, 4, 4, 4, 4, 4, 3, 3, 3, 3, 3, 3, 3, 3, 3, 3, 3]
y_dimensions = [35, 23, 20, 17, 12, 8, 7, 6, 5, 4, 3, 22, 19, 12, 10, 9, 8, 7, 6, 5, 4, 3]
minimum_height = 38
----------
x_coordinates = [4, 0, 31, 21, 25, 21, 21, 31, 0, 24, 31, 18, 28, 25, 18, 1, 25, 29, 28, 32, 21, 32]
y_coordinates = [1, 0, 9, 5, 25, 22, 30, 3, 32, 1, 0, 4, 6, 5, 27, 23, 17, 30, 0, 29, 1, 34]
x_dimensions = [14, 4, 4, 4, 4, 4, 4, 4, 4, 4, 4, 3, 3, 3, 3, 3, 3, 3, 3, 3, 3, 3]
y_dimensions = [35, 23, 20, 17, 12, 8, 7, 6, 5, 4, 3, 22, 19, 12, 10, 9, 8, 7, 6, 5, 4, 3]
minimum_height = 37
----------
x_coordinates = [10, 24, 3, 31, 31, 27, 28, 3, 0, 0, 6, 0, 28, 24, 7, 7, 7, 32, 7, 0, 4, 4]
y_coordinates = [0, 13, 16, 12, 0, 2, 29, 10, 0, 5, 0, 9, 10, 1, 9, 19, 28, 29, 3, 31, 6, 3]
x_dimensions = [14, 4, 4, 4, 4, 4, 4, 4, 4, 4, 4, 3, 3, 3, 3, 3, 3, 3, 3, 3, 3, 3]
y_dimensions = [35, 23, 20, 17, 12, 8, 7, 6, 5, 4, 3, 22, 19, 12, 10, 9, 8, 7, 6, 5, 4, 3]
minimum_height = 36
----------
x_coordinates = [3, 20, 31, 27, 20, 27, 27, 31, 31, 31, 27, 24, 17, 0, 0, 17, 0, 17, 24, 0, 24, 24]
y_coordinates = [0, 0, 15, 18, 23, 3, 11, 0, 10, 6, 0, 7, 9, 13, 25, 0, 0, 28, 29, 8, 3, 0]
x_dimensions = [14, 4, 4, 4, 4, 4, 4, 4, 4, 4, 4, 3, 3, 3, 3, 3, 3, 3, 3, 3, 3, 3]
y_dimensions = [35, 23, 20, 17, 12, 8, 7, 6, 5, 4, 3, 22, 19, 12, 10, 9, 8, 7, 6, 5, 4, 3]
minimum_height = 35
----------
==========
%%%mzn-stat: nodes=20292
%%%mzn-stat: failures=5432
%%%mzn-stat: restarts=256
%%%mzn-stat: variables=8513
%%%mzn-stat: intVars=106
%%%mzn-stat: boolVariables=8405
%%%mzn-stat: propagators=2046
%%%mzn-stat: propagations=3350942
%%%mzn-stat: peakDepth=157
%%%mzn-stat: nogoods=5432
%%%mzn-stat: backjumps=3087
%%%mzn-stat: peakMem=0.00
%%%mzn-stat: time=1.311
%%%mzn-stat: initTime=0.022
%%%mzn-stat: solveTime=1.289
%%%mzn-stat: objective=35
%%%mzn-stat: optTime=1.289
%%%mzn-stat: baseMem=0.00
%%%mzn-stat: trailMem=0.02
%%%mzn-stat: randomSeed=1657196406
