x_coordinates = [11, 6, 30, 9, 6, 10, 13, 22, 19, 28, 31, 25, 28, 16, 16, 31, 25, 25, 31, 31, 3]
y_coordinates = [33, 109, 75, 88, 123, 102, 111, 113, 113, 111, 123, 124, 125, 124, 115, 106, 111, 118, 118, 114, 121]
x_dimensions = [12, 4, 4, 4, 4, 3, 3, 3, 3, 3, 3, 3, 3, 3, 3, 3, 3, 3, 3, 3, 3]
y_dimensions = [34, 14, 11, 5, 4, 34, 25, 22, 21, 14, 13, 12, 11, 10, 9, 8, 7, 6, 5, 4, 3]
minimum_height = 136
----------
x_coordinates = [7, 27, 25, 20, 8, 26, 23, 18, 15, 31, 24, 15, 21, 12, 5, 21, 21, 24, 18, 28, 30]
y_coordinates = [15, 114, 103, 44, 126, 68, 78, 106, 101, 115, 121, 123, 116, 117, 120, 127, 109, 115, 128, 128, 132]
x_dimensions = [12, 4, 4, 4, 4, 3, 3, 3, 3, 3, 3, 3, 3, 3, 3, 3, 3, 3, 3, 3, 3]
y_dimensions = [34, 14, 11, 5, 4, 34, 25, 22, 21, 14, 13, 12, 11, 10, 9, 8, 7, 6, 5, 4, 3]
minimum_height = 135
----------
x_coordinates = [4, 30, 29, 20, 14, 27, 30, 24, 18, 31, 27, 21, 28, 11, 27, 26, 25, 25, 21, 29, 29]
y_coordinates = [49, 95, 109, 91, 108, 45, 67, 91, 108, 120, 79, 111, 122, 111, 100, 113, 127, 121, 124, 41, 92]
x_dimensions = [12, 4, 4, 4, 4, 3, 3, 3, 3, 3, 3, 3, 3, 3, 3, 3, 3, 3, 3, 3, 3]
y_dimensions = [34, 14, 11, 5, 4, 34, 25, 22, 21, 14, 13, 12, 11, 10, 9, 8, 7, 6, 5, 4, 3]
minimum_height = 134
----------
x_coordinates = [10, 29, 20, 11, 10, 7, 18, 24, 14, 17, 31, 21, 27, 11, 28, 25, 31, 28, 31, 30, 27]
y_coordinates = [34, 83, 122, 98, 113, 99, 94, 103, 107, 119, 104, 109, 114, 118, 105, 125, 126, 125, 121, 117, 102]
x_dimensions = [12, 4, 4, 4, 4, 3, 3, 3, 3, 3, 3, 3, 3, 3, 3, 3, 3, 3, 3, 3, 3]
y_dimensions = [34, 14, 11, 5, 4, 34, 25, 22, 21, 14, 13, 12, 11, 10, 9, 8, 7, 6, 5, 4, 3]
minimum_height = 133
----------
x_coordinates = [10, 28, 21, 7, 11, 22, 19, 25, 15, 18, 31, 22, 28, 12, 30, 12, 31, 27, 25, 30, 31]
y_coordinates = [43, 42, 121, 104, 107, 75, 93, 105, 107, 118, 112, 109, 117, 114, 99, 124, 125, 99, 127, 108, 1]
x_dimensions = [12, 4, 4, 4, 4, 3, 3, 3, 3, 3, 3, 3, 3, 3, 3, 3, 3, 3, 3, 3, 3]
y_dimensions = [34, 14, 11, 5, 4, 34, 25, 22, 21, 14, 13, 12, 11, 10, 9, 8, 7, 6, 5, 4, 3]
minimum_height = 132
----------
x_coordinates = [10, 28, 30, 10, 27, 29, 24, 21, 15, 31, 28, 21, 30, 18, 31, 27, 27, 26, 29, 29, 30]
y_coordinates = [43, 72, 120, 126, 102, 23, 96, 109, 105, 97, 106, 96, 86, 105, 111, 94, 119, 63, 60, 68, 65]
x_dimensions = [12, 4, 4, 4, 4, 3, 3, 3, 3, 3, 3, 3, 3, 3, 3, 3, 3, 3, 3, 3, 3]
y_dimensions = [34, 14, 11, 5, 4, 34, 25, 22, 21, 14, 13, 12, 11, 10, 9, 8, 7, 6, 5, 4, 3]
minimum_height = 131
----------
x_coordinates = [9, 29, 24, 5, 25, 16, 23, 31, 19, 25, 29, 28, 31, 13, 31, 22, 29, 26, 29, 29, 27]
y_coordinates = [45, 66, 116, 89, 65, 89, 77, 84, 105, 102, 106, 94, 119, 101, 57, 108, 45, 51, 52, 80, 127]
x_dimensions = [12, 4, 4, 4, 4, 3, 3, 3, 3, 3, 3, 3, 3, 3, 3, 3, 3, 3, 3, 3, 3]
y_dimensions = [34, 14, 11, 5, 4, 34, 25, 22, 21, 14, 13, 12, 11, 10, 9, 8, 7, 6, 5, 4, 3]
minimum_height = 130
----------
x_coordinates = [8, 15, 12, 5, 30, 9, 25, 28, 19, 25, 31, 22, 31, 16, 31, 16, 6, 27, 30, 29, 25]
y_coordinates = [43, 89, 109, 36, 92, 95, 85, 106, 106, 113, 107, 109, 96, 119, 120, 106, 119, 76, 81, 86, 110]
x_dimensions = [12, 4, 4, 4, 4, 3, 3, 3, 3, 3, 3, 3, 3, 3, 3, 3, 3, 3, 3, 3, 3]
y_dimensions = [34, 14, 11, 5, 4, 34, 25, 22, 21, 14, 13, 12, 11, 10, 9, 8, 7, 6, 5, 4, 3]
minimum_height = 129
----------
x_coordinates = [7, 14, 25, 19, 26, 25, 23, 20, 19, 28, 25, 17, 31, 11, 31, 28, 30, 27, 22, 14, 30]
y_coordinates = [43, 96, 76, 51, 109, 42, 88, 106, 85, 114, 113, 110, 117, 105, 102, 101, 87, 87, 83, 110, 111]
x_dimensions = [12, 4, 4, 4, 4, 3, 3, 3, 3, 3, 3, 3, 3, 3, 3, 3, 3, 3, 3, 3, 3]
y_dimensions = [34, 14, 11, 5, 4, 34, 25, 22, 21, 14, 13, 12, 11, 10, 9, 8, 7, 6, 5, 4, 3]
minimum_height = 128
----------
x_coordinates = [7, 17, 4, 16, 27, 8, 24, 21, 28, 31, 31, 14, 31, 11, 14, 18, 23, 26, 30, 11, 16]
y_coordinates = [46, 102, 113, 92, 115, 89, 95, 98, 94, 89, 114, 101, 103, 113, 113, 116, 120, 87, 83, 100, 98]
x_dimensions = [12, 4, 4, 4, 4, 3, 3, 3, 3, 3, 3, 3, 3, 3, 3, 3, 3, 3, 3, 3, 3]
y_dimensions = [34, 14, 11, 5, 4, 34, 25, 22, 21, 14, 13, 12, 11, 10, 9, 8, 7, 6, 5, 4, 3]
minimum_height = 127
----------
x_coordinates = [7, 15, 8, 30, 27, 8, 25, 19, 28, 31, 31, 16, 31, 22, 12, 22, 28, 30, 31, 13, 11]
y_coordinates = [27, 112, 112, 57, 122, 78, 97, 101, 94, 88, 113, 100, 102, 113, 114, 101, 115, 43, 50, 97, 101]
x_dimensions = [12, 4, 4, 4, 4, 3, 3, 3, 3, 3, 3, 3, 3, 3, 3, 3, 3, 3, 3, 3, 3]
y_dimensions = [34, 14, 11, 5, 4, 34, 25, 22, 21, 14, 13, 12, 11, 10, 9, 8, 7, 6, 5, 4, 3]
minimum_height = 126
----------
x_coordinates = [10, 20, 20, 17, 30, 11, 25, 29, 28, 31, 17, 31, 14, 24, 19, 31, 31, 27, 8, 23, 21]
y_coordinates = [18, 100, 114, 68, 121, 89, 88, 72, 98, 58, 112, 102, 112, 113, 59, 94, 114, 119, 118, 67, 71]
x_dimensions = [12, 4, 4, 4, 4, 3, 3, 3, 3, 3, 3, 3, 3, 3, 3, 3, 3, 3, 3, 3, 3]
y_dimensions = [34, 14, 11, 5, 4, 34, 25, 22, 21, 14, 13, 12, 11, 10, 9, 8, 7, 6, 5, 4, 3]
minimum_height = 125
----------
x_coordinates = [8, 20, 23, 17, 27, 25, 28, 31, 31, 31, 12, 17, 9, 24, 21, 15, 28, 30, 5, 18, 19]
y_coordinates = [39, 101, 69, 74, 120, 80, 95, 81, 103, 67, 111, 102, 113, 114, 115, 116, 79, 34, 119, 119, 79]
x_dimensions = [12, 4, 4, 4, 4, 3, 3, 3, 3, 3, 3, 3, 3, 3, 3, 3, 3, 3, 3, 3, 3]
y_dimensions = [34, 14, 11, 5, 4, 34, 25, 22, 21, 14, 13, 12, 11, 10, 9, 8, 7, 6, 5, 4, 3]
minimum_height = 124
----------
x_coordinates = [3, 24, 20, 16, 30, 24, 28, 31, 31, 31, 27, 15, 18, 27, 21, 14, 7, 9, 31, 21, 20]
y_coordinates = [44, 106, 96, 72, 76, 70, 98, 80, 102, 57, 70, 101, 107, 88, 114, 115, 101, 117, 71, 110, 70]
x_dimensions = [12, 4, 4, 4, 4, 3, 3, 3, 3, 3, 3, 3, 3, 3, 3, 3, 3, 3, 3, 3, 3]
y_dimensions = [34, 14, 11, 5, 4, 34, 25, 22, 21, 14, 13, 12, 11, 10, 9, 8, 7, 6, 5, 4, 3]
minimum_height = 123
----------
x_coordinates = [4, 20, 24, 20, 30, 24, 28, 14, 31, 31, 8, 11, 1, 27, 17, 11, 4, 5, 2, 24, 19]
y_coordinates = [6, 106, 107, 84, 93, 73, 97, 94, 101, 79, 109, 110, 106, 87, 113, 94, 108, 115, 117, 118, 92]
x_dimensions = [12, 4, 4, 4, 4, 3, 3, 3, 3, 3, 3, 3, 3, 3, 3, 3, 3, 3, 3, 3, 3]
y_dimensions = [34, 14, 11, 5, 4, 34, 25, 22, 21, 14, 13, 12, 11, 10, 9, 8, 7, 6, 5, 4, 3]
minimum_height = 122
----------
x_coordinates = [10, 30, 26, 16, 30, 20, 28, 17, 31, 31, 5, 14, 11, 30, 25, 13, 6, 27, 8, 23, 27]
y_coordinates = [20, 107, 98, 54, 103, 87, 67, 91, 72, 58, 106, 109, 106, 93, 112, 91, 91, 92, 106, 108, 58]
x_dimensions = [12, 4, 4, 4, 4, 3, 3, 3, 3, 3, 3, 3, 3, 3, 3, 3, 3, 3, 3, 3, 3]
y_dimensions = [34, 14, 11, 5, 4, 34, 25, 22, 21, 14, 13, 12, 11, 10, 9, 8, 7, 6, 5, 4, 3]
minimum_height = 121
----------
x_coordinates = [10, 29, 30, 26, 30, 24, 28, 31, 31, 20, 21, 29, 18, 27, 27, 27, 20, 20, 18, 31, 29]
y_coordinates = [20, 29, 105, 24, 58, 86, 76, 83, 62, 54, 107, 43, 104, 101, 111, 61, 82, 76, 115, 116, 55]
x_dimensions = [12, 4, 4, 4, 4, 3, 3, 3, 3, 3, 3, 3, 3, 3, 3, 3, 3, 3, 3, 3, 3]
y_dimensions = [34, 14, 11, 5, 4, 34, 25, 22, 21, 14, 13, 12, 11, 10, 9, 8, 7, 6, 5, 4, 3]
minimum_height = 120
----------
x_coordinates = [8, 24, 30, 23, 29, 18, 28, 31, 31, 22, 27, 29, 21, 25, 31, 23, 25, 26, 28, 28, 19]
y_coordinates = [25, 105, 99, 63, 95, 81, 69, 52, 74, 68, 56, 40, 107, 81, 110, 92, 73, 94, 114, 110, 67]
x_dimensions = [12, 4, 4, 4, 4, 3, 3, 3, 3, 3, 3, 3, 3, 3, 3, 3, 3, 3, 3, 3, 3]
y_dimensions = [34, 14, 11, 5, 4, 34, 25, 22, 21, 14, 13, 12, 11, 10, 9, 8, 7, 6, 5, 4, 3]
minimum_height = 119
----------
x_coordinates = [7, 30, 10, 16, 10, 14, 31, 28, 20, 13, 28, 30, 27, 17, 23, 17, 27, 24, 26, 29, 25]
y_coordinates = [3, 100, 102, 69, 113, 83, 72, 73, 94, 69, 60, 46, 102, 94, 109, 107, 95, 96, 113, 114, 71]
x_dimensions = [12, 4, 4, 4, 4, 3, 3, 3, 3, 3, 3, 3, 3, 3, 3, 3, 3, 3, 3, 3, 3]
y_dimensions = [34, 14, 11, 5, 4, 34, 25, 22, 21, 14, 13, 12, 11, 10, 9, 8, 7, 6, 5, 4, 3]
minimum_height = 118
----------
x_coordinates = [7, 29, 7, 24, 7, 11, 31, 28, 14, 8, 26, 28, 27, 20, 23, 17, 25, 22, 28, 30, 21]
y_coordinates = [41, 64, 102, 80, 113, 83, 78, 84, 96, 77, 66, 44, 106, 102, 108, 109, 99, 96, 79, 112, 78]
x_dimensions = [12, 4, 4, 4, 4, 3, 3, 3, 3, 3, 3, 3, 3, 3, 3, 3, 3, 3, 3, 3, 3]
y_dimensions = [34, 14, 11, 5, 4, 34, 25, 22, 21, 14, 13, 12, 11, 10, 9, 8, 7, 6, 5, 4, 3]
minimum_height = 117
----------
x_coordinates = [9, 26, 3, 25, 7, 11, 31, 31, 14, 6, 28, 17, 28, 3, 22, 19, 20, 0, 30, 25, 23]
y_coordinates = [40, 86, 105, 100, 108, 82, 64, 94, 88, 85, 73, 85, 105, 88, 106, 108, 88, 88, 89, 111, 92]
x_dimensions = [12, 4, 4, 4, 4, 3, 3, 3, 3, 3, 3, 3, 3, 3, 3, 3, 3, 3, 3, 3, 3]
y_dimensions = [34, 14, 11, 5, 4, 34, 25, 22, 21, 14, 13, 12, 11, 10, 9, 8, 7, 6, 5, 4, 3]
minimum_height = 116
----------
x_coordinates = [10, 30, 24, 20, 27, 27, 31, 28, 24, 14, 27, 20, 31, 23, 22, 18, 21, 21, 29, 25, 30]
y_coordinates = [36, 65, 31, 83, 89, 42, 79, 93, 75, 78, 76, 71, 104, 65, 106, 91, 88, 95, 37, 111, 34]
x_dimensions = [12, 4, 4, 4, 4, 3, 3, 3, 3, 3, 3, 3, 3, 3, 3, 3, 3, 3, 3, 3, 3]
y_dimensions = [34, 14, 11, 5, 4, 34, 25, 22, 21, 14, 13, 12, 11, 10, 9, 8, 7, 6, 5, 4, 3]
minimum_height = 115
----------
x_coordinates = [9, 23, 29, 30, 30, 27, 31, 30, 28, 20, 30, 24, 31, 26, 22, 22, 22, 30, 31, 27, 31]
y_coordinates = [31, 80, 22, 12, 64, 63, 39, 92, 42, 79, 68, 68, 81, 32, 105, 60, 38, 33, 17, 110, 5]
x_dimensions = [12, 4, 4, 4, 4, 3, 3, 3, 3, 3, 3, 3, 3, 3, 3, 3, 3, 3, 3, 3, 3]
y_dimensions = [34, 14, 11, 5, 4, 34, 25, 22, 21, 14, 13, 12, 11, 10, 9, 8, 7, 6, 5, 4, 3]
minimum_height = 114
----------
x_coordinates = [6, 23, 30, 19, 27, 28, 27, 16, 31, 25, 31, 20, 30, 29, 20, 18, 28, 31, 31, 29, 18]
y_coordinates = [19, 87, 22, 95, 50, 54, 88, 86, 49, 73, 87, 83, 102, 33, 100, 52, 43, 81, 76, 18, 80]
x_dimensions = [12, 4, 4, 4, 4, 3, 3, 3, 3, 3, 3, 3, 3, 3, 3, 3, 3, 3, 3, 3, 3]
y_dimensions = [34, 14, 11, 5, 4, 34, 25, 22, 21, 14, 13, 12, 11, 10, 9, 8, 7, 6, 5, 4, 3]
minimum_height = 113
----------
x_coordinates = [8, 24, 27, 17, 30, 31, 18, 31, 30, 12, 28, 21, 15, 20, 25, 22, 23, 21, 30, 28, 30]
y_coordinates = [18, 87, 16, 107, 12, 56, 82, 90, 27, 98, 89, 100, 89, 26, 101, 75, 35, 89, 51, 108, 48]
x_dimensions = [12, 4, 4, 4, 4, 3, 3, 3, 3, 3, 3, 3, 3, 3, 3, 3, 3, 3, 3, 3, 3]
y_dimensions = [34, 14, 11, 5, 4, 34, 25, 22, 21, 14, 13, 12, 11, 10, 9, 8, 7, 6, 5, 4, 3]
minimum_height = 112
----------
x_coordinates = [6, 23, 24, 25, 24, 30, 30, 28, 28, 31, 31, 20, 27, 18, 26, 22, 21, 31, 29, 31, 30]
y_coordinates = [17, 85, 18, 3, 29, 52, 86, 30, 9, 37, 18, 85, 85, 28, 102, 51, 26, 31, 4, 14, 1]
x_dimensions = [12, 4, 4, 4, 4, 3, 3, 3, 3, 3, 3, 3, 3, 3, 3, 3, 3, 3, 3, 3, 3]
y_dimensions = [34, 14, 11, 5, 4, 34, 25, 22, 21, 14, 13, 12, 11, 10, 9, 8, 7, 6, 5, 4, 3]
minimum_height = 111
----------
x_coordinates = [8, 25, 24, 29, 20, 29, 25, 31, 28, 31, 27, 19, 22, 26, 22, 19, 22, 24, 29, 29, 31]
y_coordinates = [37, 96, 60, 31, 70, 76, 71, 54, 55, 40, 42, 95, 90, 32, 101, 75, 75, 53, 26, 36, 1]
x_dimensions = [12, 4, 4, 4, 4, 3, 3, 3, 3, 3, 3, 3, 3, 3, 3, 3, 3, 3, 3, 3, 3]
y_dimensions = [34, 14, 11, 5, 4, 34, 25, 22, 21, 14, 13, 12, 11, 10, 9, 8, 7, 6, 5, 4, 3]
minimum_height = 110
----------
x_coordinates = [10, 24, 17, 25, 13, 28, 24, 30, 31, 10, 27, 14, 21, 31, 19, 16, 28, 26, 29, 26, 31]
y_coordinates = [20, 94, 73, 39, 79, 75, 66, 45, 77, 66, 55, 66, 66, 67, 100, 87, 68, 49, 40, 44, 37]
x_dimensions = [12, 4, 4, 4, 4, 3, 3, 3, 3, 3, 3, 3, 3, 3, 3, 3, 3, 3, 3, 3, 3]
y_dimensions = [34, 14, 11, 5, 4, 34, 25, 22, 21, 14, 13, 12, 11, 10, 9, 8, 7, 6, 5, 4, 3]
minimum_height = 109
----------
x_coordinates = [9, 9, 14, 21, 10, 31, 27, 31, 18, 22, 28, 16, 13, 19, 23, 15, 27, 25, 27, 24, 30]
y_coordinates = [24, 74, 97, 37, 96, 41, 76, 75, 86, 74, 63, 73, 73, 75, 99, 89, 101, 70, 40, 44, 38]
x_dimensions = [12, 4, 4, 4, 4, 3, 3, 3, 3, 3, 3, 3, 3, 3, 3, 3, 3, 3, 3, 3, 3]
y_dimensions = [34, 14, 11, 5, 4, 34, 25, 22, 21, 14, 13, 12, 11, 10, 9, 8, 7, 6, 5, 4, 3]
minimum_height = 108
----------
x_coordinates = [10, 13, 24, 24, 14, 28, 28, 31, 18, 10, 31, 20, 17, 21, 11, 22, 25, 28, 30, 25, 30]
y_coordinates = [35, 75, 88, 41, 98, 42, 82, 85, 86, 75, 72, 72, 75, 84, 98, 99, 81, 76, 37, 37, 33]
x_dimensions = [12, 4, 4, 4, 4, 3, 3, 3, 3, 3, 3, 3, 3, 3, 3, 3, 3, 3, 3, 3, 3]
y_dimensions = [34, 14, 11, 5, 4, 34, 25, 22, 21, 14, 13, 12, 11, 10, 9, 8, 7, 6, 5, 4, 3]
minimum_height = 107
----------
x_coordinates = [11, 13, 21, 27, 14, 31, 25, 31, 18, 15, 28, 20, 17, 22, 8, 11, 27, 27, 29, 29, 30]
y_coordinates = [33, 69, 95, 36, 98, 50, 74, 84, 85, 83, 82, 73, 72, 85, 96, 98, 99, 68, 45, 41, 33]
x_dimensions = [12, 4, 4, 4, 4, 3, 3, 3, 3, 3, 3, 3, 3, 3, 3, 3, 3, 3, 3, 3, 3]
y_dimensions = [34, 14, 11, 5, 4, 34, 25, 22, 21, 14, 13, 12, 11, 10, 9, 8, 7, 6, 5, 4, 3]
minimum_height = 106
----------
x_coordinates = [5, 21, 24, 6, 14, 28, 25, 31, 31, 15, 11, 31, 17, 18, 22, 8, 13, 25, 10, 8, 7]
y_coordinates = [35, 82, 69, 99, 79, 68, 80, 83, 50, 84, 82, 71, 68, 79, 96, 78, 98, 63, 95, 88, 94]
x_dimensions = [12, 4, 4, 4, 4, 3, 3, 3, 3, 3, 3, 3, 3, 3, 3, 3, 3, 3, 3, 3, 3]
y_dimensions = [34, 14, 11, 5, 4, 34, 25, 22, 21, 14, 13, 12, 11, 10, 9, 8, 7, 6, 5, 4, 3]
minimum_height = 105
----------
x_coordinates = [10, 30, 30, 14, 14, 29, 18, 24, 23, 15, 12, 21, 17, 9, 27, 21, 13, 27, 11, 26, 27]
y_coordinates = [28, 77, 91, 99, 88, 43, 79, 82, 61, 74, 73, 90, 63, 81, 85, 82, 92, 95, 99, 73, 101]
x_dimensions = [12, 4, 4, 4, 4, 3, 3, 3, 3, 3, 3, 3, 3, 3, 3, 3, 3, 3, 3, 3, 3]
y_dimensions = [34, 14, 11, 5, 4, 34, 25, 22, 21, 14, 13, 12, 11, 10, 9, 8, 7, 6, 5, 4, 3]
minimum_height = 104
----------
x_coordinates = [10, 15, 30, 30, 22, 31, 19, 31, 28, 26, 25, 27, 18, 29, 12, 29, 26, 21, 28, 31, 28]
y_coordinates = [29, 86, 92, 87, 90, 35, 76, 13, 34, 77, 57, 91, 65, 69, 93, 79, 70, 68, 64, 9, 31]
x_dimensions = [12, 4, 4, 4, 4, 3, 3, 3, 3, 3, 3, 3, 3, 3, 3, 3, 3, 3, 3, 3, 3]
y_dimensions = [34, 14, 11, 5, 4, 34, 25, 22, 21, 14, 13, 12, 11, 10, 9, 8, 7, 6, 5, 4, 3]
minimum_height = 103
----------
x_coordinates = [5, 18, 29, 14, 25, 31, 22, 28, 25, 15, 11, 27, 17, 8, 31, 25, 12, 31, 26, 17, 23]
y_coordinates = [33, 88, 91, 96, 93, 42, 74, 69, 64, 81, 89, 52, 70, 92, 82, 85, 81, 76, 97, 66, 99]
x_dimensions = [12, 4, 4, 4, 4, 3, 3, 3, 3, 3, 3, 3, 3, 3, 3, 3, 3, 3, 3, 3, 3]
y_dimensions = [34, 14, 11, 5, 4, 34, 25, 22, 21, 14, 13, 12, 11, 10, 9, 8, 7, 6, 5, 4, 3]
minimum_height = 102
----------
x_coordinates = [10, 20, 24, 23, 30, 30, 27, 31, 27, 17, 25, 28, 19, 31, 14, 28, 16, 14, 31, 31, 27]
y_coordinates = [14, 78, 77, 64, 65, 26, 43, 79, 22, 78, 88, 87, 59, 69, 91, 78, 64, 85, 60, 22, 68]
x_dimensions = [12, 4, 4, 4, 4, 3, 3, 3, 3, 3, 3, 3, 3, 3, 3, 3, 3, 3, 3, 3, 3]
y_dimensions = [34, 14, 11, 5, 4, 34, 25, 22, 21, 14, 13, 12, 11, 10, 9, 8, 7, 6, 5, 4, 3]
minimum_height = 101
----------
x_coordinates = [3, 24, 28, 25, 26, 18, 28, 30, 23, 22, 15, 29, 21, 31, 27, 31, 12, 29, 25, 28, 30]
y_coordinates = [31, 57, 32, 93, 43, 66, 47, 72, 31, 86, 81, 20, 69, 62, 84, 46, 75, 94, 71, 3, 43]
x_dimensions = [12, 4, 4, 4, 4, 3, 3, 3, 3, 3, 3, 3, 3, 3, 3, 3, 3, 3, 3, 3, 3]
y_dimensions = [34, 14, 11, 5, 4, 34, 25, 22, 21, 14, 13, 12, 11, 10, 9, 8, 7, 6, 5, 4, 3]
minimum_height = 100
----------
x_coordinates = [10, 30, 26, 22, 14, 28, 31, 31, 24, 21, 11, 31, 17, 28, 28, 18, 13, 30, 27, 31, 8]
y_coordinates = [5, 85, 88, 94, 87, 25, 48, 26, 67, 80, 84, 73, 58, 72, 60, 88, 77, 16, 83, 22, 87]
x_dimensions = [12, 4, 4, 4, 4, 3, 3, 3, 3, 3, 3, 3, 3, 3, 3, 3, 3, 3, 3, 3, 3]
y_dimensions = [34, 14, 11, 5, 4, 34, 25, 22, 21, 14, 13, 12, 11, 10, 9, 8, 7, 6, 5, 4, 3]
minimum_height = 99
----------
x_coordinates = [2, 30, 29, 22, 20, 14, 21, 31, 27, 23, 26, 28, 18, 30, 28, 20, 17, 31, 24, 31, 19]
y_coordinates = [31, 73, 87, 93, 75, 52, 50, 27, 64, 79, 85, 42, 58, 63, 54, 84, 72, 53, 72, 49, 95]
x_dimensions = [12, 4, 4, 4, 4, 3, 3, 3, 3, 3, 3, 3, 3, 3, 3, 3, 3, 3, 3, 3, 3]
y_dimensions = [34, 14, 11, 5, 4, 34, 25, 22, 21, 14, 13, 12, 11, 10, 9, 8, 7, 6, 5, 4, 3]
minimum_height = 98
----------
x_coordinates = [10, 24, 30, 24, 24, 26, 31, 30, 28, 29, 31, 18, 20, 15, 31, 27, 22, 25, 21, 28, 12]
y_coordinates = [10, 75, 86, 70, 66, 11, 48, 26, 65, 12, 73, 85, 69, 85, 3, 89, 90, 47, 85, 52, 88]
x_dimensions = [12, 4, 4, 4, 4, 3, 3, 3, 3, 3, 3, 3, 3, 3, 3, 3, 3, 3, 3, 3, 3]
y_dimensions = [34, 14, 11, 5, 4, 34, 25, 22, 21, 14, 13, 12, 11, 10, 9, 8, 7, 6, 5, 4, 3]
minimum_height = 97
----------
x_coordinates = [10, 27, 18, 22, 27, 31, 14, 15, 31, 23, 9, 22, 20, 12, 11, 30, 26, 31, 22, 17, 24]
y_coordinates = [11, 78, 85, 83, 92, 25, 49, 74, 73, 69, 82, 57, 72, 86, 73, 65, 71, 59, 91, 56, 88]
x_dimensions = [12, 4, 4, 4, 4, 3, 3, 3, 3, 3, 3, 3, 3, 3, 3, 3, 3, 3, 3, 3, 3]
y_dimensions = [34, 14, 11, 5, 4, 34, 25, 22, 21, 14, 13, 12, 11, 10, 9, 8, 7, 6, 5, 4, 3]
minimum_height = 96
----------
x_coordinates = [4, 27, 23, 30, 16, 30, 19, 21, 31, 25, 22, 30, 30, 20, 16, 28, 31, 18, 28, 16, 24]
y_coordinates = [30, 81, 79, 62, 87, 4, 55, 33, 67, 65, 66, 39, 51, 80, 78, 68, 88, 48, 76, 54, 90]
x_dimensions = [12, 4, 4, 4, 4, 3, 3, 3, 3, 3, 3, 3, 3, 3, 3, 3, 3, 3, 3, 3, 3]
y_dimensions = [34, 14, 11, 5, 4, 34, 25, 22, 21, 14, 13, 12, 11, 10, 9, 8, 7, 6, 5, 4, 3]
minimum_height = 95
----------
x_coordinates = [6, 27, 19, 23, 23, 31, 19, 21, 31, 14, 22, 16, 22, 20, 17, 28, 23, 30, 25, 18, 10]
y_coordinates = [27, 80, 73, 88, 83, 12, 48, 26, 72, 75, 49, 61, 62, 84, 85, 72, 76, 47, 71, 44, 82]
x_dimensions = [12, 4, 4, 4, 4, 3, 3, 3, 3, 3, 3, 3, 3, 3, 3, 3, 3, 3, 3, 3, 3]
y_dimensions = [34, 14, 11, 5, 4, 34, 25, 22, 21, 14, 13, 12, 11, 10, 9, 8, 7, 6, 5, 4, 3]
minimum_height = 94
----------
x_coordinates = [6, 27, 20, 30, 16, 31, 19, 21, 31, 13, 22, 16, 23, 27, 24, 16, 24, 31, 27, 28, 25]
y_coordinates = [28, 79, 82, 63, 88, 18, 57, 31, 68, 67, 53, 76, 66, 69, 77, 65, 86, 52, 64, 51, 61]
x_dimensions = [12, 4, 4, 4, 4, 3, 3, 3, 3, 3, 3, 3, 3, 3, 3, 3, 3, 3, 3, 3, 3]
y_dimensions = [34, 14, 11, 5, 4, 34, 25, 22, 21, 14, 13, 12, 11, 10, 9, 8, 7, 6, 5, 4, 3]
minimum_height = 93
----------
x_coordinates = [10, 30, 20, 16, 19, 29, 25, 23, 27, 12, 29, 22, 24, 21, 18, 15, 22, 31, 31, 25, 23]
y_coordinates = [21, 78, 59, 69, 88, 24, 44, 22, 71, 70, 58, 47, 69, 70, 79, 77, 81, 18, 73, 18, 89]
x_dimensions = [12, 4, 4, 4, 4, 3, 3, 3, 3, 3, 3, 3, 3, 3, 3, 3, 3, 3, 3, 3, 3]
y_dimensions = [34, 14, 11, 5, 4, 34, 25, 22, 21, 14, 13, 12, 11, 10, 9, 8, 7, 6, 5, 4, 3]
minimum_height = 92
----------
x_coordinates = [10, 30, 30, 14, 29, 10, 31, 29, 27, 18, 28, 23, 24, 21, 24, 15, 26, 26, 30, 28, 23]
y_coordinates = [11, 72, 14, 69, 10, 46, 47, 25, 70, 73, 57, 46, 71, 81, 82, 79, 13, 46, 86, 53, 68]
x_dimensions = [12, 4, 4, 4, 4, 3, 3, 3, 3, 3, 3, 3, 3, 3, 3, 3, 3, 3, 3, 3, 3]
y_dimensions = [34, 14, 11, 5, 4, 34, 25, 22, 21, 14, 13, 12, 11, 10, 9, 8, 7, 6, 5, 4, 3]
minimum_height = 91
----------
x_coordinates = [10, 27, 20, 14, 30, 11, 25, 23, 31, 21, 28, 18, 24, 21, 18, 30, 26, 17, 31, 31, 15]
y_coordinates = [11, 76, 48, 68, 45, 47, 50, 26, 69, 66, 63, 67, 75, 80, 79, 49, 43, 47, 64, 60, 74]
x_dimensions = [12, 4, 4, 4, 4, 3, 3, 3, 3, 3, 3, 3, 3, 3, 3, 3, 3, 3, 3, 3, 3]
y_dimensions = [34, 14, 11, 5, 4, 34, 25, 22, 21, 14, 13, 12, 11, 10, 9, 8, 7, 6, 5, 4, 3]
minimum_height = 90
----------
x_coordinates = [10, 27, 20, 15, 30, 12, 24, 23, 28, 19, 31, 27, 25, 31, 22, 30, 26, 31, 31, 30, 22]
y_coordinates = [5, 54, 60, 67, 33, 40, 52, 30, 68, 71, 61, 42, 78, 79, 80, 41, 35, 50, 74, 37, 77]
x_dimensions = [12, 4, 4, 4, 4, 3, 3, 3, 3, 3, 3, 3, 3, 3, 3, 3, 3, 3, 3, 3, 3]
y_dimensions = [34, 14, 11, 5, 4, 34, 25, 22, 21, 14, 13, 12, 11, 10, 9, 8, 7, 6, 5, 4, 3]
minimum_height = 89
----------
x_coordinates = [3, 29, 28, 21, 29, 15, 25, 26, 31, 16, 28, 27, 28, 22, 19, 25, 28, 31, 31, 13, 27]
y_coordinates = [8, 32, 46, 69, 5, 28, 55, 24, 62, 73, 57, 12, 70, 78, 79, 80, 81, 23, 83, 82, 9]
x_dimensions = [12, 4, 4, 4, 4, 3, 3, 3, 3, 3, 3, 3, 3, 3, 3, 3, 3, 3, 3, 3, 3]
y_dimensions = [34, 14, 11, 5, 4, 34, 25, 22, 21, 14, 13, 12, 11, 10, 9, 8, 7, 6, 5, 4, 3]
minimum_height = 88
----------
x_coordinates = [5, 28, 24, 14, 21, 11, 25, 18, 31, 19, 28, 26, 27, 28, 22, 16, 28, 24, 31, 30, 25]
y_coordinates = [8, 25, 35, 63, 63, 44, 59, 44, 45, 73, 64, 12, 46, 77, 76, 76, 57, 53, 76, 41, 84]
x_dimensions = [12, 4, 4, 4, 4, 3, 3, 3, 3, 3, 3, 3, 3, 3, 3, 3, 3, 3, 3, 3, 3]
y_dimensions = [34, 14, 11, 5, 4, 34, 25, 22, 21, 14, 13, 12, 11, 10, 9, 8, 7, 6, 5, 4, 3]
minimum_height = 87
----------
x_coordinates = [6, 28, 21, 25, 30, 14, 27, 18, 31, 22, 29, 25, 28, 31, 25, 19, 31, 28, 27, 25, 30]
y_coordinates = [15, 6, 45, 76, 82, 49, 21, 45, 47, 19, 68, 0, 46, 20, 12, 19, 40, 61, 81, 46, 32]
x_dimensions = [12, 4, 4, 4, 4, 3, 3, 3, 3, 3, 3, 3, 3, 3, 3, 3, 3, 3, 3, 3, 3]
y_dimensions = [34, 14, 11, 5, 4, 34, 25, 22, 21, 14, 13, 12, 11, 10, 9, 8, 7, 6, 5, 4, 3]
minimum_height = 86
----------
x_coordinates = [1, 30, 23, 24, 22, 13, 28, 16, 28, 19, 31, 31, 27, 31, 20, 25, 31, 29, 18, 16, 28]
y_coordinates = [21, 50, 54, 76, 71, 21, 22, 46, 64, 63, 72, 28, 53, 40, 46, 45, 65, 16, 80, 71, 47]
x_dimensions = [12, 4, 4, 4, 4, 3, 3, 3, 3, 3, 3, 3, 3, 3, 3, 3, 3, 3, 3, 3, 3]
y_dimensions = [34, 14, 11, 5, 4, 34, 25, 22, 21, 14, 13, 12, 11, 10, 9, 8, 7, 6, 5, 4, 3]
minimum_height = 85
----------
x_coordinates = [10, 30, 4, 11, 18, 8, 31, 21, 31, 14, 15, 29, 27, 28, 25, 28, 22, 27, 21, 19, 31]
y_coordinates = [5, 70, 70, 78, 75, 50, 42, 47, 21, 57, 71, 9, 73, 60, 64, 41, 69, 54, 79, 70, 67]
x_dimensions = [12, 4, 4, 4, 4, 3, 3, 3, 3, 3, 3, 3, 3, 3, 3, 3, 3, 3, 3, 3, 3]
y_dimensions = [34, 14, 11, 5, 4, 34, 25, 22, 21, 14, 13, 12, 11, 10, 9, 8, 7, 6, 5, 4, 3]
minimum_height = 84
----------
x_coordinates = [7, 26, 30, 16, 22, 19, 23, 22, 31, 29, 27, 28, 28, 30, 31, 20, 31, 20, 30, 29, 20]
y_coordinates = [13, 69, 2, 68, 79, 16, 54, 12, 36, 22, 0, 46, 58, 73, 64, 55, 57, 68, 17, 13, 63]
x_dimensions = [12, 4, 4, 4, 4, 3, 3, 3, 3, 3, 3, 3, 3, 3, 3, 3, 3, 3, 3, 3, 3]
y_dimensions = [34, 14, 11, 5, 4, 34, 25, 22, 21, 14, 13, 12, 11, 10, 9, 8, 7, 6, 5, 4, 3]
minimum_height = 83
----------
x_coordinates = [7, 14, 10, 4, 7, 20, 24, 26, 29, 8, 29, 11, 28, 31, 27, 23, 30, 21, 18, 31, 31]
y_coordinates = [18, 68, 52, 72, 78, 27, 57, 27, 41, 64, 28, 70, 62, 65, 73, 48, 75, 72, 72, 24, 62]
x_dimensions = [12, 4, 4, 4, 4, 3, 3, 3, 3, 3, 3, 3, 3, 3, 3, 3, 3, 3, 3, 3, 3]
y_dimensions = [34, 14, 11, 5, 4, 34, 25, 22, 21, 14, 13, 12, 11, 10, 9, 8, 7, 6, 5, 4, 3]
minimum_height = 82
----------
x_coordinates = [8, 30, 26, 26, 30, 20, 24, 23, 31, 28, 29, 27, 30, 31, 18, 23, 21, 21, 28, 31, 28]
y_coordinates = [16, 21, 34, 20, 35, 20, 56, 20, 39, 46, 4, 61, 60, 71, 70, 48, 59, 70, 73, 17, 78]
x_dimensions = [12, 4, 4, 4, 4, 3, 3, 3, 3, 3, 3, 3, 3, 3, 3, 3, 3, 3, 3, 3, 3]
y_dimensions = [34, 14, 11, 5, 4, 34, 25, 22, 21, 14, 13, 12, 11, 10, 9, 8, 7, 6, 5, 4, 3]
minimum_height = 81
----------
x_coordinates = [6, 30, 25, 26, 24, 19, 23, 22, 8, 27, 14, 27, 28, 31, 11, 20, 17, 21, 31, 31, 31]
y_coordinates = [13, 44, 24, 49, 76, 31, 48, 26, 47, 35, 61, 54, 66, 70, 65, 65, 65, 73, 62, 58, 67]
x_dimensions = [12, 4, 4, 4, 4, 3, 3, 3, 3, 3, 3, 3, 3, 3, 3, 3, 3, 3, 3, 3, 3]
y_dimensions = [34, 14, 11, 5, 4, 34, 25, 22, 21, 14, 13, 12, 11, 10, 9, 8, 7, 6, 5, 4, 3]
minimum_height = 80
----------
x_coordinates = [10, 26, 25, 30, 29, 7, 23, 22, 11, 14, 30, 28, 31, 17, 20, 28, 17, 30, 31, 31, 31]
y_coordinates = [9, 45, 34, 54, 31, 30, 53, 30, 58, 58, 41, 67, 68, 58, 66, 59, 71, 35, 63, 27, 24]
x_dimensions = [12, 4, 4, 4, 4, 3, 3, 3, 3, 3, 3, 3, 3, 3, 3, 3, 3, 3, 3, 3, 3]
y_dimensions = [34, 14, 11, 5, 4, 34, 25, 22, 21, 14, 13, 12, 11, 10, 9, 8, 7, 6, 5, 4, 3]
minimum_height = 79
----------
x_coordinates = [5, 26, 26, 30, 30, 1, 23, 20, 13, 25, 30, 28, 31, 31, 22, 28, 19, 30, 16, 31, 17]
y_coordinates = [17, 44, 33, 52, 42, 28, 39, 28, 56, 64, 29, 66, 67, 57, 65, 58, 65, 46, 65, 25, 28]
x_dimensions = [12, 4, 4, 4, 4, 3, 3, 3, 3, 3, 3, 3, 3, 3, 3, 3, 3, 3, 3, 3, 3]
y_dimensions = [34, 14, 11, 5, 4, 34, 25, 22, 21, 14, 13, 12, 11, 10, 9, 8, 7, 6, 5, 4, 3]
minimum_height = 78
----------
x_coordinates = [2, 30, 25, 27, 29, 14, 24, 20, 15, 12, 29, 28, 31, 27, 18, 31, 29, 30, 21, 31, 23]
y_coordinates = [20, 44, 13, 60, 10, 19, 43, 19, 56, 57, 31, 65, 66, 50, 65, 58, 20, 14, 64, 27, 26]
x_dimensions = [12, 4, 4, 4, 4, 3, 3, 3, 3, 3, 3, 3, 3, 3, 3, 3, 3, 3, 3, 3, 3]
y_dimensions = [34, 14, 11, 5, 4, 34, 25, 22, 21, 14, 13, 12, 11, 10, 9, 8, 7, 6, 5, 4, 3]
minimum_height = 77
----------
x_coordinates = [8, 26, 26, 27, 27, 5, 30, 20, 31, 24, 12, 28, 29, 18, 15, 31, 31, 26, 20, 7, 21]
y_coordinates = [10, 44, 33, 71, 29, 16, 34, 17, 13, 58, 63, 59, 2, 57, 66, 68, 61, 12, 67, 66, 64]
x_dimensions = [12, 4, 4, 4, 4, 3, 3, 3, 3, 3, 3, 3, 3, 3, 3, 3, 3, 3, 3, 3, 3]
y_dimensions = [34, 14, 11, 5, 4, 34, 25, 22, 21, 14, 13, 12, 11, 10, 9, 8, 7, 6, 5, 4, 3]
minimum_height = 76
----------
x_coordinates = [1, 26, 19, 30, 16, 13, 31, 16, 20, 28, 25, 31, 31, 29, 26, 28, 31, 23, 28, 31, 26]
y_coordinates = [20, 44, 64, 47, 46, 41, 11, 51, 43, 30, 62, 63, 36, 1, 10, 58, 52, 46, 70, 59, 7]
x_dimensions = [12, 4, 4, 4, 4, 3, 3, 3, 3, 3, 3, 3, 3, 3, 3, 3, 3, 3, 3, 3, 3]
y_dimensions = [34, 14, 11, 5, 4, 34, 25, 22, 21, 14, 13, 12, 11, 10, 9, 8, 7, 6, 5, 4, 3]
minimum_height = 75
----------
x_coordinates = [2, 26, 9, 30, 8, 17, 31, 6, 13, 25, 16, 31, 31, 19, 29, 28, 10, 30, 28, 11, 22]
y_coordinates = [9, 46, 50, 55, 43, 18, 19, 51, 43, 60, 59, 60, 44, 54, 2, 61, 61, 13, 69, 68, 63]
x_dimensions = [12, 4, 4, 4, 4, 3, 3, 3, 3, 3, 3, 3, 3, 3, 3, 3, 3, 3, 3, 3, 3]
y_dimensions = [34, 14, 11, 5, 4, 34, 25, 22, 21, 14, 13, 12, 11, 10, 9, 8, 7, 6, 5, 4, 3]
minimum_height = 74
----------
x_coordinates = [2, 26, 29, 30, 10, 3, 12, 14, 21, 24, 20, 31, 31, 18, 15, 28, 9, 30, 27, 21, 6]
y_coordinates = [5, 45, 28, 56, 43, 39, 48, 26, 42, 59, 29, 61, 45, 55, 64, 64, 62, 39, 59, 63, 63]
x_dimensions = [12, 4, 4, 4, 4, 3, 3, 3, 3, 3, 3, 3, 3, 3, 3, 3, 3, 3, 3, 3, 3]
y_dimensions = [34, 14, 11, 5, 4, 34, 25, 22, 21, 14, 13, 12, 11, 10, 9, 8, 7, 6, 5, 4, 3]
minimum_height = 73
----------
x_coordinates = [2, 27, 21, 29, 20, 14, 27, 18, 30, 24, 28, 31, 31, 31, 31, 28, 24, 21, 26, 31, 25]
y_coordinates = [18, 45, 61, 67, 40, 38, 19, 50, 20, 38, 6, 41, 9, 53, 0, 59, 52, 55, 67, 63, 64]
x_dimensions = [12, 4, 4, 4, 4, 3, 3, 3, 3, 3, 3, 3, 3, 3, 3, 3, 3, 3, 3, 3, 3]
y_dimensions = [34, 14, 11, 5, 4, 34, 25, 22, 21, 14, 13, 12, 11, 10, 9, 8, 7, 6, 5, 4, 3]
minimum_height = 72
----------
x_coordinates = [1, 26, 30, 30, 19, 15, 19, 18, 29, 23, 27, 31, 31, 16, 25, 28, 22, 30, 31, 28, 16]
y_coordinates = [10, 45, 0, 49, 37, 16, 46, 10, 17, 37, 4, 54, 38, 53, 62, 59, 62, 11, 66, 67, 68]
x_dimensions = [12, 4, 4, 4, 4, 3, 3, 3, 3, 3, 3, 3, 3, 3, 3, 3, 3, 3, 3, 3, 3]
y_dimensions = [34, 14, 11, 5, 4, 34, 25, 22, 21, 14, 13, 12, 11, 10, 9, 8, 7, 6, 5, 4, 3]
minimum_height = 71
----------
x_coordinates = [8, 27, 23, 14, 23, 11, 24, 20, 29, 21, 27, 30, 31, 31, 24, 28, 30, 18, 31, 25, 8]
y_coordinates = [2, 48, 11, 64, 22, 36, 32, 21, 23, 54, 10, 0, 44, 55, 57, 62, 16, 61, 65, 66, 64]
x_dimensions = [12, 4, 4, 4, 4, 3, 3, 3, 3, 3, 3, 3, 3, 3, 3, 3, 3, 3, 3, 3, 3]
y_dimensions = [34, 14, 11, 5, 4, 34, 25, 22, 21, 14, 13, 12, 11, 10, 9, 8, 7, 6, 5, 4, 3]
minimum_height = 70
----------
x_coordinates = [7, 27, 26, 23, 22, 4, 20, 1, 30, 17, 31, 29, 31, 17, 14, 31, 19, 26, 26, 28, 25]
y_coordinates = [5, 46, 35, 55, 40, 29, 44, 45, 25, 45, 46, 2, 14, 59, 57, 59, 13, 24, 60, 65, 65]
x_dimensions = [12, 4, 4, 4, 4, 3, 3, 3, 3, 3, 3, 3, 3, 3, 3, 3, 3, 3, 3, 3, 3]
y_dimensions = [34, 14, 11, 5, 4, 34, 25, 22, 21, 14, 13, 12, 11, 10, 9, 8, 7, 6, 5, 4, 3]
minimum_height = 69
----------
x_coordinates = [6, 30, 25, 27, 29, 18, 31, 15, 28, 21, 27, 29, 23, 24, 24, 30, 23, 18, 21, 31, 12]
y_coordinates = [12, 49, 36, 63, 37, 26, 12, 46, 14, 36, 48, 0, 11, 58, 48, 41, 4, 60, 63, 64, 65]
x_dimensions = [12, 4, 4, 4, 4, 3, 3, 3, 3, 3, 3, 3, 3, 3, 3, 3, 3, 3, 3, 3, 3]
y_dimensions = [34, 14, 11, 5, 4, 34, 25, 22, 21, 14, 13, 12, 11, 10, 9, 8, 7, 6, 5, 4, 3]
minimum_height = 68
----------
x_coordinates = [10, 26, 30, 30, 27, 7, 28, 14, 31, 21, 24, 31, 28, 23, 18, 28, 11, 31, 20, 17, 26]
y_coordinates = [1, 50, 51, 62, 38, 17, 2, 45, 30, 37, 37, 18, 27, 57, 49, 42, 60, 12, 62, 61, 64]
x_dimensions = [12, 4, 4, 4, 4, 3, 3, 3, 3, 3, 3, 3, 3, 3, 3, 3, 3, 3, 3, 3, 3]
y_dimensions = [34, 14, 11, 5, 4, 34, 25, 22, 21, 14, 13, 12, 11, 10, 9, 8, 7, 6, 5, 4, 3]
minimum_height = 67
----------
x_coordinates = [9, 27, 26, 17, 22, 6, 25, 3, 31, 19, 31, 31, 29, 21, 28, 30, 21, 16, 14, 24, 11]
y_coordinates = [6, 52, 41, 61, 51, 32, 16, 44, 32, 40, 53, 1, 21, 56, 2, 13, 10, 54, 61, 62, 63]
x_dimensions = [12, 4, 4, 4, 4, 3, 3, 3, 3, 3, 3, 3, 3, 3, 3, 3, 3, 3, 3, 3, 3]
y_dimensions = [34, 14, 11, 5, 4, 34, 25, 22, 21, 14, 13, 12, 11, 10, 9, 8, 7, 6, 5, 4, 3]
minimum_height = 66
----------
x_coordinates = [7, 27, 24, 23, 12, 3, 28, 16, 31, 19, 31, 28, 31, 31, 28, 31, 21, 24, 20, 17, 19]
y_coordinates = [5, 51, 40, 60, 50, 31, 26, 39, 31, 39, 52, 9, 20, 10, 0, 2, 53, 54, 60, 61, 19]
x_dimensions = [12, 4, 4, 4, 4, 3, 3, 3, 3, 3, 3, 3, 3, 3, 3, 3, 3, 3, 3, 3, 3]
y_dimensions = [34, 14, 11, 5, 4, 34, 25, 22, 21, 14, 13, 12, 11, 10, 9, 8, 7, 6, 5, 4, 3]
minimum_height = 65
----------
x_coordinates = [4, 27, 24, 17, 11, 0, 28, 20, 31, 21, 31, 28, 31, 31, 28, 31, 15, 18, 14, 24, 16]
y_coordinates = [0, 50, 39, 59, 49, 30, 25, 27, 30, 49, 51, 13, 9, 20, 4, 1, 48, 53, 58, 60, 19]
x_dimensions = [12, 4, 4, 4, 4, 3, 3, 3, 3, 3, 3, 3, 3, 3, 3, 3, 3, 3, 3, 3, 3]
y_dimensions = [34, 14, 11, 5, 4, 34, 25, 22, 21, 14, 13, 12, 11, 10, 9, 8, 7, 6, 5, 4, 3]
minimum_height = 64
----------
x_coordinates = [1, 30, 26, 17, 22, 13, 27, 23, 30, 28, 28, 16, 19, 31, 24, 31, 21, 31, 14, 25, 16]
y_coordinates = [7, 15, 39, 11, 49, 29, 14, 27, 29, 0, 50, 49, 48, 53, 13, 7, 10, 0, 11, 8, 8]
x_dimensions = [12, 4, 4, 4, 4, 3, 3, 3, 3, 3, 3, 3, 3, 3, 3, 3, 3, 3, 3, 3, 3]
y_dimensions = [34, 14, 11, 5, 4, 34, 25, 22, 21, 14, 13, 12, 11, 10, 9, 8, 7, 6, 5, 4, 3]
minimum_height = 63
----------
x_coordinates = [2, 30, 26, 20, 22, 19, 27, 16, 30, 28, 31, 15, 28, 17, 24, 31, 14, 31, 13, 25, 15]
y_coordinates = [13, 14, 40, 11, 48, 28, 15, 26, 28, 0, 49, 48, 51, 10, 12, 6, 13, 0, 8, 8, 5]
x_dimensions = [12, 4, 4, 4, 4, 3, 3, 3, 3, 3, 3, 3, 3, 3, 3, 3, 3, 3, 3, 3, 3]
y_dimensions = [34, 14, 11, 5, 4, 34, 25, 22, 21, 14, 13, 12, 11, 10, 9, 8, 7, 6, 5, 4, 3]
minimum_height = 62
----------
x_coordinates = [10, 23, 30, 22, 17, 7, 27, 4, 31, 26, 4, 31, 24, 21, 29, 30, 20, 17, 20, 28, 22]
y_coordinates = [3, 47, 29, 11, 39, 10, 36, 9, 40, 20, 36, 0, 36, 37, 12, 21, 54, 53, 49, 8, 8]
x_dimensions = [12, 4, 4, 4, 4, 3, 3, 3, 3, 3, 3, 3, 3, 3, 3, 3, 3, 3, 3, 3, 3]
y_dimensions = [34, 14, 11, 5, 4, 34, 25, 22, 21, 14, 13, 12, 11, 10, 9, 8, 7, 6, 5, 4, 3]
minimum_height = 61
----------
x_coordinates = [10, 26, 15, 19, 5, 0, 31, 22, 9, 30, 25, 7, 28, 21, 29, 29, 22, 28, 21, 31, 23]
y_coordinates = [5, 44, 43, 45, 43, 11, 21, 11, 39, 46, 31, 26, 33, 50, 12, 0, 33, 27, 40, 8, 45]
x_dimensions = [12, 4, 4, 4, 4, 3, 3, 3, 3, 3, 3, 3, 3, 3, 3, 3, 3, 3, 3, 3, 3]
y_dimensions = [34, 14, 11, 5, 4, 34, 25, 22, 21, 14, 13, 12, 11, 10, 9, 8, 7, 6, 5, 4, 3]
minimum_height = 60
----------
x_coordinates = [10, 26, 17, 30, 25, 3, 28, 31, 25, 31, 25, 23, 31, 21, 28, 23, 20, 7, 21, 28, 30]
y_coordinates = [1, 20, 42, 25, 1, 9, 34, 0, 38, 45, 5, 26, 33, 49, 11, 18, 35, 21, 44, 7, 22]
x_dimensions = [12, 4, 4, 4, 4, 3, 3, 3, 3, 3, 3, 3, 3, 3, 3, 3, 3, 3, 3, 3, 3]
y_dimensions = [34, 14, 11, 5, 4, 34, 25, 22, 21, 14, 13, 12, 11, 10, 9, 8, 7, 6, 5, 4, 3]
minimum_height = 59
----------
x_coordinates = [11, 10, 25, 30, 27, 3, 30, 8, 24, 29, 8, 27, 27, 22, 26, 29, 23, 31, 21, 26, 27]
y_coordinates = [3, 44, 3, 0, 27, 17, 33, 4, 27, 5, 31, 31, 43, 48, 18, 19, 17, 27, 42, 14, 55]
x_dimensions = [12, 4, 4, 4, 4, 3, 3, 3, 3, 3, 3, 3, 3, 3, 3, 3, 3, 3, 3, 3, 3]
y_dimensions = [34, 14, 11, 5, 4, 34, 25, 22, 21, 14, 13, 12, 11, 10, 9, 8, 7, 6, 5, 4, 3]
minimum_height = 58
----------
x_coordinates = [11, 3, 7, 21, 30, 0, 31, 24, 25, 28, 6, 31, 28, 22, 28, 31, 26, 31, 22, 28, 23]
y_coordinates = [2, 25, 25, 36, 53, 14, 2, 13, 35, 26, 10, 35, 15, 46, 40, 27, 4, 47, 41, 11, 9]
x_dimensions = [12, 4, 4, 4, 4, 3, 3, 3, 3, 3, 3, 3, 3, 3, 3, 3, 3, 3, 3, 3, 3]
y_dimensions = [34, 14, 11, 5, 4, 34, 25, 22, 21, 14, 13, 12, 11, 10, 9, 8, 7, 6, 5, 4, 3]
minimum_height = 57
----------
x_coordinates = [10, 30, 23, 26, 6, 25, 4, 22, 28, 31, 7, 31, 27, 21, 28, 30, 23, 31, 20, 28, 27]
y_coordinates = [2, 0, 2, 51, 47, 13, 22, 15, 14, 16, 12, 36, 2, 37, 39, 48, 47, 30, 47, 35, 48]
x_dimensions = [12, 4, 4, 4, 4, 3, 3, 3, 3, 3, 3, 3, 3, 3, 3, 3, 3, 3, 3, 3, 3]
y_dimensions = [34, 14, 11, 5, 4, 34, 25, 22, 21, 14, 13, 12, 11, 10, 9, 8, 7, 6, 5, 4, 3]
minimum_height = 56
----------
x_coordinates = [11, 7, 24, 23, 30, 27, 8, 24, 31, 4, 1, 30, 28, 22, 30, 30, 28, 6, 20, 8, 28]
y_coordinates = [2, 5, 5, 48, 51, 21, 24, 16, 1, 17, 10, 30, 0, 38, 42, 22, 11, 49, 48, 20, 18]
x_dimensions = [12, 4, 4, 4, 4, 3, 3, 3, 3, 3, 3, 3, 3, 3, 3, 3, 3, 3, 3, 3, 3]
y_dimensions = [34, 14, 11, 5, 4, 34, 25, 22, 21, 14, 13, 12, 11, 10, 9, 8, 7, 6, 5, 4, 3]
minimum_height = 55
----------
x_coordinates = [10, 24, 30, 0, 9, 28, 7, 0, 25, 4, 24, 31, 27, 21, 31, 31, 28, 31, 18, 31, 31]
y_coordinates = [10, 19, 1, 49, 46, 13, 17, 27, 33, 40, 6, 30, 2, 0, 42, 22, 47, 12, 5, 18, 51]
x_dimensions = [12, 4, 4, 4, 4, 3, 3, 3, 3, 3, 3, 3, 3, 3, 3, 3, 3, 3, 3, 3, 3]
y_dimensions = [34, 14, 11, 5, 4, 34, 25, 22, 21, 14, 13, 12, 11, 10, 9, 8, 7, 6, 5, 4, 3]
minimum_height = 54
----------
x_coordinates = [0, 24, 24, 12, 15, 28, 14, 18, 31, 19, 24, 31, 27, 9, 31, 31, 16, 12, 6, 25, 22]
y_coordinates = [8, 29, 18, 48, 41, 18, 16, 17, 23, 39, 5, 11, 7, 42, 44, 3, 45, 41, 42, 45, 43]
x_dimensions = [12, 4, 4, 4, 4, 3, 3, 3, 3, 3, 3, 3, 3, 3, 3, 3, 3, 3, 3, 3, 3]
y_dimensions = [34, 14, 11, 5, 4, 34, 25, 22, 21, 14, 13, 12, 11, 10, 9, 8, 7, 6, 5, 4, 3]
minimum_height = 53
----------
x_coordinates = [9, 21, 24, 27, 21, 28, 0, 2, 31, 21, 24, 31, 27, 6, 31, 31, 25, 22, 3, 25, 19]
y_coordinates = [7, 13, 27, 1, 48, 18, 26, 3, 22, 27, 0, 10, 7, 40, 43, 2, 42, 42, 40, 38, 41]
x_dimensions = [12, 4, 4, 4, 4, 3, 3, 3, 3, 3, 3, 3, 3, 3, 3, 3, 3, 3, 3, 3, 3]
y_dimensions = [34, 14, 11, 5, 4, 34, 25, 22, 21, 14, 13, 12, 11, 10, 9, 8, 7, 6, 5, 4, 3]
minimum_height = 52
----------
x_coordinates = [8, 24, 24, 27, 17, 28, 5, 5, 31, 20, 24, 31, 27, 11, 31, 31, 21, 14, 8, 23, 16]
y_coordinates = [6, 37, 22, 0, 47, 17, 4, 29, 21, 27, 9, 9, 5, 41, 42, 1, 41, 45, 46, 33, 40]
x_dimensions = [12, 4, 4, 4, 4, 3, 3, 3, 3, 3, 3, 3, 3, 3, 3, 3, 3, 3, 3, 3, 3]
y_dimensions = [34, 14, 11, 5, 4, 34, 25, 22, 21, 14, 13, 12, 11, 10, 9, 8, 7, 6, 5, 4, 3]
minimum_height = 51
----------
x_coordinates = [8, 29, 26, 27, 17, 31, 4, 5, 25, 23, 22, 2, 24, 11, 28, 22, 21, 14, 8, 20, 28]
y_coordinates = [6, 2, 28, 42, 46, 16, 3, 28, 4, 25, 2, 38, 39, 40, 19, 15, 43, 44, 45, 38, 47]
x_dimensions = [12, 4, 4, 4, 4, 3, 3, 3, 3, 3, 3, 3, 3, 3, 3, 3, 3, 3, 3, 3, 3]
y_dimensions = [34, 14, 11, 5, 4, 34, 25, 22, 21, 14, 13, 12, 11, 10, 9, 8, 7, 6, 5, 4, 3]
minimum_height = 50
----------
x_coordinates = [6, 21, 30, 2, 1, 18, 31, 28, 24, 21, 3, 27, 5, 25, 15, 28, 30, 31, 27, 25, 12]
y_coordinates = [4, 5, 31, 5, 40, 7, 6, 8, 26, 29, 14, 30, 38, 5, 40, 0, 42, 0, 44, 18, 40]
x_dimensions = [12, 4, 4, 4, 4, 3, 3, 3, 3, 3, 3, 3, 3, 3, 3, 3, 3, 3, 3, 3, 3]
y_dimensions = [34, 14, 11, 5, 4, 34, 25, 22, 21, 14, 13, 12, 11, 10, 9, 8, 7, 6, 5, 4, 3]
minimum_height = 49
----------
x_coordinates = [9, 8, 30, 21, 1, 6, 22, 29, 25, 0, 3, 27, 19, 26, 31, 28, 21, 31, 24, 23, 4]
y_coordinates = [0, 34, 37, 7, 4, 0, 12, 9, 5, 33, 22, 36, 36, 26, 0, 1, 0, 31, 0, 37, 35]
x_dimensions = [12, 4, 4, 4, 4, 3, 3, 3, 3, 3, 3, 3, 3, 3, 3, 3, 3, 3, 3, 3, 3]
y_dimensions = [34, 14, 11, 5, 4, 34, 25, 22, 21, 14, 13, 12, 11, 10, 9, 8, 7, 6, 5, 4, 3]
minimum_height = 48
----------
x_coordinates = [4, 16, 29, 24, 15, 20, 16, 28, 26, 1, 1, 31, 19, 23, 30, 31, 23, 25, 30, 25, 27]
y_coordinates = [6, 0, 27, 18, 41, 2, 14, 0, 26, 33, 13, 10, 36, 25, 38, 2, 35, 9, 22, 5, 23]
x_dimensions = [12, 4, 4, 4, 4, 3, 3, 3, 3, 3, 3, 3, 3, 3, 3, 3, 3, 3, 3, 3, 3]
y_dimensions = [34, 14, 11, 5, 4, 34, 25, 22, 21, 14, 13, 12, 11, 10, 9, 8, 7, 6, 5, 4, 3]
minimum_height = 47
----------
x_coordinates = [4, 18, 21, 26, 3, 22, 0, 16, 28, 1, 27, 19, 25, 30, 25, 31, 15, 31, 12, 3, 31]
y_coordinates = [0, 3, 35, 20, 41, 1, 21, 17, 25, 7, 7, 23, 26, 14, 37, 34, 39, 24, 35, 34, 43]
x_dimensions = [12, 4, 4, 4, 4, 3, 3, 3, 3, 3, 3, 3, 3, 3, 3, 3, 3, 3, 3, 3, 3]
y_dimensions = [34, 14, 11, 5, 4, 34, 25, 22, 21, 14, 13, 12, 11, 10, 9, 8, 7, 6, 5, 4, 3]
minimum_height = 46
----------
x_coordinates = [10, 3, 24, 27, 2, 22, 7, 28, 31, 3, 0, 31, 25, 31, 27, 6, 28, 25, 9, 4, 25]
y_coordinates = [5, 5, 34, 9, 38, 0, 10, 23, 12, 24, 11, 33, 23, 2, 14, 37, 2, 0, 39, 20, 6]
x_dimensions = [12, 4, 4, 4, 4, 3, 3, 3, 3, 3, 3, 3, 3, 3, 3, 3, 3, 3, 3, 3, 3]
y_dimensions = [34, 14, 11, 5, 4, 34, 25, 22, 21, 14, 13, 12, 11, 10, 9, 8, 7, 6, 5, 4, 3]
minimum_height = 45
----------
x_coordinates = [11, 4, 30, 22, 9, 25, 8, 31, 28, 5, 2, 4, 7, 31, 28, 0, 19, 16, 27, 7, 24]
y_coordinates = [3, 30, 1, 39, 40, 5, 15, 12, 14, 16, 16, 4, 4, 34, 35, 36, 37, 38, 0, 0, 2]
x_dimensions = [12, 4, 4, 4, 4, 3, 3, 3, 3, 3, 3, 3, 3, 3, 3, 3, 3, 3, 3, 3, 3]
y_dimensions = [34, 14, 11, 5, 4, 34, 25, 22, 21, 14, 13, 12, 11, 10, 9, 8, 7, 6, 5, 4, 3]
minimum_height = 44
----------
x_coordinates = [0, 18, 30, 24, 14, 25, 15, 28, 31, 22, 12, 21, 18, 31, 28, 12, 22, 19, 18, 15, 21]
y_coordinates = [4, 29, 10, 37, 10, 3, 14, 21, 22, 23, 20, 11, 13, 0, 0, 35, 1, 1, 7, 39, 8]
x_dimensions = [12, 4, 4, 4, 4, 3, 3, 3, 3, 3, 3, 3, 3, 3, 3, 3, 3, 3, 3, 3, 3]
y_dimensions = [34, 14, 11, 5, 4, 34, 25, 22, 21, 14, 13, 12, 11, 10, 9, 8, 7, 6, 5, 4, 3]
minimum_height = 43
----------
x_coordinates = [9, 27, 4, 21, 22, 31, 24, 3, 6, 0, 21, 27, 25, 21, 2, 0, 28, 31, 28, 26, 22]
y_coordinates = [3, 28, 0, 8, 13, 2, 17, 11, 16, 4, 17, 16, 1, 32, 33, 25, 5, 36, 0, 12, 5]
x_dimensions = [12, 4, 4, 4, 4, 3, 3, 3, 3, 3, 3, 3, 3, 3, 3, 3, 3, 3, 3, 3, 3]
y_dimensions = [34, 14, 11, 5, 4, 34, 25, 22, 21, 14, 13, 12, 11, 10, 9, 8, 7, 6, 5, 4, 3]
minimum_height = 42
----------
x_coordinates = [0, 26, 15, 15, 26, 31, 22, 18, 12, 19, 15, 25, 27, 12, 15, 12, 28, 30, 28, 24, 24]
y_coordinates = [3, 27, 2, 13, 11, 0, 10, 19, 12, 5, 28, 15, 0, 2, 18, 33, 15, 34, 22, 6, 3]
x_dimensions = [12, 4, 4, 4, 4, 3, 3, 3, 3, 3, 3, 3, 3, 3, 3, 3, 3, 3, 3, 3, 3]
y_dimensions = [34, 14, 11, 5, 4, 34, 25, 22, 21, 14, 13, 12, 11, 10, 9, 8, 7, 6, 5, 4, 3]
minimum_height = 41
----------
x_coordinates = [7, 0, 27, 0, 3, 4, 31, 25, 19, 22, 22, 19, 28, 1, 24, 28, 28, 31, 16, 31, 25]
y_coordinates = [0, 16, 28, 30, 36, 2, 4, 6, 6, 17, 4, 27, 17, 5, 31, 2, 10, 34, 34, 29, 3]
x_dimensions = [12, 4, 4, 4, 4, 3, 3, 3, 3, 3, 3, 3, 3, 3, 3, 3, 3, 3, 3, 3, 3]
y_dimensions = [34, 14, 11, 5, 4, 34, 25, 22, 21, 14, 13, 12, 11, 10, 9, 8, 7, 6, 5, 4, 3]
minimum_height = 40
----------
x_coordinates = [9, 21, 30, 21, 15, 6, 0, 28, 3, 25, 22, 25, 3, 0, 31, 31, 31, 27, 25, 19, 22]
y_coordinates = [0, 21, 28, 16, 34, 5, 12, 6, 6, 13, 3, 27, 27, 2, 19, 4, 12, 0, 8, 35, 36]
x_dimensions = [12, 4, 4, 4, 4, 3, 3, 3, 3, 3, 3, 3, 3, 3, 3, 3, 3, 3, 3, 3, 3]
y_dimensions = [34, 14, 11, 5, 4, 34, 25, 22, 21, 14, 13, 12, 11, 10, 9, 8, 7, 6, 5, 4, 3]
minimum_height = 39
----------
x_coordinates = [9, 27, 1, 5, 21, 21, 24, 0, 31, 6, 28, 25, 3, 31, 6, 6, 28, 31, 3, 18, 3]
y_coordinates = [0, 16, 5, 1, 0, 4, 13, 16, 17, 15, 3, 1, 22, 7, 6, 29, 31, 1, 33, 34, 19]
x_dimensions = [12, 4, 4, 4, 4, 3, 3, 3, 3, 3, 3, 3, 3, 3, 3, 3, 3, 3, 3, 3, 3]
y_dimensions = [34, 14, 11, 5, 4, 34, 25, 22, 21, 14, 13, 12, 11, 10, 9, 8, 7, 6, 5, 4, 3]
minimum_height = 38
----------
x_coordinates = [6, 27, 2, 27, 27, 18, 24, 21, 3, 28, 31, 31, 24, 0, 31, 21, 21, 0, 3, 0, 0]
y_coordinates = [1, 19, 5, 14, 33, 3, 1, 8, 16, 0, 2, 25, 26, 27, 15, 0, 30, 21, 0, 1, 18]
x_dimensions = [12, 4, 4, 4, 4, 3, 3, 3, 3, 3, 3, 3, 3, 3, 3, 3, 3, 3, 3, 3, 3]
y_dimensions = [34, 14, 11, 5, 4, 34, 25, 22, 21, 14, 13, 12, 11, 10, 9, 8, 7, 6, 5, 4, 3]
minimum_height = 37
----------
x_coordinates = [9, 30, 2, 30, 30, 24, 27, 21, 6, 6, 31, 0, 27, 3, 3, 0, 21, 3, 0, 21, 21]
y_coordinates = [0, 22, 0, 13, 18, 2, 0, 14, 1, 22, 0, 24, 25, 20, 11, 11, 7, 30, 19, 0, 4]
x_dimensions = [12, 4, 4, 4, 4, 3, 3, 3, 3, 3, 3, 3, 3, 3, 3, 3, 3, 3, 3, 3, 3]
y_dimensions = [34, 14, 11, 5, 4, 34, 25, 22, 21, 14, 13, 12, 11, 10, 9, 8, 7, 6, 5, 4, 3]
minimum_height = 36
----------
x_coordinates = [10, 6, 3, 6, 6, 0, 28, 25, 3, 31, 31, 25, 7, 22, 22, 22, 31, 22, 28, 28, 3]
y_coordinates = [0, 21, 0, 16, 12, 1, 5, 13, 14, 14, 1, 1, 1, 8, 26, 18, 28, 2, 30, 1, 11]
x_dimensions = [12, 4, 4, 4, 4, 3, 3, 3, 3, 3, 3, 3, 3, 3, 3, 3, 3, 3, 3, 3, 3]
y_dimensions = [34, 14, 11, 5, 4, 34, 25, 22, 21, 14, 13, 12, 11, 10, 9, 8, 7, 6, 5, 4, 3]
minimum_height = 35
----------
x_coordinates = [9, 24, 24, 24, 24, 6, 31, 28, 0, 21, 21, 28, 3, 3, 31, 0, 3, 3, 0, 21, 21]
y_coordinates = [0, 9, 23, 4, 0, 0, 0, 0, 13, 20, 3, 22, 13, 24, 25, 0, 6, 0, 8, 16, 0]
x_dimensions = [12, 4, 4, 4, 4, 3, 3, 3, 3, 3, 3, 3, 3, 3, 3, 3, 3, 3, 3, 3, 3]
y_dimensions = [34, 14, 11, 5, 4, 34, 25, 22, 21, 14, 13, 12, 11, 10, 9, 8, 7, 6, 5, 4, 3]
minimum_height = 34
----------
==========
%%%mzn-stat: nodes=30654
%%%mzn-stat: failures=9778
%%%mzn-stat: restarts=357
%%%mzn-stat: variables=8630
%%%mzn-stat: intVars=102
%%%mzn-stat: boolVariables=8526
%%%mzn-stat: propagators=1869
%%%mzn-stat: propagations=4773455
%%%mzn-stat: peakDepth=198
%%%mzn-stat: nogoods=9778
%%%mzn-stat: backjumps=3490
%%%mzn-stat: peakMem=0.00
%%%mzn-stat: time=2.267
%%%mzn-stat: initTime=0.022
%%%mzn-stat: solveTime=2.245
%%%mzn-stat: objective=34
%%%mzn-stat: optTime=2.245
%%%mzn-stat: baseMem=0.00
%%%mzn-stat: trailMem=0.02
%%%mzn-stat: randomSeed=1657196403
