x_coordinates = [4, 0, 9, 13, 13, 23, 5, 16, 17, 20, 24, 18, 21, 8, 23, 11, 14, 15, 12, 21, 8]
y_coordinates = [8, 7, 2, 15, 5, 2, 2, 0, 3, 1, 17, 24, 21, 16, 8, 23, 23, 30, 31, 32, 26]
x_dimensions = [4, 4, 4, 4, 4, 4, 4, 4, 3, 3, 3, 3, 3, 3, 3, 3, 3, 3, 3, 3, 3]
y_dimensions = [20, 19, 14, 8, 7, 6, 4, 3, 21, 20, 19, 12, 11, 10, 9, 8, 7, 6, 5, 4, 3]
minimum_height = 36
----------
x_coordinates = [11, 4, 0, 4, 0, 8, 0, 5, 15, 21, 24, 18, 24, 8, 20, 12, 1, 21, 15, 23, 14]
y_coordinates = [7, 6, 14, 26, 3, 28, 10, 3, 8, 9, 5, 23, 24, 18, 0, 27, 28, 29, 29, 1, 4]
x_dimensions = [4, 4, 4, 4, 4, 4, 4, 4, 3, 3, 3, 3, 3, 3, 3, 3, 3, 3, 3, 3, 3]
y_dimensions = [20, 19, 14, 8, 7, 6, 4, 3, 21, 20, 19, 12, 11, 10, 9, 8, 7, 6, 5, 4, 3]
minimum_height = 35
----------
x_coordinates = [11, 5, 1, 7, 1, 0, 13, 9, 17, 21, 24, 18, 24, 11, 20, 14, 8, 15, 4, 23, 21]
y_coordinates = [0, 8, 19, 0, 12, 6, 20, 21, 13, 0, 11, 1, 0, 24, 23, 26, 27, 7, 3, 30, 20]
x_dimensions = [4, 4, 4, 4, 4, 4, 4, 4, 3, 3, 3, 3, 3, 3, 3, 3, 3, 3, 3, 3, 3]
y_dimensions = [20, 19, 14, 8, 7, 6, 4, 3, 21, 20, 19, 12, 11, 10, 9, 8, 7, 6, 5, 4, 3]
minimum_height = 34
----------
x_coordinates = [11, 5, 4, 9, 0, 0, 0, 13, 17, 24, 20, 18, 23, 15, 21, 14, 2, 8, 8, 1, 21]
y_coordinates = [1, 14, 0, 23, 19, 13, 9, 21, 12, 2, 13, 0, 22, 0, 4, 24, 26, 3, 9, 5, 1]
x_dimensions = [4, 4, 4, 4, 4, 4, 4, 4, 3, 3, 3, 3, 3, 3, 3, 3, 3, 3, 3, 3, 3]
y_dimensions = [20, 19, 14, 8, 7, 6, 4, 3, 21, 20, 19, 12, 11, 10, 9, 8, 7, 6, 5, 4, 3]
minimum_height = 33
----------
x_coordinates = [11, 7, 3, 11, 3, 16, 17, 3, 18, 21, 0, 24, 23, 15, 24, 0, 4, 20, 15, 15, 15]
y_coordinates = [3, 13, 1, 23, 15, 26, 0, 22, 4, 1, 5, 9, 21, 4, 0, 24, 25, 25, 21, 14, 18]
x_dimensions = [4, 4, 4, 4, 4, 4, 4, 4, 3, 3, 3, 3, 3, 3, 3, 3, 3, 3, 3, 3, 3]
y_dimensions = [20, 19, 14, 8, 7, 6, 4, 3, 21, 20, 19, 12, 11, 10, 9, 8, 7, 6, 5, 4, 3]
minimum_height = 32
----------
x_coordinates = [8, 12, 4, 4, 0, 13, 16, 12, 17, 20, 0, 24, 21, 24, 23, 6, 9, 16, 3, 3, 14]
y_coordinates = [3, 9, 8, 0, 3, 3, 27, 28, 0, 11, 10, 10, 0, 0, 22, 23, 24, 21, 22, 27, 0]
x_dimensions = [4, 4, 4, 4, 4, 4, 4, 4, 3, 3, 3, 3, 3, 3, 3, 3, 3, 3, 3, 3, 3]
y_dimensions = [20, 19, 14, 8, 7, 6, 4, 3, 21, 20, 19, 12, 11, 10, 9, 8, 7, 6, 5, 4, 3]
minimum_height = 31
----------
x_coordinates = [11, 0, 4, 17, 4, 0, 1, 4, 21, 24, 8, 18, 15, 8, 17, 24, 12, 5, 21, 21, 14]
y_coordinates = [3, 5, 6, 1, 23, 24, 1, 20, 4, 2, 11, 18, 18, 1, 9, 22, 23, 0, 25, 0, 0]
x_dimensions = [4, 4, 4, 4, 4, 4, 4, 4, 3, 3, 3, 3, 3, 3, 3, 3, 3, 3, 3, 3, 3]
y_dimensions = [20, 19, 14, 8, 7, 6, 4, 3, 21, 20, 19, 12, 11, 10, 9, 8, 7, 6, 5, 4, 3]
minimum_height = 30
----------
x_coordinates = [4, 0, 14, 23, 0, 14, 4, 13, 21, 11, 18, 8, 24, 24, 18, 9, 8, 15, 12, 5, 2]
y_coordinates = [4, 7, 15, 0, 0, 9, 0, 6, 8, 9, 10, 17, 18, 8, 1, 1, 10, 0, 1, 25, 26]
x_dimensions = [4, 4, 4, 4, 4, 4, 4, 4, 3, 3, 3, 3, 3, 3, 3, 3, 3, 3, 3, 3, 3]
y_dimensions = [20, 19, 14, 8, 7, 6, 4, 3, 21, 20, 19, 12, 11, 10, 9, 8, 7, 6, 5, 4, 3]
minimum_height = 29
----------
x_coordinates = [10, 0, 20, 3, 17, 7, 23, 13, 17, 4, 24, 14, 14, 21, 0, 7, 7, 7, 24, 20, 11]
y_coordinates = [2, 0, 4, 20, 21, 22, 0, 25, 0, 0, 9, 2, 14, 18, 19, 1, 9, 16, 4, 0, 22]
x_dimensions = [4, 4, 4, 4, 4, 4, 4, 4, 3, 3, 3, 3, 3, 3, 3, 3, 3, 3, 3, 3, 3]
y_dimensions = [20, 19, 14, 8, 7, 6, 4, 3, 21, 20, 19, 12, 11, 10, 9, 8, 7, 6, 5, 4, 3]
minimum_height = 28
----------
x_coordinates = [11, 4, 0, 7, 11, 0, 0, 0, 15, 21, 18, 24, 24, 8, 8, 18, 21, 15, 4, 24, 4]
y_coordinates = [0, 0, 7, 19, 20, 21, 3, 0, 6, 7, 0, 0, 12, 9, 0, 19, 0, 0, 19, 23, 24]
x_dimensions = [4, 4, 4, 4, 4, 4, 4, 4, 3, 3, 3, 3, 3, 3, 3, 3, 3, 3, 3, 3, 3]
y_dimensions = [20, 19, 14, 8, 7, 6, 4, 3, 21, 20, 19, 12, 11, 10, 9, 8, 7, 6, 5, 4, 3]
minimum_height = 27
----------
==========
%%%mzn-stat: nodes=23706
%%%mzn-stat: failures=13576
%%%mzn-stat: restarts=388
%%%mzn-stat: variables=3950
%%%mzn-stat: intVars=100
%%%mzn-stat: boolVariables=3848
%%%mzn-stat: propagators=1869
%%%mzn-stat: propagations=5014852
%%%mzn-stat: peakDepth=106
%%%mzn-stat: nogoods=13576
%%%mzn-stat: backjumps=2913
%%%mzn-stat: peakMem=0.00
%%%mzn-stat: time=2.156
%%%mzn-stat: initTime=0.018
%%%mzn-stat: solveTime=2.138
%%%mzn-stat: objective=27
%%%mzn-stat: optTime=2.138
%%%mzn-stat: baseMem=0.00
%%%mzn-stat: trailMem=0.02
%%%mzn-stat: randomSeed=1657196213
