x_coordinates = [13, 9, 29, 29, 25, 21, 17, 13, 6, 3, 9, 0, 12, 18, 15, 21, 24, 30, 27, 21, 0, 15, 18]
y_coordinates = [21, 29, 30, 63, 65, 69, 71, 72, 42, 45, 51, 58, 57, 57, 58, 59, 56, 55, 56, 53, 53, 54, 54]
x_dimensions = [7, 4, 4, 4, 4, 4, 4, 4, 3, 3, 3, 3, 3, 3, 3, 3, 3, 3, 3, 3, 3, 3, 3]
y_dimensions = [33, 17, 14, 12, 10, 6, 4, 3, 33, 30, 24, 17, 15, 14, 13, 10, 9, 8, 7, 6, 5, 4, 3]
minimum_height = 75
----------
x_coordinates = [6, 2, 29, 26, 27, 19, 15, 23, 25, 23, 19, 16, 30, 13, 30, 27, 22, 24, 22, 27, 30, 16, 30]
y_coordinates = [20, 40, 52, 13, 3, 10, 10, 8, 41, 11, 34, 38, 24, 34, 39, 25, 57, 0, 50, 35, 19, 32, 14]
x_dimensions = [7, 4, 4, 4, 4, 4, 4, 4, 3, 3, 3, 3, 3, 3, 3, 3, 3, 3, 3, 3, 3, 3, 3]
y_dimensions = [33, 17, 14, 12, 10, 6, 4, 3, 33, 30, 24, 17, 15, 14, 13, 10, 9, 8, 7, 6, 5, 4, 3]
minimum_height = 74
----------
x_coordinates = [13, 14, 10, 24, 26, 10, 22, 29, 30, 21, 26, 10, 26, 10, 30, 29, 27, 24, 23, 28, 29, 12, 2]
y_coordinates = [7, 40, 53, 50, 63, 45, 65, 46, 13, 34, 1, 24, 35, 10, 60, 3, 26, 27, 20, 54, 49, 3, 39]
x_dimensions = [7, 4, 4, 4, 4, 4, 4, 4, 3, 3, 3, 3, 3, 3, 3, 3, 3, 3, 3, 3, 3, 3, 3]
y_dimensions = [33, 17, 14, 12, 10, 6, 4, 3, 33, 30, 24, 17, 15, 14, 13, 10, 9, 8, 7, 6, 5, 4, 3]
minimum_height = 73
----------
x_coordinates = [13, 14, 25, 24, 24, 1, 9, 21, 29, 6, 20, 18, 27, 21, 30, 30, 22, 26, 24, 29, 28, 30, 0]
y_coordinates = [18, 1, 58, 8, 20, 54, 29, 58, 5, 29, 19, 51, 38, 44, 59, 42, 61, 30, 41, 53, 0, 38, 69]
x_dimensions = [7, 4, 4, 4, 4, 4, 4, 4, 3, 3, 3, 3, 3, 3, 3, 3, 3, 3, 3, 3, 3, 3, 3]
y_dimensions = [33, 17, 14, 12, 10, 6, 4, 3, 33, 30, 24, 17, 15, 14, 13, 10, 9, 8, 7, 6, 5, 4, 3]
minimum_height = 72
----------
x_coordinates = [13, 14, 15, 28, 29, 6, 12, 25, 27, 10, 21, 19, 30, 24, 30, 30, 23, 27, 27, 24, 30, 21, 26]
y_coordinates = [19, 2, 53, 1, 61, 65, 67, 68, 21, 36, 24, 52, 25, 45, 40, 15, 59, 13, 54, 39, 53, 48, 65]
x_dimensions = [7, 4, 4, 4, 4, 4, 4, 4, 3, 3, 3, 3, 3, 3, 3, 3, 3, 3, 3, 3, 3, 3, 3]
y_dimensions = [33, 17, 14, 12, 10, 6, 4, 3, 33, 30, 24, 17, 15, 14, 13, 10, 9, 8, 7, 6, 5, 4, 3]
minimum_height = 71
----------
x_coordinates = [13, 9, 19, 26, 19, 12, 19, 22, 30, 23, 25, 22, 27, 26, 30, 29, 16, 22, 16, 29, 29, 13, 24]
y_coordinates = [5, 30, 53, 39, 38, 62, 49, 67, 18, 37, 0, 17, 24, 56, 57, 3, 61, 9, 52, 51, 13, 54, 34]
x_dimensions = [7, 4, 4, 4, 4, 4, 4, 4, 3, 3, 3, 3, 3, 3, 3, 3, 3, 3, 3, 3, 3, 3, 3]
y_dimensions = [33, 17, 14, 12, 10, 6, 4, 3, 33, 30, 24, 17, 15, 14, 13, 10, 9, 8, 7, 6, 5, 4, 3]
minimum_height = 70
----------
x_coordinates = [13, 14, 26, 29, 26, 19, 20, 29, 20, 23, 26, 30, 29, 30, 10, 26, 27, 22, 24, 7, 30, 23, 30]
y_coordinates = [17, 0, 55, 40, 9, 54, 6, 52, 18, 39, 19, 3, 25, 55, 43, 43, 0, 10, 2, 38, 20, 35, 0]
x_dimensions = [7, 4, 4, 4, 4, 4, 4, 4, 3, 3, 3, 3, 3, 3, 3, 3, 3, 3, 3, 3, 3, 3, 3]
y_dimensions = [33, 17, 14, 12, 10, 6, 4, 3, 33, 30, 24, 17, 15, 14, 13, 10, 9, 8, 7, 6, 5, 4, 3]
minimum_height = 69
----------
x_coordinates = [13, 4, 16, 29, 29, 8, 22, 12, 1, 26, 27, 29, 21, 10, 12, 30, 15, 24, 19, 9, 14, 24, 28]
y_coordinates = [7, 38, 45, 46, 58, 47, 57, 45, 28, 38, 5, 29, 42, 27, 52, 19, 59, 28, 60, 55, 40, 24, 2]
x_dimensions = [7, 4, 4, 4, 4, 4, 4, 4, 3, 3, 3, 3, 3, 3, 3, 3, 3, 3, 3, 3, 3, 3, 3]
y_dimensions = [33, 17, 14, 12, 10, 6, 4, 3, 33, 30, 24, 17, 15, 14, 13, 10, 9, 8, 7, 6, 5, 4, 3]
minimum_height = 68
----------
x_coordinates = [3, 25, 17, 13, 26, 28, 9, 23, 30, 11, 27, 30, 10, 24, 21, 23, 22, 29, 9, 23, 27, 12, 29]
y_coordinates = [17, 11, 53, 49, 28, 0, 56, 50, 17, 11, 38, 50, 41, 53, 54, 34, 25, 6, 60, 44, 62, 61, 14]
x_dimensions = [7, 4, 4, 4, 4, 4, 4, 4, 3, 3, 3, 3, 3, 3, 3, 3, 3, 3, 3, 3, 3, 3, 3]
y_dimensions = [33, 17, 14, 12, 10, 6, 4, 3, 33, 30, 24, 17, 15, 14, 13, 10, 9, 8, 7, 6, 5, 4, 3]
minimum_height = 67
----------
x_coordinates = [3, 29, 2, 19, 13, 29, 26, 23, 27, 22, 30, 9, 18, 24, 21, 0, 15, 10, 24, 24, 30, 20, 17]
y_coordinates = [12, 16, 51, 54, 32, 7, 3, 59, 33, 1, 41, 49, 39, 31, 40, 32, 51, 40, 45, 52, 36, 32, 36]
x_dimensions = [7, 4, 4, 4, 4, 4, 4, 4, 3, 3, 3, 3, 3, 3, 3, 3, 3, 3, 3, 3, 3, 3, 3]
y_dimensions = [33, 17, 14, 12, 10, 6, 4, 3, 33, 30, 24, 17, 15, 14, 13, 10, 9, 8, 7, 6, 5, 4, 3]
minimum_height = 66
----------
x_coordinates = [6, 26, 2, 24, 14, 22, 15, 13, 25, 22, 30, 18, 30, 29, 21, 17, 16, 17, 30, 21, 19, 23, 17]
y_coordinates = [15, 36, 47, 53, 52, 35, 14, 34, 2, 5, 39, 48, 0, 22, 46, 30, 20, 40, 15, 59, 14, 41, 11]
x_dimensions = [7, 4, 4, 4, 4, 4, 4, 4, 3, 3, 3, 3, 3, 3, 3, 3, 3, 3, 3, 3, 3, 3, 3]
y_dimensions = [33, 17, 14, 12, 10, 6, 4, 3, 33, 30, 24, 17, 15, 14, 13, 10, 9, 8, 7, 6, 5, 4, 3]
minimum_height = 65
----------
x_coordinates = [10, 29, 22, 26, 12, 23, 26, 23, 30, 19, 27, 16, 21, 30, 26, 13, 21, 17, 24, 24, 27, 17, 15]
y_coordinates = [0, 47, 50, 1, 54, 40, 13, 46, 0, 34, 23, 45, 10, 33, 51, 44, 25, 22, 22, 34, 18, 12, 33]
x_dimensions = [7, 4, 4, 4, 4, 4, 4, 4, 3, 3, 3, 3, 3, 3, 3, 3, 3, 3, 3, 3, 3, 3, 3]
y_dimensions = [33, 17, 14, 12, 10, 6, 4, 3, 33, 30, 24, 17, 15, 14, 13, 10, 9, 8, 7, 6, 5, 4, 3]
minimum_height = 64
----------
x_coordinates = [12, 29, 3, 29, 7, 24, 20, 28, 26, 22, 30, 20, 26, 17, 11, 10, 23, 23, 26, 14, 28, 23, 22]
y_coordinates = [7, 38, 49, 26, 53, 57, 59, 55, 0, 6, 2, 42, 33, 47, 50, 40, 36, 49, 48, 54, 58, 45, 3]
x_dimensions = [7, 4, 4, 4, 4, 4, 4, 4, 3, 3, 3, 3, 3, 3, 3, 3, 3, 3, 3, 3, 3, 3, 3]
y_dimensions = [33, 17, 14, 12, 10, 6, 4, 3, 33, 30, 24, 17, 15, 14, 13, 10, 9, 8, 7, 6, 5, 4, 3]
minimum_height = 63
----------
x_coordinates = [1, 8, 4, 29, 16, 24, 17, 28, 27, 22, 30, 20, 26, 30, 24, 13, 23, 19, 29, 15, 12, 25, 23]
y_coordinates = [14, 43, 48, 40, 41, 56, 13, 59, 4, 14, 2, 45, 41, 26, 1, 40, 44, 33, 52, 51, 55, 37, 53]
x_dimensions = [7, 4, 4, 4, 4, 4, 4, 4, 3, 3, 3, 3, 3, 3, 3, 3, 3, 3, 3, 3, 3, 3, 3]
y_dimensions = [33, 17, 14, 12, 10, 6, 4, 3, 33, 30, 24, 17, 15, 14, 13, 10, 9, 8, 7, 6, 5, 4, 3]
minimum_height = 62
----------
x_coordinates = [13, 3, 3, 26, 16, 23, 28, 23, 30, 22, 10, 20, 27, 7, 28, 13, 24, 17, 30, 27, 13, 26, 21]
y_coordinates = [6, 44, 30, 24, 50, 54, 16, 51, 20, 11, 35, 44, 40, 43, 3, 42, 42, 39, 53, 55, 52, 36, 41]
x_dimensions = [7, 4, 4, 4, 4, 4, 4, 4, 3, 3, 3, 3, 3, 3, 3, 3, 3, 3, 3, 3, 3, 3, 3]
y_dimensions = [33, 17, 14, 12, 10, 6, 4, 3, 33, 30, 24, 17, 15, 14, 13, 10, 9, 8, 7, 6, 5, 4, 3]
minimum_height = 61
----------
x_coordinates = [2, 6, 9, 28, 21, 26, 22, 25, 13, 26, 3, 22, 29, 0, 16, 20, 25, 18, 10, 30, 19, 29, 23]
y_coordinates = [2, 42, 28, 0, 33, 54, 29, 51, 27, 12, 35, 43, 39, 41, 47, 19, 42, 39, 53, 54, 53, 32, 26]
x_dimensions = [7, 4, 4, 4, 4, 4, 4, 4, 3, 3, 3, 3, 3, 3, 3, 3, 3, 3, 3, 3, 3, 3, 3]
y_dimensions = [33, 17, 14, 12, 10, 6, 4, 3, 33, 30, 24, 17, 15, 14, 13, 10, 9, 8, 7, 6, 5, 4, 3]
minimum_height = 60
----------
x_coordinates = [13, 0, 1, 29, 20, 26, 8, 26, 5, 30, 27, 21, 30, 9, 12, 24, 27, 18, 17, 18, 15, 9, 22]
y_coordinates = [4, 42, 28, 1, 32, 53, 51, 50, 26, 13, 17, 42, 43, 37, 46, 40, 41, 44, 37, 52, 49, 55, 26]
x_dimensions = [7, 4, 4, 4, 4, 4, 4, 4, 3, 3, 3, 3, 3, 3, 3, 3, 3, 3, 3, 3, 3, 3, 3]
y_dimensions = [33, 17, 14, 12, 10, 6, 4, 3, 33, 30, 24, 17, 15, 14, 13, 10, 9, 8, 7, 6, 5, 4, 3]
minimum_height = 59
----------
x_coordinates = [8, 19, 15, 28, 26, 25, 19, 26, 22, 30, 5, 23, 28, 15, 19, 25, 27, 25, 18, 16, 19, 19, 25]
y_coordinates = [11, 2, 42, 0, 21, 34, 19, 31, 25, 12, 11, 8, 42, 22, 30, 48, 12, 40, 23, 36, 53, 46, 5]
x_dimensions = [7, 4, 4, 4, 4, 4, 4, 4, 3, 3, 3, 3, 3, 3, 3, 3, 3, 3, 3, 3, 3, 3, 3]
y_dimensions = [33, 17, 14, 12, 10, 6, 4, 3, 33, 30, 24, 17, 15, 14, 13, 10, 9, 8, 7, 6, 5, 4, 3]
minimum_height = 58
----------
x_coordinates = [8, 20, 26, 24, 29, 29, 18, 29, 23, 5, 15, 26, 30, 12, 29, 28, 17, 26, 22, 17, 20, 20, 26]
y_coordinates = [2, 0, 33, 4, 47, 0, 23, 16, 24, 27, 15, 16, 32, 35, 19, 6, 46, 49, 17, 5, 31, 46, 1]
x_dimensions = [7, 4, 4, 4, 4, 4, 4, 4, 3, 3, 3, 3, 3, 3, 3, 3, 3, 3, 3, 3, 3, 3, 3]
y_dimensions = [33, 17, 14, 12, 10, 6, 4, 3, 33, 30, 24, 17, 15, 14, 13, 10, 9, 8, 7, 6, 5, 4, 3]
minimum_height = 57
----------
x_coordinates = [12, 7, 29, 25, 24, 28, 20, 29, 30, 24, 1, 27, 4, 19, 22, 27, 11, 21, 21, 1, 19, 9, 26]
y_coordinates = [11, 7, 9, 13, 3, 3, 28, 0, 23, 26, 21, 25, 8, 8, 13, 46, 2, 41, 1, 8, 22, 25, 0]
x_dimensions = [7, 4, 4, 4, 4, 4, 4, 4, 3, 3, 3, 3, 3, 3, 3, 3, 3, 3, 3, 3, 3, 3, 3]
y_dimensions = [33, 17, 14, 12, 10, 6, 4, 3, 33, 30, 24, 17, 15, 14, 13, 10, 9, 8, 7, 6, 5, 4, 3]
minimum_height = 56
----------
x_coordinates = [11, 21, 29, 25, 29, 29, 29, 29, 21, 26, 5, 30, 18, 8, 15, 27, 2, 18, 24, 8, 24, 10, 27]
y_coordinates = [7, 38, 27, 43, 45, 18, 41, 24, 5, 13, 22, 1, 30, 30, 40, 0, 44, 45, 1, 17, 8, 44, 10]
x_dimensions = [7, 4, 4, 4, 4, 4, 4, 4, 3, 3, 3, 3, 3, 3, 3, 3, 3, 3, 3, 3, 3, 3, 3]
y_dimensions = [33, 17, 14, 12, 10, 6, 4, 3, 33, 30, 24, 17, 15, 14, 13, 10, 9, 8, 7, 6, 5, 4, 3]
minimum_height = 55
----------
x_coordinates = [11, 21, 29, 25, 29, 29, 29, 29, 21, 26, 4, 30, 18, 8, 15, 27, 7, 18, 24, 1, 24, 10, 6]
y_coordinates = [6, 37, 26, 42, 44, 20, 40, 17, 4, 12, 24, 0, 30, 30, 39, 2, 45, 46, 0, 25, 7, 44, 15]
x_dimensions = [7, 4, 4, 4, 4, 4, 4, 4, 3, 3, 3, 3, 3, 3, 3, 3, 3, 3, 3, 3, 3, 3, 3]
y_dimensions = [33, 17, 14, 12, 10, 6, 4, 3, 33, 30, 24, 17, 15, 14, 13, 10, 9, 8, 7, 6, 5, 4, 3]
minimum_height = 54
----------
x_coordinates = [12, 20, 29, 25, 29, 29, 18, 29, 22, 26, 6, 30, 19, 9, 13, 27, 1, 19, 24, 9, 19, 11, 30]
y_coordinates = [7, 1, 29, 41, 43, 23, 41, 20, 19, 11, 28, 3, 26, 39, 40, 1, 44, 45, 4, 28, 19, 3, 0]
x_dimensions = [7, 4, 4, 4, 4, 4, 4, 4, 3, 3, 3, 3, 3, 3, 3, 3, 3, 3, 3, 3, 3, 3, 3]
y_dimensions = [33, 17, 14, 12, 10, 6, 4, 3, 33, 30, 24, 17, 15, 14, 13, 10, 9, 8, 7, 6, 5, 4, 3]
minimum_height = 53
----------
x_coordinates = [11, 19, 28, 23, 29, 29, 25, 28, 21, 25, 5, 30, 18, 8, 15, 27, 2, 18, 6, 7, 24, 10, 4]
y_coordinates = [6, 0, 28, 1, 42, 22, 48, 2, 17, 18, 27, 5, 25, 38, 39, 8, 43, 17, 4, 21, 13, 2, 21]
x_dimensions = [7, 4, 4, 4, 4, 4, 4, 4, 3, 3, 3, 3, 3, 3, 3, 3, 3, 3, 3, 3, 3, 3, 3]
y_dimensions = [33, 17, 14, 12, 10, 6, 4, 3, 33, 30, 24, 17, 15, 14, 13, 10, 9, 8, 7, 6, 5, 4, 3]
minimum_height = 52
----------
x_coordinates = [11, 19, 28, 23, 28, 29, 25, 29, 21, 25, 5, 27, 18, 8, 18, 30, 8, 30, 16, 2, 24, 10, 1]
y_coordinates = [9, 1, 37, 4, 27, 21, 0, 0, 18, 21, 15, 4, 20, 34, 36, 11, 20, 3, 2, 26, 16, 3, 20]
x_dimensions = [7, 4, 4, 4, 4, 4, 4, 4, 3, 3, 3, 3, 3, 3, 3, 3, 3, 3, 3, 3, 3, 3, 3]
y_dimensions = [33, 17, 14, 12, 10, 6, 4, 3, 33, 30, 24, 17, 15, 14, 13, 10, 9, 8, 7, 6, 5, 4, 3]
minimum_height = 51
----------
x_coordinates = [13, 9, 29, 25, 21, 13, 17, 5, 0, 6, 3, 20, 26, 23, 30, 10, 23, 30, 27, 20, 18, 10, 15]
y_coordinates = [8, 33, 36, 38, 40, 44, 46, 47, 17, 17, 23, 23, 23, 24, 23, 23, 15, 15, 16, 17, 41, 19, 41]
x_dimensions = [7, 4, 4, 4, 4, 4, 4, 4, 3, 3, 3, 3, 3, 3, 3, 3, 3, 3, 3, 3, 3, 3, 3]
y_dimensions = [33, 17, 14, 12, 10, 6, 4, 3, 33, 30, 24, 17, 15, 14, 13, 10, 9, 8, 7, 6, 5, 4, 3]
minimum_height = 50
----------
x_coordinates = [12, 19, 29, 0, 11, 29, 4, 29, 23, 26, 8, 27, 19, 7, 30, 30, 16, 9, 23, 19, 20, 19, 23]
y_coordinates = [5, 32, 35, 37, 39, 29, 45, 24, 1, 19, 25, 2, 1, 3, 1, 14, 39, 17, 42, 26, 21, 16, 34]
x_dimensions = [7, 4, 4, 4, 4, 4, 4, 4, 3, 3, 3, 3, 3, 3, 3, 3, 3, 3, 3, 3, 3, 3, 3]
y_dimensions = [33, 17, 14, 12, 10, 6, 4, 3, 33, 30, 24, 17, 15, 14, 13, 10, 9, 8, 7, 6, 5, 4, 3]
minimum_height = 49
----------
x_coordinates = [11, 22, 3, 15, 26, 26, 18, 26, 30, 0, 7, 23, 19, 10, 27, 30, 24, 8, 26, 4, 20, 26, 29]
y_coordinates = [0, 30, 27, 33, 18, 28, 27, 41, 2, 15, 24, 13, 33, 33, 3, 38, 4, 15, 34, 41, 22, 44, 35]
x_dimensions = [7, 4, 4, 4, 4, 4, 4, 4, 3, 3, 3, 3, 3, 3, 3, 3, 3, 3, 3, 3, 3, 3, 3]
y_dimensions = [33, 17, 14, 12, 10, 6, 4, 3, 33, 30, 24, 17, 15, 14, 13, 10, 9, 8, 7, 6, 5, 4, 3]
minimum_height = 48
----------
x_coordinates = [12, 29, 0, 29, 8, 28, 29, 28, 26, 6, 21, 9, 22, 19, 5, 0, 25, 18, 13, 3, 20, 18, 3]
y_coordinates = [6, 14, 33, 31, 37, 8, 43, 5, 14, 4, 23, 13, 3, 4, 34, 9, 3, 39, 40, 13, 18, 0, 7]
x_dimensions = [7, 4, 4, 4, 4, 4, 4, 4, 3, 3, 3, 3, 3, 3, 3, 3, 3, 3, 3, 3, 3, 3, 3]
y_dimensions = [33, 17, 14, 12, 10, 6, 4, 3, 33, 30, 24, 17, 15, 14, 13, 10, 9, 8, 7, 6, 5, 4, 3]
minimum_height = 47
----------
x_coordinates = [10, 17, 3, 10, 17, 29, 16, 17, 30, 27, 24, 24, 21, 21, 7, 0, 21, 27, 14, 1, 21, 4, 0]
y_coordinates = [1, 12, 32, 34, 29, 40, 42, 39, 7, 0, 5, 29, 28, 14, 28, 30, 0, 30, 35, 24, 9, 27, 40]
x_dimensions = [7, 4, 4, 4, 4, 4, 4, 4, 3, 3, 3, 3, 3, 3, 3, 3, 3, 3, 3, 3, 3, 3, 3]
y_dimensions = [33, 17, 14, 12, 10, 6, 4, 3, 33, 30, 24, 17, 15, 14, 13, 10, 9, 8, 7, 6, 5, 4, 3]
minimum_height = 46
----------
x_coordinates = [0, 15, 20, 19, 29, 8, 28, 13, 7, 23, 27, 26, 24, 17, 10, 30, 30, 18, 20, 12, 30, 30, 30]
y_coordinates = [5, 17, 0, 21, 35, 2, 0, 7, 8, 15, 4, 28, 0, 3, 8, 12, 26, 34, 14, 0, 4, 22, 9]
x_dimensions = [7, 4, 4, 4, 4, 4, 4, 4, 3, 3, 3, 3, 3, 3, 3, 3, 3, 3, 3, 3, 3, 3, 3]
y_dimensions = [33, 17, 14, 12, 10, 6, 4, 3, 33, 30, 24, 17, 15, 14, 13, 10, 9, 8, 7, 6, 5, 4, 3]
minimum_height = 45
----------
x_coordinates = [11, 18, 22, 19, 3, 4, 23, 23, 0, 30, 27, 27, 24, 21, 8, 7, 30, 23, 18, 5, 30, 18, 15]
y_coordinates = [5, 27, 30, 15, 28, 14, 18, 15, 7, 5, 20, 3, 0, 1, 16, 29, 35, 22, 8, 21, 0, 4, 38]
x_dimensions = [7, 4, 4, 4, 4, 4, 4, 4, 3, 3, 3, 3, 3, 3, 3, 3, 3, 3, 3, 3, 3, 3, 3]
y_dimensions = [33, 17, 14, 12, 10, 6, 4, 3, 33, 30, 24, 17, 15, 14, 13, 10, 9, 8, 7, 6, 5, 4, 3]
minimum_height = 44
----------
x_coordinates = [12, 25, 23, 28, 3, 8, 22, 19, 19, 30, 7, 22, 0, 27, 0, 10, 3, 24, 20, 2, 16, 5, 13]
y_coordinates = [0, 26, 0, 0, 21, 9, 22, 7, 10, 13, 19, 26, 25, 12, 11, 33, 34, 14, 0, 5, 38, 13, 39]
x_dimensions = [7, 4, 4, 4, 4, 4, 4, 4, 3, 3, 3, 3, 3, 3, 3, 3, 3, 3, 3, 3, 3, 3, 3]
y_dimensions = [33, 17, 14, 12, 10, 6, 4, 3, 33, 30, 24, 17, 15, 14, 13, 10, 9, 8, 7, 6, 5, 4, 3]
minimum_height = 43
----------
x_coordinates = [5, 29, 26, 25, 22, 1, 1, 22, 19, 12, 15, 22, 16, 30, 2, 13, 2, 30, 24, 18, 27, 21, 25]
y_coordinates = [3, 25, 8, 24, 11, 7, 23, 21, 9, 2, 2, 24, 26, 3, 29, 32, 13, 17, 1, 3, 3, 5, 39]
x_dimensions = [7, 4, 4, 4, 4, 4, 4, 4, 3, 3, 3, 3, 3, 3, 3, 3, 3, 3, 3, 3, 3, 3, 3]
y_dimensions = [33, 17, 14, 12, 10, 6, 4, 3, 33, 30, 24, 17, 15, 14, 13, 10, 9, 8, 7, 6, 5, 4, 3]
minimum_height = 42
----------
x_coordinates = [13, 0, 29, 29, 28, 19, 15, 28, 20, 10, 23, 23, 7, 26, 4, 7, 26, 4, 1, 6, 8, 26, 7]
y_coordinates = [2, 23, 27, 2, 14, 35, 37, 24, 2, 11, 17, 0, 5, 0, 13, 23, 28, 26, 13, 34, 0, 37, 20]
x_dimensions = [7, 4, 4, 4, 4, 4, 4, 4, 3, 3, 3, 3, 3, 3, 3, 3, 3, 3, 3, 3, 3, 3, 3]
y_dimensions = [33, 17, 14, 12, 10, 6, 4, 3, 33, 30, 24, 17, 15, 14, 13, 10, 9, 8, 7, 6, 5, 4, 3]
minimum_height = 41
----------
x_coordinates = [9, 5, 23, 28, 29, 19, 13, 29, 20, 16, 23, 2, 3, 26, 0, 17, 30, 6, 27, 8, 6, 29, 4]
y_coordinates = [1, 4, 26, 0, 18, 1, 35, 28, 7, 0, 2, 3, 22, 12, 20, 30, 31, 26, 33, 34, 21, 14, 37]
x_dimensions = [7, 4, 4, 4, 4, 4, 4, 4, 3, 3, 3, 3, 3, 3, 3, 3, 3, 3, 3, 3, 3, 3, 3]
y_dimensions = [33, 17, 14, 12, 10, 6, 4, 3, 33, 30, 24, 17, 15, 14, 13, 10, 9, 8, 7, 6, 5, 4, 3]
minimum_height = 40
----------
x_coordinates = [12, 22, 8, 0, 8, 21, 29, 29, 5, 19, 2, 30, 24, 29, 27, 26, 26, 9, 9, 13, 5, 16, 20]
y_coordinates = [0, 6, 7, 3, 29, 0, 17, 14, 1, 6, 15, 21, 24, 0, 22, 12, 3, 21, 0, 33, 34, 33, 36]
x_dimensions = [7, 4, 4, 4, 4, 4, 4, 4, 3, 3, 3, 3, 3, 3, 3, 3, 3, 3, 3, 3, 3, 3, 3]
y_dimensions = [33, 17, 14, 12, 10, 6, 4, 3, 33, 30, 24, 17, 15, 14, 13, 10, 9, 8, 7, 6, 5, 4, 3]
minimum_height = 39
----------
x_coordinates = [12, 23, 8, 4, 23, 29, 18, 14, 20, 27, 9, 3, 30, 1, 30, 0, 6, 24, 6, 0, 0, 6, 30]
y_coordinates = [0, 3, 0, 5, 28, 0, 34, 33, 1, 8, 14, 18, 19, 0, 6, 14, 29, 20, 18, 24, 32, 25, 34]
x_dimensions = [7, 4, 4, 4, 4, 4, 4, 4, 3, 3, 3, 3, 3, 3, 3, 3, 3, 3, 3, 3, 3, 3, 3]
y_dimensions = [33, 17, 14, 12, 10, 6, 4, 3, 33, 30, 24, 17, 15, 14, 13, 10, 9, 8, 7, 6, 5, 4, 3]
minimum_height = 38
----------
x_coordinates = [13, 9, 20, 0, 26, 2, 19, 29, 30, 6, 24, 20, 27, 0, 3, 10, 10, 27, 23, 7, 3, 4, 0]
y_coordinates = [0, 10, 2, 0, 27, 12, 33, 1, 4, 7, 2, 16, 4, 23, 18, 27, 1, 19, 26, 1, 32, 3, 18]
x_dimensions = [7, 4, 4, 4, 4, 4, 4, 4, 3, 3, 3, 3, 3, 3, 3, 3, 3, 3, 3, 3, 3, 3, 3]
y_dimensions = [33, 17, 14, 12, 10, 6, 4, 3, 33, 30, 24, 17, 15, 14, 13, 10, 9, 8, 7, 6, 5, 4, 3]
minimum_height = 37
----------
x_coordinates = [9, 16, 29, 22, 29, 4, 16, 8, 26, 3, 20, 23, 17, 6, 0, 0, 30, 6, 23, 0, 0, 6, 30]
y_coordinates = [0, 19, 12, 24, 26, 30, 0, 33, 2, 0, 0, 7, 4, 8, 0, 26, 3, 22, 0, 20, 15, 2, 0]
x_dimensions = [7, 4, 4, 4, 4, 4, 4, 4, 3, 3, 3, 3, 3, 3, 3, 3, 3, 3, 3, 3, 3, 3, 3]
y_dimensions = [33, 17, 14, 12, 10, 6, 4, 3, 33, 30, 24, 17, 15, 14, 13, 10, 9, 8, 7, 6, 5, 4, 3]
minimum_height = 36
----------
x_coordinates = [13, 6, 29, 29, 6, 28, 9, 6, 0, 10, 3, 20, 23, 26, 23, 3, 26, 20, 20, 26, 23, 6, 30]
y_coordinates = [1, 4, 15, 3, 21, 29, 31, 1, 1, 1, 1, 3, 7, 0, 22, 25, 14, 20, 28, 23, 2, 31, 0]
x_dimensions = [7, 4, 4, 4, 4, 4, 4, 4, 3, 3, 3, 3, 3, 3, 3, 3, 3, 3, 3, 3, 3, 3, 3]
y_dimensions = [33, 17, 14, 12, 10, 6, 4, 3, 33, 30, 24, 17, 15, 14, 13, 10, 9, 8, 7, 6, 5, 4, 3]
minimum_height = 35
----------
x_coordinates = [13, 6, 20, 23, 0, 23, 29, 6, 10, 27, 0, 20, 3, 24, 30, 30, 4, 7, 30, 3, 7, 4, 20]
y_coordinates = [0, 17, 20, 0, 0, 12, 0, 14, 1, 4, 10, 3, 13, 19, 21, 4, 4, 1, 14, 28, 9, 0, 0]
x_dimensions = [7, 4, 4, 4, 4, 4, 4, 4, 3, 3, 3, 3, 3, 3, 3, 3, 3, 3, 3, 3, 3, 3, 3]
y_dimensions = [33, 17, 14, 12, 10, 6, 4, 3, 33, 30, 24, 17, 15, 14, 13, 10, 9, 8, 7, 6, 5, 4, 3]
minimum_height = 34
----------
x_coordinates = [6, 16, 23, 16, 23, 23, 19, 23, 30, 27, 20, 0, 13, 3, 3, 13, 0, 13, 0, 3, 20, 16, 27]
y_coordinates = [0, 4, 19, 21, 9, 3, 0, 0, 0, 0, 4, 9, 18, 6, 20, 0, 0, 10, 26, 0, 28, 0, 30]
x_dimensions = [7, 4, 4, 4, 4, 4, 4, 4, 3, 3, 3, 3, 3, 3, 3, 3, 3, 3, 3, 3, 3, 3, 3]
y_dimensions = [33, 17, 14, 12, 10, 6, 4, 3, 33, 30, 24, 17, 15, 14, 13, 10, 9, 8, 7, 6, 5, 4, 3]
minimum_height = 33
----------
==========
%%%mzn-stat: nodes=35056
%%%mzn-stat: failures=17308
%%%mzn-stat: restarts=518
%%%mzn-stat: variables=6573
%%%mzn-stat: intVars=110
%%%mzn-stat: boolVariables=6461
%%%mzn-stat: propagators=2231
%%%mzn-stat: propagations=7794354
%%%mzn-stat: peakDepth=157
%%%mzn-stat: nogoods=17308
%%%mzn-stat: backjumps=4650
%%%mzn-stat: peakMem=0.00
%%%mzn-stat: time=4.626
%%%mzn-stat: initTime=0.021
%%%mzn-stat: solveTime=4.605
%%%mzn-stat: objective=33
%%%mzn-stat: optTime=4.605
%%%mzn-stat: baseMem=0.00
%%%mzn-stat: trailMem=0.04
%%%mzn-stat: randomSeed=1657196398
