x_coordinates = [9, 26, 22, 18, 14, 10, 6, 3, 0, 9, 15, 12, 18, 21, 27, 24, 12, 24, 18, 0]
y_coordinates = [37, 96, 97, 99, 101, 102, 80, 86, 89, 88, 88, 90, 89, 88, 88, 89, 84, 84, 85, 86]
x_dimensions = [11, 4, 4, 4, 4, 4, 3, 3, 3, 3, 3, 3, 3, 3, 3, 3, 3, 3, 3, 3]
y_dimensions = [30, 9, 8, 6, 4, 3, 25, 19, 16, 14, 13, 11, 10, 9, 8, 7, 6, 5, 4, 3]
minimum_height = 105
----------
x_coordinates = [9, 10, 14, 6, 10, 14, 18, 21, 24, 27, 0, 3, 6, 9, 12, 15, 18, 21, 24, 27]
y_coordinates = [36, 82, 85, 88, 91, 93, 73, 80, 84, 87, 91, 93, 94, 95, 96, 97, 98, 99, 100, 101]
x_dimensions = [11, 4, 4, 4, 4, 4, 3, 3, 3, 3, 3, 3, 3, 3, 3, 3, 3, 3, 3, 3]
y_dimensions = [30, 9, 8, 6, 4, 3, 25, 19, 16, 14, 13, 11, 10, 9, 8, 7, 6, 5, 4, 3]
minimum_height = 104
----------
x_coordinates = [9, 10, 14, 6, 10, 14, 18, 21, 24, 27, 0, 3, 6, 9, 12, 15, 18, 21, 24, 27]
y_coordinates = [36, 81, 84, 87, 90, 92, 72, 79, 83, 86, 90, 92, 93, 94, 95, 96, 97, 98, 99, 100]
x_dimensions = [11, 4, 4, 4, 4, 4, 3, 3, 3, 3, 3, 3, 3, 3, 3, 3, 3, 3, 3, 3]
y_dimensions = [30, 9, 8, 6, 4, 3, 25, 19, 16, 14, 13, 11, 10, 9, 8, 7, 6, 5, 4, 3]
minimum_height = 103
----------
x_coordinates = [9, 26, 14, 6, 10, 14, 18, 21, 24, 27, 0, 3, 6, 9, 12, 15, 18, 21, 24, 27]
y_coordinates = [36, 46, 83, 86, 89, 91, 71, 78, 82, 85, 89, 91, 92, 93, 94, 95, 96, 97, 98, 99]
x_dimensions = [11, 4, 4, 4, 4, 4, 3, 3, 3, 3, 3, 3, 3, 3, 3, 3, 3, 3, 3, 3]
y_dimensions = [30, 9, 8, 6, 4, 3, 25, 19, 16, 14, 13, 11, 10, 9, 8, 7, 6, 5, 4, 3]
minimum_height = 102
----------
x_coordinates = [9, 26, 22, 18, 14, 10, 6, 3, 0, 9, 15, 12, 18, 21, 27, 24, 12, 24, 18, 0]
y_coordinates = [35, 92, 93, 95, 97, 98, 76, 82, 85, 84, 84, 86, 85, 84, 84, 85, 80, 80, 81, 82]
x_dimensions = [11, 4, 4, 4, 4, 4, 3, 3, 3, 3, 3, 3, 3, 3, 3, 3, 3, 3, 3, 3]
y_dimensions = [30, 9, 8, 6, 4, 3, 25, 19, 16, 14, 13, 11, 10, 9, 8, 7, 6, 5, 4, 3]
minimum_height = 101
----------
x_coordinates = [9, 26, 26, 22, 18, 14, 9, 6, 3, 0, 15, 12, 18, 21, 27, 24, 18, 12, 0, 24]
y_coordinates = [35, 45, 92, 94, 96, 97, 75, 81, 84, 86, 84, 86, 86, 85, 84, 85, 80, 81, 82, 82]
x_dimensions = [11, 4, 4, 4, 4, 4, 3, 3, 3, 3, 3, 3, 3, 3, 3, 3, 3, 3, 3, 3]
y_dimensions = [30, 9, 8, 6, 4, 3, 25, 19, 16, 14, 13, 11, 10, 9, 8, 7, 6, 5, 4, 3]
minimum_height = 100
----------
x_coordinates = [9, 26, 22, 18, 14, 10, 6, 3, 0, 9, 15, 12, 18, 21, 27, 24, 12, 24, 18, 0]
y_coordinates = [34, 90, 91, 93, 95, 96, 74, 80, 83, 82, 82, 84, 83, 82, 82, 83, 78, 78, 79, 80]
x_dimensions = [11, 4, 4, 4, 4, 4, 3, 3, 3, 3, 3, 3, 3, 3, 3, 3, 3, 3, 3, 3]
y_dimensions = [30, 9, 8, 6, 4, 3, 25, 19, 16, 14, 13, 11, 10, 9, 8, 7, 6, 5, 4, 3]
minimum_height = 99
----------
x_coordinates = [9, 26, 26, 22, 18, 14, 9, 6, 3, 0, 15, 12, 18, 21, 27, 24, 18, 12, 0, 24]
y_coordinates = [34, 44, 90, 92, 94, 95, 73, 79, 82, 84, 82, 84, 84, 83, 82, 83, 78, 79, 80, 80]
x_dimensions = [11, 4, 4, 4, 4, 4, 3, 3, 3, 3, 3, 3, 3, 3, 3, 3, 3, 3, 3, 3]
y_dimensions = [30, 9, 8, 6, 4, 3, 25, 19, 16, 14, 13, 11, 10, 9, 8, 7, 6, 5, 4, 3]
minimum_height = 98
----------
x_coordinates = [9, 26, 22, 18, 14, 10, 6, 3, 0, 9, 15, 12, 18, 21, 27, 24, 12, 24, 18, 0]
y_coordinates = [33, 88, 89, 91, 93, 94, 72, 78, 81, 80, 80, 82, 81, 80, 80, 81, 76, 76, 77, 78]
x_dimensions = [11, 4, 4, 4, 4, 4, 3, 3, 3, 3, 3, 3, 3, 3, 3, 3, 3, 3, 3, 3]
y_dimensions = [30, 9, 8, 6, 4, 3, 25, 19, 16, 14, 13, 11, 10, 9, 8, 7, 6, 5, 4, 3]
minimum_height = 97
----------
x_coordinates = [9, 26, 26, 22, 18, 14, 9, 6, 3, 0, 15, 12, 18, 21, 27, 24, 18, 12, 0, 24]
y_coordinates = [33, 43, 88, 90, 92, 93, 71, 77, 80, 82, 80, 82, 82, 81, 80, 81, 76, 77, 78, 78]
x_dimensions = [11, 4, 4, 4, 4, 4, 3, 3, 3, 3, 3, 3, 3, 3, 3, 3, 3, 3, 3, 3]
y_dimensions = [30, 9, 8, 6, 4, 3, 25, 19, 16, 14, 13, 11, 10, 9, 8, 7, 6, 5, 4, 3]
minimum_height = 96
----------
x_coordinates = [9, 26, 22, 18, 14, 10, 6, 3, 0, 9, 15, 12, 18, 21, 27, 24, 12, 24, 18, 0]
y_coordinates = [32, 86, 87, 89, 91, 92, 70, 76, 79, 78, 78, 80, 79, 78, 78, 79, 74, 74, 75, 76]
x_dimensions = [11, 4, 4, 4, 4, 4, 3, 3, 3, 3, 3, 3, 3, 3, 3, 3, 3, 3, 3, 3]
y_dimensions = [30, 9, 8, 6, 4, 3, 25, 19, 16, 14, 13, 11, 10, 9, 8, 7, 6, 5, 4, 3]
minimum_height = 95
----------
x_coordinates = [9, 26, 26, 22, 18, 14, 9, 6, 3, 0, 15, 12, 18, 21, 27, 24, 18, 12, 0, 24]
y_coordinates = [32, 42, 86, 88, 90, 91, 69, 75, 78, 80, 78, 80, 80, 79, 78, 79, 74, 75, 76, 76]
x_dimensions = [11, 4, 4, 4, 4, 4, 3, 3, 3, 3, 3, 3, 3, 3, 3, 3, 3, 3, 3, 3]
y_dimensions = [30, 9, 8, 6, 4, 3, 25, 19, 16, 14, 13, 11, 10, 9, 8, 7, 6, 5, 4, 3]
minimum_height = 94
----------
x_coordinates = [9, 26, 22, 18, 14, 10, 6, 3, 0, 9, 15, 12, 18, 21, 27, 24, 12, 24, 18, 0]
y_coordinates = [31, 84, 85, 87, 89, 90, 68, 74, 77, 76, 76, 78, 77, 76, 76, 77, 72, 72, 73, 74]
x_dimensions = [11, 4, 4, 4, 4, 4, 3, 3, 3, 3, 3, 3, 3, 3, 3, 3, 3, 3, 3, 3]
y_dimensions = [30, 9, 8, 6, 4, 3, 25, 19, 16, 14, 13, 11, 10, 9, 8, 7, 6, 5, 4, 3]
minimum_height = 93
----------
x_coordinates = [9, 26, 26, 22, 18, 14, 9, 6, 3, 0, 15, 12, 18, 21, 27, 24, 18, 12, 0, 24]
y_coordinates = [31, 41, 84, 86, 88, 89, 67, 73, 76, 78, 76, 78, 78, 77, 76, 77, 72, 73, 74, 74]
x_dimensions = [11, 4, 4, 4, 4, 4, 3, 3, 3, 3, 3, 3, 3, 3, 3, 3, 3, 3, 3, 3]
y_dimensions = [30, 9, 8, 6, 4, 3, 25, 19, 16, 14, 13, 11, 10, 9, 8, 7, 6, 5, 4, 3]
minimum_height = 92
----------
x_coordinates = [9, 26, 22, 18, 14, 10, 6, 3, 0, 9, 15, 12, 18, 21, 27, 24, 12, 24, 18, 0]
y_coordinates = [30, 82, 83, 85, 87, 88, 66, 72, 75, 74, 74, 76, 75, 74, 74, 75, 70, 70, 71, 72]
x_dimensions = [11, 4, 4, 4, 4, 4, 3, 3, 3, 3, 3, 3, 3, 3, 3, 3, 3, 3, 3, 3]
y_dimensions = [30, 9, 8, 6, 4, 3, 25, 19, 16, 14, 13, 11, 10, 9, 8, 7, 6, 5, 4, 3]
minimum_height = 91
----------
x_coordinates = [9, 26, 26, 22, 18, 14, 9, 6, 3, 0, 15, 12, 18, 21, 27, 24, 18, 12, 0, 24]
y_coordinates = [30, 40, 82, 84, 86, 87, 65, 71, 74, 76, 74, 76, 76, 75, 74, 75, 70, 71, 72, 72]
x_dimensions = [11, 4, 4, 4, 4, 4, 3, 3, 3, 3, 3, 3, 3, 3, 3, 3, 3, 3, 3, 3]
y_dimensions = [30, 9, 8, 6, 4, 3, 25, 19, 16, 14, 13, 11, 10, 9, 8, 7, 6, 5, 4, 3]
minimum_height = 90
----------
x_coordinates = [9, 26, 22, 18, 14, 10, 6, 3, 0, 9, 15, 12, 18, 21, 27, 24, 12, 24, 18, 0]
y_coordinates = [29, 80, 81, 83, 85, 86, 64, 70, 73, 72, 72, 74, 73, 72, 72, 73, 68, 68, 69, 70]
x_dimensions = [11, 4, 4, 4, 4, 4, 3, 3, 3, 3, 3, 3, 3, 3, 3, 3, 3, 3, 3, 3]
y_dimensions = [30, 9, 8, 6, 4, 3, 25, 19, 16, 14, 13, 11, 10, 9, 8, 7, 6, 5, 4, 3]
minimum_height = 89
----------
x_coordinates = [9, 26, 26, 22, 18, 14, 9, 6, 3, 0, 15, 12, 18, 21, 27, 24, 18, 12, 0, 24]
y_coordinates = [29, 39, 80, 82, 84, 85, 63, 69, 72, 74, 72, 74, 74, 73, 72, 73, 68, 69, 70, 70]
x_dimensions = [11, 4, 4, 4, 4, 4, 3, 3, 3, 3, 3, 3, 3, 3, 3, 3, 3, 3, 3, 3]
y_dimensions = [30, 9, 8, 6, 4, 3, 25, 19, 16, 14, 13, 11, 10, 9, 8, 7, 6, 5, 4, 3]
minimum_height = 88
----------
x_coordinates = [9, 26, 22, 18, 14, 10, 6, 3, 0, 9, 15, 12, 18, 21, 27, 24, 12, 24, 18, 0]
y_coordinates = [28, 78, 79, 81, 83, 84, 62, 68, 71, 70, 70, 72, 71, 70, 70, 71, 66, 66, 67, 68]
x_dimensions = [11, 4, 4, 4, 4, 4, 3, 3, 3, 3, 3, 3, 3, 3, 3, 3, 3, 3, 3, 3]
y_dimensions = [30, 9, 8, 6, 4, 3, 25, 19, 16, 14, 13, 11, 10, 9, 8, 7, 6, 5, 4, 3]
minimum_height = 87
----------
x_coordinates = [9, 26, 26, 22, 18, 14, 9, 6, 3, 0, 15, 12, 18, 21, 27, 24, 18, 12, 0, 24]
y_coordinates = [28, 38, 78, 80, 82, 83, 61, 67, 70, 72, 70, 72, 72, 71, 70, 71, 66, 67, 68, 68]
x_dimensions = [11, 4, 4, 4, 4, 4, 3, 3, 3, 3, 3, 3, 3, 3, 3, 3, 3, 3, 3, 3]
y_dimensions = [30, 9, 8, 6, 4, 3, 25, 19, 16, 14, 13, 11, 10, 9, 8, 7, 6, 5, 4, 3]
minimum_height = 86
----------
x_coordinates = [9, 26, 22, 18, 14, 10, 6, 3, 0, 9, 15, 12, 18, 21, 27, 24, 12, 24, 18, 0]
y_coordinates = [27, 76, 77, 79, 81, 82, 60, 66, 69, 68, 68, 70, 69, 68, 68, 69, 64, 64, 65, 66]
x_dimensions = [11, 4, 4, 4, 4, 4, 3, 3, 3, 3, 3, 3, 3, 3, 3, 3, 3, 3, 3, 3]
y_dimensions = [30, 9, 8, 6, 4, 3, 25, 19, 16, 14, 13, 11, 10, 9, 8, 7, 6, 5, 4, 3]
minimum_height = 85
----------
x_coordinates = [9, 26, 26, 22, 18, 14, 9, 6, 3, 0, 15, 12, 18, 21, 27, 24, 18, 12, 0, 24]
y_coordinates = [27, 37, 76, 78, 80, 81, 59, 65, 68, 70, 68, 70, 70, 69, 68, 69, 64, 65, 66, 66]
x_dimensions = [11, 4, 4, 4, 4, 4, 3, 3, 3, 3, 3, 3, 3, 3, 3, 3, 3, 3, 3, 3]
y_dimensions = [30, 9, 8, 6, 4, 3, 25, 19, 16, 14, 13, 11, 10, 9, 8, 7, 6, 5, 4, 3]
minimum_height = 84
----------
x_coordinates = [9, 26, 22, 18, 14, 10, 6, 3, 0, 9, 15, 12, 18, 21, 27, 24, 12, 24, 18, 0]
y_coordinates = [26, 74, 75, 77, 79, 80, 58, 64, 67, 66, 66, 68, 67, 66, 66, 67, 62, 62, 63, 64]
x_dimensions = [11, 4, 4, 4, 4, 4, 3, 3, 3, 3, 3, 3, 3, 3, 3, 3, 3, 3, 3, 3]
y_dimensions = [30, 9, 8, 6, 4, 3, 25, 19, 16, 14, 13, 11, 10, 9, 8, 7, 6, 5, 4, 3]
minimum_height = 83
----------
x_coordinates = [9, 26, 26, 22, 18, 14, 9, 6, 3, 0, 15, 12, 18, 21, 27, 24, 18, 12, 0, 24]
y_coordinates = [26, 36, 74, 76, 78, 79, 57, 63, 66, 68, 66, 68, 68, 67, 66, 67, 62, 63, 64, 64]
x_dimensions = [11, 4, 4, 4, 4, 4, 3, 3, 3, 3, 3, 3, 3, 3, 3, 3, 3, 3, 3, 3]
y_dimensions = [30, 9, 8, 6, 4, 3, 25, 19, 16, 14, 13, 11, 10, 9, 8, 7, 6, 5, 4, 3]
minimum_height = 82
----------
x_coordinates = [9, 26, 22, 18, 14, 10, 6, 3, 0, 9, 15, 12, 18, 21, 27, 24, 12, 24, 18, 0]
y_coordinates = [25, 72, 73, 75, 77, 78, 56, 62, 65, 64, 64, 66, 65, 64, 64, 65, 60, 60, 61, 62]
x_dimensions = [11, 4, 4, 4, 4, 4, 3, 3, 3, 3, 3, 3, 3, 3, 3, 3, 3, 3, 3, 3]
y_dimensions = [30, 9, 8, 6, 4, 3, 25, 19, 16, 14, 13, 11, 10, 9, 8, 7, 6, 5, 4, 3]
minimum_height = 81
----------
x_coordinates = [9, 26, 26, 22, 18, 14, 9, 6, 3, 0, 15, 12, 18, 21, 27, 24, 18, 12, 0, 24]
y_coordinates = [25, 35, 72, 74, 76, 77, 55, 61, 64, 66, 64, 66, 66, 65, 64, 65, 60, 61, 62, 62]
x_dimensions = [11, 4, 4, 4, 4, 4, 3, 3, 3, 3, 3, 3, 3, 3, 3, 3, 3, 3, 3, 3]
y_dimensions = [30, 9, 8, 6, 4, 3, 25, 19, 16, 14, 13, 11, 10, 9, 8, 7, 6, 5, 4, 3]
minimum_height = 80
----------
x_coordinates = [9, 26, 22, 18, 14, 10, 6, 3, 0, 9, 15, 12, 18, 21, 27, 24, 12, 24, 18, 0]
y_coordinates = [24, 70, 71, 73, 75, 76, 54, 60, 63, 62, 62, 64, 63, 62, 62, 63, 58, 58, 59, 60]
x_dimensions = [11, 4, 4, 4, 4, 4, 3, 3, 3, 3, 3, 3, 3, 3, 3, 3, 3, 3, 3, 3]
y_dimensions = [30, 9, 8, 6, 4, 3, 25, 19, 16, 14, 13, 11, 10, 9, 8, 7, 6, 5, 4, 3]
minimum_height = 79
----------
x_coordinates = [9, 26, 26, 22, 18, 14, 6, 9, 3, 0, 15, 12, 18, 21, 27, 24, 18, 12, 0, 24]
y_coordinates = [24, 34, 70, 72, 74, 75, 53, 59, 62, 64, 62, 64, 64, 63, 62, 63, 58, 59, 60, 60]
x_dimensions = [11, 4, 4, 4, 4, 4, 3, 3, 3, 3, 3, 3, 3, 3, 3, 3, 3, 3, 3, 3]
y_dimensions = [30, 9, 8, 6, 4, 3, 25, 19, 16, 14, 13, 11, 10, 9, 8, 7, 6, 5, 4, 3]
minimum_height = 78
----------
x_coordinates = [9, 26, 22, 18, 14, 10, 6, 3, 0, 9, 15, 12, 18, 21, 27, 24, 12, 24, 18, 0]
y_coordinates = [23, 68, 69, 71, 73, 74, 52, 58, 61, 60, 60, 62, 61, 60, 60, 61, 56, 56, 57, 58]
x_dimensions = [11, 4, 4, 4, 4, 4, 3, 3, 3, 3, 3, 3, 3, 3, 3, 3, 3, 3, 3, 3]
y_dimensions = [30, 9, 8, 6, 4, 3, 25, 19, 16, 14, 13, 11, 10, 9, 8, 7, 6, 5, 4, 3]
minimum_height = 77
----------
x_coordinates = [9, 26, 26, 22, 18, 14, 6, 9, 3, 0, 15, 12, 18, 21, 27, 24, 18, 12, 0, 24]
y_coordinates = [23, 33, 68, 70, 72, 73, 51, 57, 60, 62, 60, 62, 62, 61, 60, 61, 56, 57, 58, 58]
x_dimensions = [11, 4, 4, 4, 4, 4, 3, 3, 3, 3, 3, 3, 3, 3, 3, 3, 3, 3, 3, 3]
y_dimensions = [30, 9, 8, 6, 4, 3, 25, 19, 16, 14, 13, 11, 10, 9, 8, 7, 6, 5, 4, 3]
minimum_height = 76
----------
x_coordinates = [9, 26, 22, 18, 14, 10, 6, 3, 0, 9, 15, 12, 18, 21, 27, 24, 12, 24, 18, 0]
y_coordinates = [22, 66, 67, 69, 71, 72, 50, 56, 59, 58, 58, 60, 59, 58, 58, 59, 54, 54, 55, 56]
x_dimensions = [11, 4, 4, 4, 4, 4, 3, 3, 3, 3, 3, 3, 3, 3, 3, 3, 3, 3, 3, 3]
y_dimensions = [30, 9, 8, 6, 4, 3, 25, 19, 16, 14, 13, 11, 10, 9, 8, 7, 6, 5, 4, 3]
minimum_height = 75
----------
x_coordinates = [9, 26, 26, 22, 18, 14, 6, 9, 3, 0, 15, 12, 18, 21, 27, 24, 18, 12, 0, 24]
y_coordinates = [22, 32, 66, 68, 70, 71, 49, 55, 58, 60, 58, 60, 60, 59, 58, 59, 54, 55, 56, 56]
x_dimensions = [11, 4, 4, 4, 4, 4, 3, 3, 3, 3, 3, 3, 3, 3, 3, 3, 3, 3, 3, 3]
y_dimensions = [30, 9, 8, 6, 4, 3, 25, 19, 16, 14, 13, 11, 10, 9, 8, 7, 6, 5, 4, 3]
minimum_height = 74
----------
x_coordinates = [9, 26, 22, 18, 14, 10, 6, 3, 0, 9, 15, 12, 18, 21, 27, 24, 12, 24, 18, 0]
y_coordinates = [21, 64, 65, 67, 69, 70, 48, 54, 57, 56, 56, 58, 57, 56, 56, 57, 52, 52, 53, 54]
x_dimensions = [11, 4, 4, 4, 4, 4, 3, 3, 3, 3, 3, 3, 3, 3, 3, 3, 3, 3, 3, 3]
y_dimensions = [30, 9, 8, 6, 4, 3, 25, 19, 16, 14, 13, 11, 10, 9, 8, 7, 6, 5, 4, 3]
minimum_height = 73
----------
x_coordinates = [9, 26, 26, 22, 18, 14, 6, 9, 3, 0, 15, 12, 18, 21, 27, 24, 18, 12, 0, 24]
y_coordinates = [21, 31, 64, 66, 68, 69, 47, 53, 56, 58, 56, 58, 58, 57, 56, 57, 52, 53, 54, 54]
x_dimensions = [11, 4, 4, 4, 4, 4, 3, 3, 3, 3, 3, 3, 3, 3, 3, 3, 3, 3, 3, 3]
y_dimensions = [30, 9, 8, 6, 4, 3, 25, 19, 16, 14, 13, 11, 10, 9, 8, 7, 6, 5, 4, 3]
minimum_height = 72
----------
x_coordinates = [9, 26, 22, 18, 14, 10, 6, 3, 0, 9, 15, 12, 18, 21, 27, 24, 12, 24, 18, 0]
y_coordinates = [20, 62, 63, 65, 67, 68, 46, 52, 55, 54, 54, 56, 55, 54, 54, 55, 50, 50, 51, 52]
x_dimensions = [11, 4, 4, 4, 4, 4, 3, 3, 3, 3, 3, 3, 3, 3, 3, 3, 3, 3, 3, 3]
y_dimensions = [30, 9, 8, 6, 4, 3, 25, 19, 16, 14, 13, 11, 10, 9, 8, 7, 6, 5, 4, 3]
minimum_height = 71
----------
x_coordinates = [9, 26, 26, 22, 18, 14, 6, 9, 3, 0, 15, 12, 18, 21, 27, 24, 18, 12, 0, 24]
y_coordinates = [20, 30, 62, 64, 66, 67, 45, 51, 54, 56, 54, 56, 56, 55, 54, 55, 50, 51, 52, 52]
x_dimensions = [11, 4, 4, 4, 4, 4, 3, 3, 3, 3, 3, 3, 3, 3, 3, 3, 3, 3, 3, 3]
y_dimensions = [30, 9, 8, 6, 4, 3, 25, 19, 16, 14, 13, 11, 10, 9, 8, 7, 6, 5, 4, 3]
minimum_height = 70
----------
x_coordinates = [7, 23, 19, 18, 19, 18, 1, 4, 10, 13, 16, 26, 27, 26, 25, 20, 23, 22, 22, 22]
y_coordinates = [19, 51, 61, 40, 57, 37, 38, 43, 49, 49, 56, 39, 50, 60, 31, 49, 60, 44, 37, 41]
x_dimensions = [11, 4, 4, 4, 4, 4, 3, 3, 3, 3, 3, 3, 3, 3, 3, 3, 3, 3, 3, 3]
y_dimensions = [30, 9, 8, 6, 4, 3, 25, 19, 16, 14, 13, 11, 10, 9, 8, 7, 6, 5, 4, 3]
minimum_height = 69
----------
x_coordinates = [8, 26, 21, 16, 13, 26, 1, 10, 4, 19, 12, 25, 20, 17, 27, 7, 23, 23, 27, 14]
y_coordinates = [6, 55, 49, 44, 61, 33, 42, 49, 46, 20, 36, 44, 58, 54, 36, 58, 62, 57, 64, 56]
x_dimensions = [11, 4, 4, 4, 4, 4, 3, 3, 3, 3, 3, 3, 3, 3, 3, 3, 3, 3, 3, 3]
y_dimensions = [30, 9, 8, 6, 4, 3, 25, 19, 16, 14, 13, 11, 10, 9, 8, 7, 6, 5, 4, 3]
minimum_height = 68
----------
x_coordinates = [1, 26, 22, 9, 18, 26, 15, 16, 18, 21, 13, 27, 19, 13, 27, 12, 23, 24, 26, 10]
y_coordinates = [16, 58, 53, 50, 62, 51, 18, 43, 23, 36, 45, 40, 50, 58, 32, 38, 61, 44, 54, 60]
x_dimensions = [11, 4, 4, 4, 4, 4, 3, 3, 3, 3, 3, 3, 3, 3, 3, 3, 3, 3, 3, 3]
y_dimensions = [30, 9, 8, 6, 4, 3, 25, 19, 16, 14, 13, 11, 10, 9, 8, 7, 6, 5, 4, 3]
minimum_height = 67
----------
x_coordinates = [3, 26, 20, 19, 16, 9, 14, 17, 13, 24, 21, 24, 23, 20, 27, 15, 25, 26, 27, 25]
y_coordinates = [16, 52, 48, 20, 62, 60, 25, 43, 50, 38, 35, 27, 56, 56, 35, 18, 21, 61, 48, 18]
x_dimensions = [11, 4, 4, 4, 4, 4, 3, 3, 3, 3, 3, 3, 3, 3, 3, 3, 3, 3, 3, 3]
y_dimensions = [30, 9, 8, 6, 4, 3, 25, 19, 16, 14, 13, 11, 10, 9, 8, 7, 6, 5, 4, 3]
minimum_height = 66
----------
x_coordinates = [9, 23, 25, 18, 26, 26, 5, 25, 6, 27, 19, 22, 22, 22, 20, 8, 23, 27, 17, 3]
y_coordinates = [14, 56, 30, 44, 38, 42, 4, 11, 29, 51, 1, 20, 46, 31, 57, 7, 40, 45, 56, 37]
x_dimensions = [11, 4, 4, 4, 4, 4, 3, 3, 3, 3, 3, 3, 3, 3, 3, 3, 3, 3, 3, 3]
y_dimensions = [30, 9, 8, 6, 4, 3, 25, 19, 16, 14, 13, 11, 10, 9, 8, 7, 6, 5, 4, 3]
minimum_height = 65
----------
x_coordinates = [0, 7, 20, 3, 19, 26, 18, 11, 11, 27, 17, 23, 24, 22, 21, 14, 23, 27, 24, 14]
y_coordinates = [16, 55, 50, 55, 58, 56, 20, 44, 28, 42, 45, 21, 46, 32, 41, 39, 58, 59, 42, 57]
x_dimensions = [11, 4, 4, 4, 4, 4, 3, 3, 3, 3, 3, 3, 3, 3, 3, 3, 3, 3, 3, 3]
y_dimensions = [30, 9, 8, 6, 4, 3, 25, 19, 16, 14, 13, 11, 10, 9, 8, 7, 6, 5, 4, 3]
minimum_height = 64
----------
x_coordinates = [9, 19, 24, 7, 18, 22, 0, 4, 20, 21, 6, 5, 27, 22, 3, 18, 25, 27, 8, 19]
y_coordinates = [16, 7, 32, 51, 56, 4, 32, 44, 21, 38, 15, 33, 53, 52, 25, 46, 47, 42, 59, 60]
x_dimensions = [11, 4, 4, 4, 4, 4, 3, 3, 3, 3, 3, 3, 3, 3, 3, 3, 3, 3, 3, 3]
y_dimensions = [30, 9, 8, 6, 4, 3, 25, 19, 16, 14, 13, 11, 10, 9, 8, 7, 6, 5, 4, 3]
minimum_height = 63
----------
x_coordinates = [9, 19, 5, 26, 19, 23, 0, 26, 20, 27, 6, 10, 25, 23, 3, 19, 24, 16, 20, 13]
y_coordinates = [16, 7, 52, 56, 57, 40, 33, 8, 30, 42, 15, 51, 27, 53, 27, 46, 47, 55, 53, 55]
x_dimensions = [11, 4, 4, 4, 4, 4, 3, 3, 3, 3, 3, 3, 3, 3, 3, 3, 3, 3, 3, 3]
y_dimensions = [30, 9, 8, 6, 4, 3, 25, 19, 16, 14, 13, 11, 10, 9, 8, 7, 6, 5, 4, 3]
minimum_height = 62
----------
x_coordinates = [9, 26, 23, 21, 19, 26, 20, 23, 27, 26, 22, 20, 25, 25, 18, 23, 23, 12, 16, 18]
y_coordinates = [15, 22, 39, 14, 57, 19, 32, 20, 31, 47, 1, 21, 9, 0, 7, 48, 55, 56, 57, 4]
x_dimensions = [11, 4, 4, 4, 4, 4, 3, 3, 3, 3, 3, 3, 3, 3, 3, 3, 3, 3, 3, 3]
y_dimensions = [30, 9, 8, 6, 4, 3, 25, 19, 16, 14, 13, 11, 10, 9, 8, 7, 6, 5, 4, 3]
minimum_height = 61
----------
x_coordinates = [9, 20, 26, 23, 20, 25, 27, 20, 22, 24, 14, 23, 6, 23, 10, 19, 26, 17, 8, 22]
y_coordinates = [14, 47, 27, 40, 56, 9, 35, 28, 4, 46, 46, 20, 39, 31, 46, 3, 19, 45, 55, 1]
x_dimensions = [11, 4, 4, 4, 4, 4, 3, 3, 3, 3, 3, 3, 3, 3, 3, 3, 3, 3, 3, 3]
y_dimensions = [30, 9, 8, 6, 4, 3, 25, 19, 16, 14, 13, 11, 10, 9, 8, 7, 6, 5, 4, 3]
minimum_height = 60
----------
x_coordinates = [9, 26, 23, 24, 23, 26, 22, 6, 8, 26, 20, 17, 25, 20, 27, 19, 23, 27, 27, 21]
y_coordinates = [10, 39, 6, 53, 49, 0, 22, 22, 41, 15, 9, 47, 29, 47, 7, 40, 14, 48, 3, 56]
x_dimensions = [11, 4, 4, 4, 4, 4, 3, 3, 3, 3, 3, 3, 3, 3, 3, 3, 3, 3, 3, 3]
y_dimensions = [30, 9, 8, 6, 4, 3, 25, 19, 16, 14, 13, 11, 10, 9, 8, 7, 6, 5, 4, 3]
minimum_height = 59
----------
x_coordinates = [9, 23, 23, 26, 22, 25, 5, 17, 11, 27, 25, 8, 27, 20, 22, 19, 20, 24, 22, 14]
y_coordinates = [8, 38, 30, 49, 50, 55, 29, 38, 40, 25, 12, 46, 39, 41, 22, 1, 35, 7, 54, 49]
x_dimensions = [11, 4, 4, 4, 4, 4, 3, 3, 3, 3, 3, 3, 3, 3, 3, 3, 3, 3, 3, 3]
y_dimensions = [30, 9, 8, 6, 4, 3, 25, 19, 16, 14, 13, 11, 10, 9, 8, 7, 6, 5, 4, 3]
minimum_height = 58
----------
x_coordinates = [4, 26, 26, 19, 26, 15, 21, 18, 27, 15, 1, 24, 23, 22, 25, 19, 27, 24, 24, 24]
y_coordinates = [13, 44, 36, 51, 53, 52, 13, 21, 6, 27, 35, 13, 47, 38, 28, 42, 22, 8, 24, 4]
x_dimensions = [11, 4, 4, 4, 4, 4, 3, 3, 3, 3, 3, 3, 3, 3, 3, 3, 3, 3, 3, 3]
y_dimensions = [30, 9, 8, 6, 4, 3, 25, 19, 16, 14, 13, 11, 10, 9, 8, 7, 6, 5, 4, 3]
minimum_height = 57
----------
x_coordinates = [1, 26, 26, 18, 22, 14, 12, 18, 22, 15, 24, 18, 23, 25, 25, 22, 27, 21, 25, 15]
y_coordinates = [8, 47, 39, 50, 52, 53, 28, 31, 2, 30, 18, 19, 42, 9, 31, 35, 25, 29, 1, 17]
x_dimensions = [11, 4, 4, 4, 4, 4, 3, 3, 3, 3, 3, 3, 3, 3, 3, 3, 3, 3, 3, 3]
y_dimensions = [30, 9, 8, 6, 4, 3, 25, 19, 16, 14, 13, 11, 10, 9, 8, 7, 6, 5, 4, 3]
minimum_height = 56
----------
x_coordinates = [9, 26, 21, 19, 24, 26, 5, 2, 12, 9, 24, 15, 23, 18, 25, 24, 27, 25, 23, 19]
y_coordinates = [1, 46, 37, 49, 11, 16, 30, 31, 31, 31, 19, 31, 45, 39, 32, 0, 26, 40, 15, 31]
x_dimensions = [11, 4, 4, 4, 4, 4, 3, 3, 3, 3, 3, 3, 3, 3, 3, 3, 3, 3, 3, 3]
y_dimensions = [30, 9, 8, 6, 4, 3, 25, 19, 16, 14, 13, 11, 10, 9, 8, 7, 6, 5, 4, 3]
minimum_height = 55
----------
x_coordinates = [0, 26, 23, 16, 23, 13, 11, 19, 17, 14, 26, 20, 25, 23, 27, 27, 24, 27, 16, 16]
y_coordinates = [8, 45, 37, 44, 14, 13, 17, 5, 24, 26, 18, 30, 1, 45, 32, 11, 31, 40, 17, 40]
x_dimensions = [11, 4, 4, 4, 4, 4, 3, 3, 3, 3, 3, 3, 3, 3, 3, 3, 3, 3, 3, 3]
y_dimensions = [30, 9, 8, 6, 4, 3, 25, 19, 16, 14, 13, 11, 10, 9, 8, 7, 6, 5, 4, 3]
minimum_height = 54
----------
x_coordinates = [5, 26, 24, 10, 26, 19, 23, 20, 26, 17, 20, 23, 14, 2, 27, 27, 22, 20, 16, 19]
y_coordinates = [8, 28, 45, 44, 24, 22, 0, 3, 1, 36, 31, 34, 43, 36, 37, 17, 25, 44, 21, 27]
x_dimensions = [11, 4, 4, 4, 4, 4, 3, 3, 3, 3, 3, 3, 3, 3, 3, 3, 3, 3, 3, 3]
y_dimensions = [30, 9, 8, 6, 4, 3, 25, 19, 16, 14, 13, 11, 10, 9, 8, 7, 6, 5, 4, 3]
minimum_height = 53
----------
x_coordinates = [5, 26, 23, 19, 25, 16, 17, 21, 27, 2, 20, 27, 24, 22, 23, 25, 23, 27, 14, 2]
y_coordinates = [9, 27, 43, 46, 23, 16, 19, 1, 7, 35, 33, 41, 10, 20, 35, 0, 29, 36, 42, 23]
x_dimensions = [11, 4, 4, 4, 4, 4, 3, 3, 3, 3, 3, 3, 3, 3, 3, 3, 3, 3, 3, 3]
y_dimensions = [30, 9, 8, 6, 4, 3, 25, 19, 16, 14, 13, 11, 10, 9, 8, 7, 6, 5, 4, 3]
minimum_height = 52
----------
x_coordinates = [9, 20, 23, 1, 26, 26, 5, 20, 0, 6, 23, 24, 20, 27, 27, 8, 23, 24, 3, 8]
y_coordinates = [8, 29, 43, 42, 15, 19, 21, 5, 20, 7, 8, 32, 38, 22, 31, 38, 21, 27, 17, 45]
x_dimensions = [11, 4, 4, 4, 4, 4, 3, 3, 3, 3, 3, 3, 3, 3, 3, 3, 3, 3, 3, 3]
y_dimensions = [30, 9, 8, 6, 4, 3, 25, 19, 16, 14, 13, 11, 10, 9, 8, 7, 6, 5, 4, 3]
minimum_height = 51
----------
x_coordinates = [9, 20, 26, 16, 12, 23, 23, 27, 4, 24, 1, 27, 20, 19, 24, 26, 21, 27, 17, 20]
y_coordinates = [9, 31, 0, 40, 44, 47, 0, 15, 33, 25, 37, 34, 40, 0, 39, 8, 25, 45, 46, 14]
x_dimensions = [11, 4, 4, 4, 4, 4, 3, 3, 3, 3, 3, 3, 3, 3, 3, 3, 3, 3, 3, 3]
y_dimensions = [30, 9, 8, 6, 4, 3, 25, 19, 16, 14, 13, 11, 10, 9, 8, 7, 6, 5, 4, 3]
minimum_height = 50
----------
x_coordinates = [9, 23, 26, 0, 5, 26, 20, 4, 1, 21, 26, 27, 12, 15, 24, 18, 26, 27, 2, 19]
y_coordinates = [9, 40, 18, 42, 14, 15, 1, 24, 25, 26, 2, 38, 39, 39, 32, 39, 26, 33, 17, 46]
x_dimensions = [11, 4, 4, 4, 4, 4, 3, 3, 3, 3, 3, 3, 3, 3, 3, 3, 3, 3, 3, 3]
y_dimensions = [30, 9, 8, 6, 4, 3, 25, 19, 16, 14, 13, 11, 10, 9, 8, 7, 6, 5, 4, 3]
minimum_height = 49
----------
x_coordinates = [9, 23, 25, 4, 25, 22, 21, 26, 6, 19, 2, 27, 3, 10, 13, 16, 24, 27, 5, 18]
y_coordinates = [0, 35, 20, 42, 44, 6, 9, 1, 20, 34, 8, 33, 27, 36, 32, 33, 29, 28, 8, 30]
x_dimensions = [11, 4, 4, 4, 4, 4, 3, 3, 3, 3, 3, 3, 3, 3, 3, 3, 3, 3, 3, 3]
y_dimensions = [30, 9, 8, 6, 4, 3, 25, 19, 16, 14, 13, 11, 10, 9, 8, 7, 6, 5, 4, 3]
minimum_height = 48
----------
x_coordinates = [9, 21, 26, 7, 24, 1, 20, 27, 0, 18, 2, 25, 3, 6, 15, 12, 24, 23, 5, 14]
y_coordinates = [2, 35, 28, 41, 5, 27, 8, 9, 31, 33, 14, 36, 35, 31, 34, 32, 22, 30, 26, 44]
x_dimensions = [11, 4, 4, 4, 4, 4, 3, 3, 3, 3, 3, 3, 3, 3, 3, 3, 3, 3, 3, 3]
y_dimensions = [30, 9, 8, 6, 4, 3, 25, 19, 16, 14, 13, 11, 10, 9, 8, 7, 6, 5, 4, 3]
minimum_height = 47
----------
x_coordinates = [9, 21, 26, 8, 24, 26, 20, 27, 23, 18, 0, 25, 6, 12, 15, 8, 24, 24, 3, 6]
y_coordinates = [1, 34, 8, 40, 1, 5, 7, 16, 6, 32, 7, 35, 4, 37, 33, 31, 23, 29, 4, 15]
x_dimensions = [11, 4, 4, 4, 4, 4, 3, 3, 3, 3, 3, 3, 3, 3, 3, 3, 3, 3, 3, 3]
y_dimensions = [30, 9, 8, 6, 4, 3, 25, 19, 16, 14, 13, 11, 10, 9, 8, 7, 6, 5, 4, 3]
minimum_height = 46
----------
x_coordinates = [9, 26, 25, 1, 24, 21, 23, 0, 3, 21, 5, 27, 6, 5, 8, 19, 27, 20, 6, 20]
y_coordinates = [7, 36, 11, 37, 7, 17, 20, 18, 19, 3, 5, 25, 18, 35, 37, 38, 19, 33, 31, 24]
x_dimensions = [11, 4, 4, 4, 4, 4, 3, 3, 3, 3, 3, 3, 3, 3, 3, 3, 3, 3, 3, 3]
y_dimensions = [30, 9, 8, 6, 4, 3, 25, 19, 16, 14, 13, 11, 10, 9, 8, 7, 6, 5, 4, 3]
minimum_height = 45
----------
x_coordinates = [9, 23, 23, 26, 24, 26, 27, 0, 3, 6, 6, 20, 20, 21, 20, 8, 23, 22, 5, 25]
y_coordinates = [7, 17, 29, 10, 1, 41, 16, 24, 24, 25, 12, 15, 26, 1, 36, 0, 38, 10, 40, 5]
x_dimensions = [11, 4, 4, 4, 4, 4, 3, 3, 3, 3, 3, 3, 3, 3, 3, 3, 3, 3, 3, 3]
y_dimensions = [30, 9, 8, 6, 4, 3, 25, 19, 16, 14, 13, 11, 10, 9, 8, 7, 6, 5, 4, 3]
minimum_height = 44
----------
x_coordinates = [9, 26, 22, 18, 14, 10, 6, 3, 0, 23, 20, 27, 0, 3, 27, 20, 24, 6, 11, 15]
y_coordinates = [6, 34, 35, 37, 39, 40, 18, 24, 27, 21, 22, 23, 17, 15, 15, 15, 15, 13, 36, 36]
x_dimensions = [11, 4, 4, 4, 4, 4, 3, 3, 3, 3, 3, 3, 3, 3, 3, 3, 3, 3, 3, 3]
y_dimensions = [30, 9, 8, 6, 4, 3, 25, 19, 16, 14, 13, 11, 10, 9, 8, 7, 6, 5, 4, 3]
minimum_height = 43
----------
x_coordinates = [6, 21, 26, 26, 26, 22, 17, 0, 3, 25, 20, 23, 18, 3, 23, 15, 27, 24, 20, 15]
y_coordinates = [1, 27, 2, 22, 18, 0, 1, 19, 9, 28, 8, 16, 26, 27, 3, 34, 10, 11, 21, 31]
x_dimensions = [11, 4, 4, 4, 4, 4, 3, 3, 3, 3, 3, 3, 3, 3, 3, 3, 3, 3, 3, 3]
y_dimensions = [30, 9, 8, 6, 4, 3, 25, 19, 16, 14, 13, 11, 10, 9, 8, 7, 6, 5, 4, 3]
minimum_height = 42
----------
x_coordinates = [9, 23, 5, 8, 22, 26, 0, 20, 6, 26, 3, 27, 19, 22, 26, 16, 6, 27, 6, 15]
y_coordinates = [1, 15, 26, 35, 25, 24, 16, 6, 0, 27, 13, 8, 31, 30, 0, 31, 16, 19, 22, 38]
x_dimensions = [11, 4, 4, 4, 4, 4, 3, 3, 3, 3, 3, 3, 3, 3, 3, 3, 3, 3, 3, 3]
y_dimensions = [30, 9, 8, 6, 4, 3, 25, 19, 16, 14, 13, 11, 10, 9, 8, 7, 6, 5, 4, 3]
minimum_height = 41
----------
x_coordinates = [9, 25, 26, 15, 2, 26, 6, 3, 3, 27, 6, 24, 20, 23, 20, 24, 21, 27, 18, 19]
y_coordinates = [0, 4, 13, 34, 20, 1, 15, 1, 24, 26, 2, 22, 19, 13, 11, 33, 31, 21, 30, 37]
x_dimensions = [11, 4, 4, 4, 4, 4, 3, 3, 3, 3, 3, 3, 3, 3, 3, 3, 3, 3, 3, 3]
y_dimensions = [30, 9, 8, 6, 4, 3, 25, 19, 16, 14, 13, 11, 10, 9, 8, 7, 6, 5, 4, 3]
minimum_height = 40
----------
x_coordinates = [9, 26, 23, 5, 22, 1, 6, 20, 3, 27, 3, 27, 0, 24, 0, 20, 23, 26, 8, 0]
y_coordinates = [4, 0, 12, 33, 35, 33, 8, 0, 2, 25, 18, 9, 19, 25, 11, 19, 3, 20, 0, 30]
x_dimensions = [11, 4, 4, 4, 4, 4, 3, 3, 3, 3, 3, 3, 3, 3, 3, 3, 3, 3, 3, 3]
y_dimensions = [30, 9, 8, 6, 4, 3, 25, 19, 16, 14, 13, 11, 10, 9, 8, 7, 6, 5, 4, 3]
minimum_height = 39
----------
x_coordinates = [9, 26, 26, 22, 18, 14, 6, 3, 0, 23, 20, 0, 20, 3, 23, 27, 27, 6, 11, 0]
y_coordinates = [4, 14, 30, 32, 34, 35, 13, 19, 22, 18, 19, 11, 9, 10, 10, 23, 8, 8, 34, 8]
x_dimensions = [11, 4, 4, 4, 4, 4, 3, 3, 3, 3, 3, 3, 3, 3, 3, 3, 3, 3, 3, 3]
y_dimensions = [30, 9, 8, 6, 4, 3, 25, 19, 16, 14, 13, 11, 10, 9, 8, 7, 6, 5, 4, 3]
minimum_height = 38
----------
x_coordinates = [9, 26, 5, 1, 16, 12, 23, 20, 0, 6, 3, 27, 20, 27, 3, 6, 0, 24, 9, 0]
y_coordinates = [3, 28, 29, 31, 33, 34, 12, 18, 15, 15, 16, 17, 8, 8, 8, 8, 9, 7, 33, 6]
x_dimensions = [11, 4, 4, 4, 4, 4, 3, 3, 3, 3, 3, 3, 3, 3, 3, 3, 3, 3, 3, 3]
y_dimensions = [30, 9, 8, 6, 4, 3, 25, 19, 16, 14, 13, 11, 10, 9, 8, 7, 6, 5, 4, 3]
minimum_height = 37
----------
x_coordinates = [9, 26, 26, 5, 1, 16, 23, 20, 0, 6, 3, 20, 3, 6, 0, 27, 27, 24, 0, 13]
y_coordinates = [3, 13, 28, 30, 32, 33, 11, 17, 16, 16, 17, 6, 7, 7, 8, 6, 22, 6, 4, 33]
x_dimensions = [11, 4, 4, 4, 4, 4, 3, 3, 3, 3, 3, 3, 3, 3, 3, 3, 3, 3, 3, 3]
y_dimensions = [30, 9, 8, 6, 4, 3, 25, 19, 16, 14, 13, 11, 10, 9, 8, 7, 6, 5, 4, 3]
minimum_height = 36
----------
x_coordinates = [9, 26, 23, 26, 13, 26, 6, 0, 3, 3, 20, 27, 23, 21, 23, 0, 20, 24, 17, 26]
y_coordinates = [1, 13, 0, 26, 31, 32, 10, 16, 19, 5, 21, 2, 17, 8, 27, 7, 2, 8, 31, 23]
x_dimensions = [11, 4, 4, 4, 4, 4, 3, 3, 3, 3, 3, 3, 3, 3, 3, 3, 3, 3, 3, 3]
y_dimensions = [30, 9, 8, 6, 4, 3, 25, 19, 16, 14, 13, 11, 10, 9, 8, 7, 6, 5, 4, 3]
minimum_height = 35
----------
x_coordinates = [0, 19, 23, 25, 17, 17, 11, 14, 17, 20, 14, 27, 24, 21, 23, 11, 27, 27, 8, 27]
y_coordinates = [0, 16, 10, 28, 29, 26, 9, 0, 0, 2, 19, 1, 18, 25, 2, 2, 22, 12, 30, 17]
x_dimensions = [11, 4, 4, 4, 4, 4, 3, 3, 3, 3, 3, 3, 3, 3, 3, 3, 3, 3, 3, 3]
y_dimensions = [30, 9, 8, 6, 4, 3, 25, 19, 16, 14, 13, 11, 10, 9, 8, 7, 6, 5, 4, 3]
minimum_height = 34
----------
x_coordinates = [9, 5, 26, 20, 26, 26, 0, 20, 24, 23, 6, 3, 27, 3, 27, 21, 6, 2, 6, 23]
y_coordinates = [1, 24, 18, 8, 29, 26, 3, 14, 0, 19, 7, 2, 0, 13, 10, 1, 1, 28, 20, 16]
x_dimensions = [11, 4, 4, 4, 4, 4, 3, 3, 3, 3, 3, 3, 3, 3, 3, 3, 3, 3, 3, 3]
y_dimensions = [30, 9, 8, 6, 4, 3, 25, 19, 16, 14, 13, 11, 10, 9, 8, 7, 6, 5, 4, 3]
minimum_height = 33
----------
x_coordinates = [9, 26, 20, 5, 23, 1, 6, 24, 3, 20, 0, 0, 21, 23, 3, 27, 27, 27, 27, 2]
y_coordinates = [1, 4, 24, 1, 0, 3, 7, 13, 7, 0, 19, 8, 14, 4, 23, 13, 21, 27, 0, 0]
x_dimensions = [11, 4, 4, 4, 4, 4, 3, 3, 3, 3, 3, 3, 3, 3, 3, 3, 3, 3, 3, 3]
y_dimensions = [30, 9, 8, 6, 4, 3, 25, 19, 16, 14, 13, 11, 10, 9, 8, 7, 6, 5, 4, 3]
minimum_height = 32
----------
x_coordinates = [9, 26, 20, 20, 20, 23, 3, 24, 6, 6, 0, 20, 0, 27, 0, 27, 27, 23, 23, 3]
y_coordinates = [0, 0, 17, 25, 13, 9, 5, 12, 15, 1, 0, 2, 13, 9, 23, 18, 25, 4, 0, 2]
x_dimensions = [11, 4, 4, 4, 4, 4, 3, 3, 3, 3, 3, 3, 3, 3, 3, 3, 3, 3, 3, 3]
y_dimensions = [30, 9, 8, 6, 4, 3, 25, 19, 16, 14, 13, 11, 10, 9, 8, 7, 6, 5, 4, 3]
minimum_height = 31
----------
x_coordinates = [7, 3, 0, 0, 3, 3, 24, 18, 27, 4, 21, 18, 0, 21, 21, 27, 0, 24, 27, 27]
y_coordinates = [0, 7, 22, 16, 3, 0, 5, 0, 14, 16, 17, 19, 0, 0, 9, 7, 10, 0, 0, 4]
x_dimensions = [11, 4, 4, 4, 4, 4, 3, 3, 3, 3, 3, 3, 3, 3, 3, 3, 3, 3, 3, 3]
y_dimensions = [30, 9, 8, 6, 4, 3, 25, 19, 16, 14, 13, 11, 10, 9, 8, 7, 6, 5, 4, 3]
minimum_height = 30
----------
==========
%%%mzn-stat: nodes=13606
%%%mzn-stat: failures=4073
%%%mzn-stat: restarts=202
%%%mzn-stat: variables=6724
%%%mzn-stat: intVars=97
%%%mzn-stat: boolVariables=6625
%%%mzn-stat: propagators=1700
%%%mzn-stat: propagations=2297387
%%%mzn-stat: peakDepth=136
%%%mzn-stat: nogoods=4073
%%%mzn-stat: backjumps=1340
%%%mzn-stat: peakMem=0.00
%%%mzn-stat: time=0.780
%%%mzn-stat: initTime=0.021
%%%mzn-stat: solveTime=0.759
%%%mzn-stat: objective=30
%%%mzn-stat: optTime=0.759
%%%mzn-stat: baseMem=0.00
%%%mzn-stat: trailMem=0.02
%%%mzn-stat: randomSeed=1657196235
