x_coordinates = [13, 24, 27, 21, 6, 10, 0, 15, 9, 8, 0, 20, 8, 28, 12, 0, 14, 12, 27, 26, 8, 20, 4, 0, 17, 8, 8, 21]
y_coordinates = [68, 133, 135, 131, 136, 144, 140, 146, 142, 128, 127, 128, 147, 121, 114, 114, 109, 144, 115, 98, 142, 136, 106, 90, 92, 98, 90, 68]
x_dimensions = [3, 3, 3, 3, 2, 2, 6, 6, 12, 12, 8, 8, 2, 2, 14, 12, 12, 3, 3, 4, 1, 1, 4, 4, 9, 9, 9, 9]
y_dimensions = [12, 16, 14, 18, 13, 5, 9, 3, 2, 14, 9, 3, 2, 14, 14, 13, 5, 5, 6, 17, 5, 6, 8, 24, 17, 11, 8, 24]
minimum_height = 149
----------
x_coordinates = [13, 27, 24, 21, 19, 26, 20, 14, 2, 0, 12, 20, 0, 28, 12, 0, 14, 27, 27, 26, 26, 26, 4, 0, 8, 17, 21, 4]
y_coordinates = [68, 66, 67, 65, 67, 143, 139, 145, 146, 132, 136, 136, 146, 134, 122, 119, 117, 129, 123, 106, 131, 125, 111, 95, 100, 106, 98, 76]
x_dimensions = [3, 3, 3, 3, 2, 2, 6, 6, 12, 12, 8, 8, 2, 2, 14, 12, 12, 3, 3, 4, 1, 1, 4, 4, 9, 9, 9, 9]
y_dimensions = [12, 16, 14, 18, 13, 5, 9, 3, 2, 14, 9, 3, 2, 14, 14, 13, 5, 5, 6, 17, 5, 6, 8, 24, 17, 11, 8, 24]
minimum_height = 148
----------
x_coordinates = [13, 24, 27, 21, 6, 10, 0, 15, 9, 8, 0, 20, 8, 28, 12, 0, 14, 12, 27, 26, 8, 20, 4, 0, 17, 8, 8, 21]
y_coordinates = [67, 131, 133, 129, 134, 142, 138, 144, 140, 126, 125, 126, 145, 119, 112, 112, 107, 142, 113, 96, 140, 134, 104, 88, 90, 96, 88, 66]
x_dimensions = [3, 3, 3, 3, 2, 2, 6, 6, 12, 12, 8, 8, 2, 2, 14, 12, 12, 3, 3, 4, 1, 1, 4, 4, 9, 9, 9, 9]
y_dimensions = [12, 16, 14, 18, 13, 5, 9, 3, 2, 14, 9, 3, 2, 14, 14, 13, 5, 5, 6, 17, 5, 6, 8, 24, 17, 11, 8, 24]
minimum_height = 147
----------
x_coordinates = [13, 27, 24, 21, 19, 26, 20, 14, 2, 0, 12, 20, 0, 28, 12, 0, 14, 27, 27, 26, 26, 26, 4, 0, 8, 17, 21, 4]
y_coordinates = [67, 65, 66, 64, 66, 141, 137, 143, 144, 130, 134, 134, 144, 132, 120, 117, 115, 127, 121, 104, 129, 123, 109, 93, 98, 104, 96, 74]
x_dimensions = [3, 3, 3, 3, 2, 2, 6, 6, 12, 12, 8, 8, 2, 2, 14, 12, 12, 3, 3, 4, 1, 1, 4, 4, 9, 9, 9, 9]
y_dimensions = [12, 16, 14, 18, 13, 5, 9, 3, 2, 14, 9, 3, 2, 14, 14, 13, 5, 5, 6, 17, 5, 6, 8, 24, 17, 11, 8, 24]
minimum_height = 146
----------
x_coordinates = [13, 24, 27, 21, 6, 10, 0, 15, 9, 8, 0, 20, 8, 28, 12, 0, 14, 12, 27, 26, 8, 20, 4, 0, 17, 8, 8, 21]
y_coordinates = [66, 129, 131, 127, 132, 140, 136, 142, 138, 124, 123, 124, 143, 117, 110, 110, 105, 140, 111, 94, 138, 132, 102, 86, 88, 94, 86, 64]
x_dimensions = [3, 3, 3, 3, 2, 2, 6, 6, 12, 12, 8, 8, 2, 2, 14, 12, 12, 3, 3, 4, 1, 1, 4, 4, 9, 9, 9, 9]
y_dimensions = [12, 16, 14, 18, 13, 5, 9, 3, 2, 14, 9, 3, 2, 14, 14, 13, 5, 5, 6, 17, 5, 6, 8, 24, 17, 11, 8, 24]
minimum_height = 145
----------
x_coordinates = [13, 27, 24, 21, 19, 26, 20, 14, 2, 0, 12, 20, 0, 28, 12, 0, 14, 27, 27, 26, 26, 26, 4, 0, 8, 17, 21, 4]
y_coordinates = [66, 64, 65, 63, 65, 139, 135, 141, 142, 128, 132, 132, 142, 130, 118, 115, 113, 125, 119, 102, 127, 121, 107, 91, 96, 102, 94, 72]
x_dimensions = [3, 3, 3, 3, 2, 2, 6, 6, 12, 12, 8, 8, 2, 2, 14, 12, 12, 3, 3, 4, 1, 1, 4, 4, 9, 9, 9, 9]
y_dimensions = [12, 16, 14, 18, 13, 5, 9, 3, 2, 14, 9, 3, 2, 14, 14, 13, 5, 5, 6, 17, 5, 6, 8, 24, 17, 11, 8, 24]
minimum_height = 144
----------
x_coordinates = [13, 24, 27, 21, 6, 10, 0, 15, 9, 8, 0, 20, 8, 28, 12, 0, 14, 12, 27, 26, 8, 20, 4, 0, 17, 8, 8, 21]
y_coordinates = [65, 127, 129, 125, 130, 138, 134, 140, 136, 122, 121, 122, 141, 115, 108, 108, 103, 138, 109, 92, 136, 130, 100, 84, 86, 92, 84, 62]
x_dimensions = [3, 3, 3, 3, 2, 2, 6, 6, 12, 12, 8, 8, 2, 2, 14, 12, 12, 3, 3, 4, 1, 1, 4, 4, 9, 9, 9, 9]
y_dimensions = [12, 16, 14, 18, 13, 5, 9, 3, 2, 14, 9, 3, 2, 14, 14, 13, 5, 5, 6, 17, 5, 6, 8, 24, 17, 11, 8, 24]
minimum_height = 143
----------
x_coordinates = [13, 27, 24, 21, 19, 26, 20, 14, 2, 0, 12, 20, 0, 28, 12, 0, 14, 27, 27, 26, 26, 26, 4, 0, 8, 17, 21, 4]
y_coordinates = [65, 63, 64, 62, 64, 137, 133, 139, 140, 126, 130, 130, 140, 128, 116, 113, 111, 123, 117, 100, 125, 119, 105, 89, 94, 100, 92, 70]
x_dimensions = [3, 3, 3, 3, 2, 2, 6, 6, 12, 12, 8, 8, 2, 2, 14, 12, 12, 3, 3, 4, 1, 1, 4, 4, 9, 9, 9, 9]
y_dimensions = [12, 16, 14, 18, 13, 5, 9, 3, 2, 14, 9, 3, 2, 14, 14, 13, 5, 5, 6, 17, 5, 6, 8, 24, 17, 11, 8, 24]
minimum_height = 142
----------
x_coordinates = [13, 24, 27, 21, 6, 10, 0, 15, 9, 8, 0, 20, 8, 28, 12, 0, 14, 12, 27, 26, 8, 20, 4, 0, 17, 8, 8, 21]
y_coordinates = [64, 125, 127, 123, 128, 136, 132, 138, 134, 120, 119, 120, 139, 113, 106, 106, 101, 136, 107, 90, 134, 128, 98, 82, 84, 90, 82, 60]
x_dimensions = [3, 3, 3, 3, 2, 2, 6, 6, 12, 12, 8, 8, 2, 2, 14, 12, 12, 3, 3, 4, 1, 1, 4, 4, 9, 9, 9, 9]
y_dimensions = [12, 16, 14, 18, 13, 5, 9, 3, 2, 14, 9, 3, 2, 14, 14, 13, 5, 5, 6, 17, 5, 6, 8, 24, 17, 11, 8, 24]
minimum_height = 141
----------
x_coordinates = [13, 27, 24, 21, 19, 26, 20, 14, 2, 0, 12, 20, 0, 28, 12, 0, 14, 27, 27, 26, 26, 26, 4, 0, 8, 17, 21, 4]
y_coordinates = [64, 62, 63, 61, 63, 135, 131, 137, 138, 124, 128, 128, 138, 126, 114, 111, 109, 121, 115, 98, 123, 117, 103, 87, 92, 98, 90, 68]
x_dimensions = [3, 3, 3, 3, 2, 2, 6, 6, 12, 12, 8, 8, 2, 2, 14, 12, 12, 3, 3, 4, 1, 1, 4, 4, 9, 9, 9, 9]
y_dimensions = [12, 16, 14, 18, 13, 5, 9, 3, 2, 14, 9, 3, 2, 14, 14, 13, 5, 5, 6, 17, 5, 6, 8, 24, 17, 11, 8, 24]
minimum_height = 140
----------
x_coordinates = [13, 24, 27, 21, 6, 10, 0, 15, 9, 8, 0, 20, 8, 28, 12, 0, 14, 12, 27, 26, 8, 20, 4, 0, 17, 8, 8, 21]
y_coordinates = [63, 123, 125, 121, 126, 134, 130, 136, 132, 118, 117, 118, 137, 111, 104, 104, 99, 134, 105, 88, 132, 126, 96, 80, 82, 88, 80, 58]
x_dimensions = [3, 3, 3, 3, 2, 2, 6, 6, 12, 12, 8, 8, 2, 2, 14, 12, 12, 3, 3, 4, 1, 1, 4, 4, 9, 9, 9, 9]
y_dimensions = [12, 16, 14, 18, 13, 5, 9, 3, 2, 14, 9, 3, 2, 14, 14, 13, 5, 5, 6, 17, 5, 6, 8, 24, 17, 11, 8, 24]
minimum_height = 139
----------
x_coordinates = [13, 27, 24, 21, 19, 26, 20, 14, 2, 0, 12, 20, 0, 28, 12, 0, 14, 27, 27, 26, 26, 26, 4, 0, 8, 17, 21, 4]
y_coordinates = [63, 61, 62, 60, 62, 133, 129, 135, 136, 122, 126, 126, 136, 124, 112, 109, 107, 119, 113, 96, 121, 115, 101, 85, 90, 96, 88, 66]
x_dimensions = [3, 3, 3, 3, 2, 2, 6, 6, 12, 12, 8, 8, 2, 2, 14, 12, 12, 3, 3, 4, 1, 1, 4, 4, 9, 9, 9, 9]
y_dimensions = [12, 16, 14, 18, 13, 5, 9, 3, 2, 14, 9, 3, 2, 14, 14, 13, 5, 5, 6, 17, 5, 6, 8, 24, 17, 11, 8, 24]
minimum_height = 138
----------
x_coordinates = [13, 24, 27, 21, 6, 10, 0, 15, 9, 8, 0, 20, 8, 28, 12, 0, 14, 12, 27, 26, 8, 20, 4, 0, 17, 8, 8, 21]
y_coordinates = [62, 121, 123, 119, 124, 132, 128, 134, 130, 116, 115, 116, 135, 109, 102, 102, 97, 132, 103, 86, 130, 124, 94, 78, 80, 86, 78, 56]
x_dimensions = [3, 3, 3, 3, 2, 2, 6, 6, 12, 12, 8, 8, 2, 2, 14, 12, 12, 3, 3, 4, 1, 1, 4, 4, 9, 9, 9, 9]
y_dimensions = [12, 16, 14, 18, 13, 5, 9, 3, 2, 14, 9, 3, 2, 14, 14, 13, 5, 5, 6, 17, 5, 6, 8, 24, 17, 11, 8, 24]
minimum_height = 137
----------
x_coordinates = [13, 27, 24, 21, 19, 26, 20, 14, 2, 0, 12, 20, 0, 28, 12, 0, 14, 27, 27, 26, 26, 26, 4, 0, 8, 17, 21, 4]
y_coordinates = [62, 60, 61, 59, 61, 131, 127, 133, 134, 120, 124, 124, 134, 122, 110, 107, 105, 117, 111, 94, 119, 113, 99, 83, 88, 94, 86, 64]
x_dimensions = [3, 3, 3, 3, 2, 2, 6, 6, 12, 12, 8, 8, 2, 2, 14, 12, 12, 3, 3, 4, 1, 1, 4, 4, 9, 9, 9, 9]
y_dimensions = [12, 16, 14, 18, 13, 5, 9, 3, 2, 14, 9, 3, 2, 14, 14, 13, 5, 5, 6, 17, 5, 6, 8, 24, 17, 11, 8, 24]
minimum_height = 136
----------
x_coordinates = [13, 24, 27, 21, 6, 10, 0, 15, 9, 8, 0, 20, 8, 28, 12, 0, 14, 12, 27, 26, 8, 20, 4, 0, 17, 8, 8, 21]
y_coordinates = [61, 119, 121, 117, 122, 130, 126, 132, 128, 114, 113, 114, 133, 107, 100, 100, 95, 130, 101, 84, 128, 122, 92, 76, 78, 84, 76, 54]
x_dimensions = [3, 3, 3, 3, 2, 2, 6, 6, 12, 12, 8, 8, 2, 2, 14, 12, 12, 3, 3, 4, 1, 1, 4, 4, 9, 9, 9, 9]
y_dimensions = [12, 16, 14, 18, 13, 5, 9, 3, 2, 14, 9, 3, 2, 14, 14, 13, 5, 5, 6, 17, 5, 6, 8, 24, 17, 11, 8, 24]
minimum_height = 135
----------
x_coordinates = [13, 27, 24, 21, 19, 26, 20, 14, 2, 0, 12, 20, 0, 28, 12, 0, 14, 27, 27, 26, 26, 26, 4, 0, 8, 17, 21, 4]
y_coordinates = [61, 59, 60, 58, 60, 129, 125, 131, 132, 118, 122, 122, 132, 120, 108, 105, 103, 115, 109, 92, 117, 111, 97, 81, 86, 92, 84, 62]
x_dimensions = [3, 3, 3, 3, 2, 2, 6, 6, 12, 12, 8, 8, 2, 2, 14, 12, 12, 3, 3, 4, 1, 1, 4, 4, 9, 9, 9, 9]
y_dimensions = [12, 16, 14, 18, 13, 5, 9, 3, 2, 14, 9, 3, 2, 14, 14, 13, 5, 5, 6, 17, 5, 6, 8, 24, 17, 11, 8, 24]
minimum_height = 134
----------
x_coordinates = [13, 24, 27, 21, 6, 10, 0, 15, 9, 8, 0, 20, 8, 28, 12, 0, 14, 12, 27, 26, 8, 20, 4, 0, 17, 8, 8, 21]
y_coordinates = [60, 117, 119, 115, 120, 128, 124, 130, 126, 112, 111, 112, 131, 105, 98, 98, 93, 128, 99, 82, 126, 120, 90, 74, 76, 82, 74, 52]
x_dimensions = [3, 3, 3, 3, 2, 2, 6, 6, 12, 12, 8, 8, 2, 2, 14, 12, 12, 3, 3, 4, 1, 1, 4, 4, 9, 9, 9, 9]
y_dimensions = [12, 16, 14, 18, 13, 5, 9, 3, 2, 14, 9, 3, 2, 14, 14, 13, 5, 5, 6, 17, 5, 6, 8, 24, 17, 11, 8, 24]
minimum_height = 133
----------
x_coordinates = [13, 27, 24, 21, 19, 26, 20, 14, 2, 0, 12, 20, 0, 28, 12, 0, 14, 27, 27, 26, 26, 26, 4, 0, 8, 17, 21, 4]
y_coordinates = [60, 58, 59, 57, 59, 127, 123, 129, 130, 116, 120, 120, 130, 118, 106, 103, 101, 113, 107, 90, 115, 109, 95, 79, 84, 90, 82, 60]
x_dimensions = [3, 3, 3, 3, 2, 2, 6, 6, 12, 12, 8, 8, 2, 2, 14, 12, 12, 3, 3, 4, 1, 1, 4, 4, 9, 9, 9, 9]
y_dimensions = [12, 16, 14, 18, 13, 5, 9, 3, 2, 14, 9, 3, 2, 14, 14, 13, 5, 5, 6, 17, 5, 6, 8, 24, 17, 11, 8, 24]
minimum_height = 132
----------
x_coordinates = [13, 24, 27, 21, 6, 10, 0, 15, 9, 8, 0, 20, 8, 28, 12, 0, 14, 12, 27, 26, 8, 20, 4, 0, 17, 8, 8, 21]
y_coordinates = [59, 115, 117, 113, 118, 126, 122, 128, 124, 110, 109, 110, 129, 103, 96, 96, 91, 126, 97, 80, 124, 118, 88, 72, 74, 80, 72, 50]
x_dimensions = [3, 3, 3, 3, 2, 2, 6, 6, 12, 12, 8, 8, 2, 2, 14, 12, 12, 3, 3, 4, 1, 1, 4, 4, 9, 9, 9, 9]
y_dimensions = [12, 16, 14, 18, 13, 5, 9, 3, 2, 14, 9, 3, 2, 14, 14, 13, 5, 5, 6, 17, 5, 6, 8, 24, 17, 11, 8, 24]
minimum_height = 131
----------
x_coordinates = [13, 27, 24, 21, 19, 26, 20, 14, 2, 0, 12, 20, 0, 28, 12, 0, 14, 27, 27, 26, 26, 26, 4, 0, 8, 17, 21, 4]
y_coordinates = [59, 57, 58, 56, 58, 125, 121, 127, 128, 114, 118, 118, 128, 116, 104, 101, 99, 111, 105, 88, 113, 107, 93, 77, 82, 88, 80, 58]
x_dimensions = [3, 3, 3, 3, 2, 2, 6, 6, 12, 12, 8, 8, 2, 2, 14, 12, 12, 3, 3, 4, 1, 1, 4, 4, 9, 9, 9, 9]
y_dimensions = [12, 16, 14, 18, 13, 5, 9, 3, 2, 14, 9, 3, 2, 14, 14, 13, 5, 5, 6, 17, 5, 6, 8, 24, 17, 11, 8, 24]
minimum_height = 130
----------
x_coordinates = [13, 24, 27, 21, 6, 10, 0, 15, 9, 8, 0, 20, 8, 28, 12, 0, 14, 12, 27, 26, 8, 20, 4, 0, 17, 8, 8, 21]
y_coordinates = [58, 113, 115, 111, 116, 124, 120, 126, 122, 108, 107, 108, 127, 101, 94, 94, 89, 124, 95, 78, 122, 116, 86, 70, 72, 78, 70, 48]
x_dimensions = [3, 3, 3, 3, 2, 2, 6, 6, 12, 12, 8, 8, 2, 2, 14, 12, 12, 3, 3, 4, 1, 1, 4, 4, 9, 9, 9, 9]
y_dimensions = [12, 16, 14, 18, 13, 5, 9, 3, 2, 14, 9, 3, 2, 14, 14, 13, 5, 5, 6, 17, 5, 6, 8, 24, 17, 11, 8, 24]
minimum_height = 129
----------
x_coordinates = [13, 27, 24, 21, 19, 26, 20, 14, 2, 0, 12, 20, 0, 28, 12, 0, 14, 27, 27, 26, 26, 26, 4, 0, 8, 17, 21, 4]
y_coordinates = [58, 56, 57, 55, 57, 123, 119, 125, 126, 112, 116, 116, 126, 114, 102, 99, 97, 109, 103, 86, 111, 105, 91, 75, 80, 86, 78, 56]
x_dimensions = [3, 3, 3, 3, 2, 2, 6, 6, 12, 12, 8, 8, 2, 2, 14, 12, 12, 3, 3, 4, 1, 1, 4, 4, 9, 9, 9, 9]
y_dimensions = [12, 16, 14, 18, 13, 5, 9, 3, 2, 14, 9, 3, 2, 14, 14, 13, 5, 5, 6, 17, 5, 6, 8, 24, 17, 11, 8, 24]
minimum_height = 128
----------
x_coordinates = [13, 24, 27, 21, 6, 10, 0, 15, 9, 8, 0, 20, 8, 28, 12, 0, 14, 12, 27, 26, 8, 20, 4, 0, 17, 8, 4, 21]
y_coordinates = [57, 111, 113, 109, 114, 122, 118, 124, 120, 106, 105, 106, 125, 99, 92, 92, 87, 122, 93, 76, 120, 114, 84, 68, 70, 76, 68, 46]
x_dimensions = [3, 3, 3, 3, 2, 2, 6, 6, 12, 12, 8, 8, 2, 2, 14, 12, 12, 3, 3, 4, 1, 1, 4, 4, 9, 9, 9, 9]
y_dimensions = [12, 16, 14, 18, 13, 5, 9, 3, 2, 14, 9, 3, 2, 14, 14, 13, 5, 5, 6, 17, 5, 6, 8, 24, 17, 11, 8, 24]
minimum_height = 127
----------
x_coordinates = [13, 27, 24, 21, 19, 26, 20, 14, 2, 0, 12, 20, 0, 28, 12, 0, 14, 27, 27, 26, 26, 26, 4, 0, 8, 17, 21, 4]
y_coordinates = [57, 55, 56, 54, 56, 121, 117, 123, 124, 110, 114, 114, 124, 112, 100, 97, 95, 107, 101, 84, 109, 103, 89, 73, 78, 84, 76, 54]
x_dimensions = [3, 3, 3, 3, 2, 2, 6, 6, 12, 12, 8, 8, 2, 2, 14, 12, 12, 3, 3, 4, 1, 1, 4, 4, 9, 9, 9, 9]
y_dimensions = [12, 16, 14, 18, 13, 5, 9, 3, 2, 14, 9, 3, 2, 14, 14, 13, 5, 5, 6, 17, 5, 6, 8, 24, 17, 11, 8, 24]
minimum_height = 126
----------
x_coordinates = [13, 24, 27, 21, 6, 10, 0, 15, 9, 8, 0, 20, 8, 28, 12, 0, 14, 12, 27, 26, 8, 20, 4, 0, 17, 8, 4, 21]
y_coordinates = [56, 109, 111, 107, 112, 120, 116, 122, 118, 104, 103, 104, 123, 97, 90, 90, 85, 120, 91, 74, 118, 112, 82, 66, 68, 74, 66, 44]
x_dimensions = [3, 3, 3, 3, 2, 2, 6, 6, 12, 12, 8, 8, 2, 2, 14, 12, 12, 3, 3, 4, 1, 1, 4, 4, 9, 9, 9, 9]
y_dimensions = [12, 16, 14, 18, 13, 5, 9, 3, 2, 14, 9, 3, 2, 14, 14, 13, 5, 5, 6, 17, 5, 6, 8, 24, 17, 11, 8, 24]
minimum_height = 125
----------
x_coordinates = [13, 27, 24, 21, 19, 26, 20, 14, 2, 0, 12, 20, 0, 28, 12, 0, 14, 27, 27, 26, 26, 26, 4, 0, 8, 17, 21, 4]
y_coordinates = [56, 54, 55, 53, 55, 119, 115, 121, 122, 108, 112, 112, 122, 110, 98, 95, 93, 105, 99, 82, 107, 101, 87, 71, 76, 82, 74, 52]
x_dimensions = [3, 3, 3, 3, 2, 2, 6, 6, 12, 12, 8, 8, 2, 2, 14, 12, 12, 3, 3, 4, 1, 1, 4, 4, 9, 9, 9, 9]
y_dimensions = [12, 16, 14, 18, 13, 5, 9, 3, 2, 14, 9, 3, 2, 14, 14, 13, 5, 5, 6, 17, 5, 6, 8, 24, 17, 11, 8, 24]
minimum_height = 124
----------
x_coordinates = [13, 24, 27, 21, 6, 10, 0, 15, 9, 8, 0, 20, 8, 28, 12, 0, 14, 12, 27, 26, 8, 20, 4, 0, 17, 8, 4, 21]
y_coordinates = [55, 107, 109, 105, 110, 118, 114, 120, 116, 102, 101, 102, 121, 95, 88, 88, 83, 118, 89, 72, 116, 110, 80, 64, 66, 72, 64, 42]
x_dimensions = [3, 3, 3, 3, 2, 2, 6, 6, 12, 12, 8, 8, 2, 2, 14, 12, 12, 3, 3, 4, 1, 1, 4, 4, 9, 9, 9, 9]
y_dimensions = [12, 16, 14, 18, 13, 5, 9, 3, 2, 14, 9, 3, 2, 14, 14, 13, 5, 5, 6, 17, 5, 6, 8, 24, 17, 11, 8, 24]
minimum_height = 123
----------
x_coordinates = [13, 27, 24, 21, 19, 26, 20, 14, 2, 0, 12, 20, 0, 28, 12, 0, 14, 27, 27, 26, 26, 26, 4, 0, 8, 17, 21, 4]
y_coordinates = [55, 53, 54, 52, 54, 117, 113, 119, 120, 106, 110, 110, 120, 108, 96, 93, 91, 103, 97, 80, 105, 99, 85, 69, 74, 80, 72, 50]
x_dimensions = [3, 3, 3, 3, 2, 2, 6, 6, 12, 12, 8, 8, 2, 2, 14, 12, 12, 3, 3, 4, 1, 1, 4, 4, 9, 9, 9, 9]
y_dimensions = [12, 16, 14, 18, 13, 5, 9, 3, 2, 14, 9, 3, 2, 14, 14, 13, 5, 5, 6, 17, 5, 6, 8, 24, 17, 11, 8, 24]
minimum_height = 122
----------
x_coordinates = [13, 24, 27, 21, 6, 10, 0, 15, 9, 8, 0, 20, 8, 28, 12, 0, 14, 12, 27, 26, 8, 20, 4, 0, 17, 8, 4, 21]
y_coordinates = [54, 105, 107, 103, 108, 116, 112, 118, 114, 100, 99, 100, 119, 93, 86, 86, 81, 116, 87, 70, 114, 108, 78, 62, 64, 70, 62, 40]
x_dimensions = [3, 3, 3, 3, 2, 2, 6, 6, 12, 12, 8, 8, 2, 2, 14, 12, 12, 3, 3, 4, 1, 1, 4, 4, 9, 9, 9, 9]
y_dimensions = [12, 16, 14, 18, 13, 5, 9, 3, 2, 14, 9, 3, 2, 14, 14, 13, 5, 5, 6, 17, 5, 6, 8, 24, 17, 11, 8, 24]
minimum_height = 121
----------
x_coordinates = [13, 27, 24, 21, 19, 26, 20, 14, 2, 0, 12, 20, 0, 28, 12, 0, 14, 27, 27, 26, 26, 26, 4, 0, 8, 17, 21, 4]
y_coordinates = [54, 52, 53, 51, 53, 115, 111, 117, 118, 104, 108, 108, 118, 106, 94, 91, 89, 101, 95, 78, 103, 97, 83, 67, 72, 78, 70, 48]
x_dimensions = [3, 3, 3, 3, 2, 2, 6, 6, 12, 12, 8, 8, 2, 2, 14, 12, 12, 3, 3, 4, 1, 1, 4, 4, 9, 9, 9, 9]
y_dimensions = [12, 16, 14, 18, 13, 5, 9, 3, 2, 14, 9, 3, 2, 14, 14, 13, 5, 5, 6, 17, 5, 6, 8, 24, 17, 11, 8, 24]
minimum_height = 120
----------
x_coordinates = [13, 24, 27, 21, 6, 10, 0, 15, 9, 8, 0, 20, 8, 28, 12, 0, 14, 12, 27, 26, 8, 20, 4, 0, 17, 8, 4, 21]
y_coordinates = [53, 103, 105, 101, 106, 114, 110, 116, 112, 98, 97, 98, 117, 91, 84, 84, 79, 114, 85, 68, 112, 106, 76, 60, 62, 68, 60, 38]
x_dimensions = [3, 3, 3, 3, 2, 2, 6, 6, 12, 12, 8, 8, 2, 2, 14, 12, 12, 3, 3, 4, 1, 1, 4, 4, 9, 9, 9, 9]
y_dimensions = [12, 16, 14, 18, 13, 5, 9, 3, 2, 14, 9, 3, 2, 14, 14, 13, 5, 5, 6, 17, 5, 6, 8, 24, 17, 11, 8, 24]
minimum_height = 119
----------
x_coordinates = [13, 27, 24, 21, 19, 26, 20, 14, 2, 0, 12, 20, 0, 28, 12, 0, 14, 27, 27, 26, 26, 26, 4, 0, 8, 17, 21, 4]
y_coordinates = [53, 51, 52, 50, 52, 113, 109, 115, 116, 102, 106, 106, 116, 104, 92, 89, 87, 99, 93, 76, 101, 95, 81, 65, 70, 76, 68, 46]
x_dimensions = [3, 3, 3, 3, 2, 2, 6, 6, 12, 12, 8, 8, 2, 2, 14, 12, 12, 3, 3, 4, 1, 1, 4, 4, 9, 9, 9, 9]
y_dimensions = [12, 16, 14, 18, 13, 5, 9, 3, 2, 14, 9, 3, 2, 14, 14, 13, 5, 5, 6, 17, 5, 6, 8, 24, 17, 11, 8, 24]
minimum_height = 118
----------
x_coordinates = [13, 24, 27, 21, 6, 10, 0, 15, 9, 8, 0, 20, 8, 28, 12, 0, 14, 12, 27, 26, 8, 20, 4, 0, 17, 8, 4, 21]
y_coordinates = [52, 101, 103, 99, 104, 112, 108, 114, 110, 96, 95, 96, 115, 89, 82, 82, 77, 112, 83, 66, 110, 104, 74, 58, 60, 66, 58, 36]
x_dimensions = [3, 3, 3, 3, 2, 2, 6, 6, 12, 12, 8, 8, 2, 2, 14, 12, 12, 3, 3, 4, 1, 1, 4, 4, 9, 9, 9, 9]
y_dimensions = [12, 16, 14, 18, 13, 5, 9, 3, 2, 14, 9, 3, 2, 14, 14, 13, 5, 5, 6, 17, 5, 6, 8, 24, 17, 11, 8, 24]
minimum_height = 117
----------
x_coordinates = [13, 27, 24, 18, 22, 26, 20, 14, 2, 0, 12, 20, 0, 28, 12, 0, 14, 27, 27, 26, 26, 26, 4, 0, 8, 17, 21, 4]
y_coordinates = [52, 50, 51, 49, 51, 111, 107, 113, 114, 100, 104, 104, 114, 102, 90, 87, 85, 97, 91, 74, 99, 93, 79, 63, 68, 74, 66, 44]
x_dimensions = [3, 3, 3, 3, 2, 2, 6, 6, 12, 12, 8, 8, 2, 2, 14, 12, 12, 3, 3, 4, 1, 1, 4, 4, 9, 9, 9, 9]
y_dimensions = [12, 16, 14, 18, 13, 5, 9, 3, 2, 14, 9, 3, 2, 14, 14, 13, 5, 5, 6, 17, 5, 6, 8, 24, 17, 11, 8, 24]
minimum_height = 116
----------
x_coordinates = [13, 24, 27, 21, 6, 10, 0, 15, 9, 8, 0, 20, 8, 28, 12, 0, 14, 12, 27, 26, 8, 20, 4, 0, 17, 8, 4, 21]
y_coordinates = [51, 99, 101, 97, 102, 110, 106, 112, 108, 94, 93, 94, 113, 87, 80, 80, 75, 110, 81, 64, 108, 102, 72, 56, 58, 64, 56, 34]
x_dimensions = [3, 3, 3, 3, 2, 2, 6, 6, 12, 12, 8, 8, 2, 2, 14, 12, 12, 3, 3, 4, 1, 1, 4, 4, 9, 9, 9, 9]
y_dimensions = [12, 16, 14, 18, 13, 5, 9, 3, 2, 14, 9, 3, 2, 14, 14, 13, 5, 5, 6, 17, 5, 6, 8, 24, 17, 11, 8, 24]
minimum_height = 115
----------
x_coordinates = [9, 18, 1, 6, 5, 28, 4, 1, 12, 6, 8, 2, 16, 0, 16, 18, 17, 9, 10, 14, 7, 0, 10, 13, 17, 21, 5, 17]
y_coordinates = [38, 21, 100, 59, 81, 60, 97, 94, 19, 23, 87, 77, 21, 79, 83, 101, 78, 17, 77, 97, 92, 96, 96, 59, 61, 21, 106, 37]
x_dimensions = [3, 3, 3, 3, 2, 2, 6, 6, 12, 12, 8, 8, 2, 2, 14, 12, 12, 3, 3, 4, 1, 1, 4, 4, 9, 9, 9, 9]
y_dimensions = [12, 16, 14, 18, 13, 5, 9, 3, 2, 14, 9, 3, 2, 14, 14, 13, 5, 5, 6, 17, 5, 6, 8, 24, 17, 11, 8, 24]
minimum_height = 114
----------
x_coordinates = [9, 18, 22, 25, 19, 11, 24, 23, 18, 11, 15, 4, 28, 10, 16, 18, 18, 12, 11, 26, 29, 21, 26, 14, 1, 21, 6, 2]
y_coordinates = [16, 27, 65, 61, 60, 69, 24, 100, 79, 44, 100, 101, 77, 87, 86, 10, 81, 98, 78, 44, 100, 23, 105, 60, 80, 33, 104, 56]
x_dimensions = [3, 3, 3, 3, 2, 2, 6, 6, 12, 12, 8, 8, 2, 2, 14, 12, 12, 3, 3, 4, 1, 1, 4, 4, 9, 9, 9, 9]
y_dimensions = [12, 16, 14, 18, 13, 5, 9, 3, 2, 14, 9, 3, 2, 14, 14, 13, 5, 5, 6, 17, 5, 6, 8, 24, 17, 11, 8, 24]
minimum_height = 113
----------
x_coordinates = [7, 5, 26, 2, 4, 0, 24, 8, 9, 14, 8, 6, 0, 13, 16, 18, 18, 27, 26, 22, 29, 29, 26, 14, 18, 5, 21, 4]
y_coordinates = [29, 85, 98, 83, 68, 80, 53, 98, 42, 98, 89, 82, 67, 46, 84, 4, 79, 64, 39, 28, 26, 20, 31, 60, 62, 101, 45, 44]
x_dimensions = [3, 3, 3, 3, 2, 2, 6, 6, 12, 12, 8, 8, 2, 2, 14, 12, 12, 3, 3, 4, 1, 1, 4, 4, 9, 9, 9, 9]
y_dimensions = [12, 16, 14, 18, 13, 5, 9, 3, 2, 14, 9, 3, 2, 14, 14, 13, 5, 5, 6, 17, 5, 6, 8, 24, 17, 11, 8, 24]
minimum_height = 112
----------
x_coordinates = [12, 10, 23, 27, 28, 11, 20, 24, 5, 18, 16, 22, 6, 8, 13, 2, 18, 27, 11, 14, 26, 19, 26, 26, 18, 1, 17, 8]
y_coordinates = [10, 90, 28, 11, 93, 106, 69, 8, 65, 78, 2, 57, 59, 91, 92, 67, 106, 60, 84, 72, 73, 71, 65, 33, 11, 80, 61, 41]
x_dimensions = [3, 3, 3, 3, 2, 2, 6, 6, 12, 12, 8, 8, 2, 2, 14, 12, 12, 3, 3, 4, 1, 1, 4, 4, 9, 9, 9, 9]
y_dimensions = [12, 16, 14, 18, 13, 5, 9, 3, 2, 14, 9, 3, 2, 14, 14, 13, 5, 5, 6, 17, 5, 6, 8, 24, 17, 11, 8, 24]
minimum_height = 111
----------
x_coordinates = [13, 27, 19, 10, 17, 10, 12, 4, 18, 18, 2, 10, 2, 0, 4, 18, 6, 0, 0, 0, 3, 3, 26, 22, 13, 4, 1, 1]
y_coordinates = [49, 47, 48, 46, 48, 105, 101, 107, 108, 94, 98, 98, 108, 96, 84, 81, 79, 91, 85, 68, 93, 87, 73, 57, 62, 68, 60, 36]
x_dimensions = [3, 3, 3, 3, 2, 2, 6, 6, 12, 12, 8, 8, 2, 2, 14, 12, 12, 3, 3, 4, 1, 1, 4, 4, 9, 9, 9, 9]
y_dimensions = [12, 16, 14, 18, 13, 5, 9, 3, 2, 14, 9, 3, 2, 14, 14, 13, 5, 5, 6, 17, 5, 6, 8, 24, 17, 11, 8, 24]
minimum_height = 110
----------
x_coordinates = [1, 12, 26, 0, 28, 0, 22, 24, 6, 2, 20, 19, 11, 28, 14, 18, 18, 27, 24, 18, 27, 22, 17, 21, 12, 9, 21, 3]
y_coordinates = [14, 58, 53, 66, 81, 104, 81, 29, 74, 91, 32, 92, 78, 94, 95, 11, 24, 76, 75, 75, 90, 75, 66, 43, 41, 80, 67, 50]
x_dimensions = [3, 3, 3, 3, 2, 2, 6, 6, 12, 12, 8, 8, 2, 2, 14, 12, 12, 3, 3, 4, 1, 1, 4, 4, 9, 9, 9, 9]
y_dimensions = [12, 16, 14, 18, 13, 5, 9, 3, 2, 14, 9, 3, 2, 14, 14, 13, 5, 5, 6, 17, 5, 6, 8, 24, 17, 11, 8, 24]
minimum_height = 109
----------
x_coordinates = [8, 19, 25, 5, 28, 4, 24, 14, 9, 8, 15, 21, 26, 28, 0, 13, 18, 27, 2, 20, 26, 23, 23, 22, 20, 13, 21, 4]
y_coordinates = [22, 44, 82, 70, 83, 14, 5, 95, 76, 78, 99, 96, 69, 57, 94, 31, 0, 47, 87, 79, 43, 8, 100, 47, 14, 60, 71, 46]
x_dimensions = [3, 3, 3, 3, 2, 2, 6, 6, 12, 12, 8, 8, 2, 2, 14, 12, 12, 3, 3, 4, 1, 1, 4, 4, 9, 9, 9, 9]
y_dimensions = [12, 16, 14, 18, 13, 5, 9, 3, 2, 14, 9, 3, 2, 14, 14, 13, 5, 5, 6, 17, 5, 6, 8, 24, 17, 11, 8, 24]
minimum_height = 108
----------
x_coordinates = [6, 22, 25, 18, 28, 4, 24, 12, 6, 17, 10, 22, 8, 28, 14, 10, 18, 22, 22, 18, 29, 21, 17, 25, 9, 21, 21, 0]
y_coordinates = [32, 45, 45, 53, 6, 94, 34, 51, 95, 19, 86, 93, 92, 43, 5, 33, 0, 78, 87, 79, 78, 46, 71, 69, 54, 96, 61, 68]
x_dimensions = [3, 3, 3, 3, 2, 2, 6, 6, 12, 12, 8, 8, 2, 2, 14, 12, 12, 3, 3, 4, 1, 1, 4, 4, 9, 9, 9, 9]
y_dimensions = [12, 16, 14, 18, 13, 5, 9, 3, 2, 14, 9, 3, 2, 14, 14, 13, 5, 5, 6, 17, 5, 6, 8, 24, 17, 11, 8, 24]
minimum_height = 107
----------
x_coordinates = [4, 26, 25, 0, 24, 3, 24, 2, 12, 5, 21, 6, 24, 3, 13, 3, 18, 11, 17, 20, 29, 14, 17, 26, 7, 15, 6, 16]
y_coordinates = [30, 57, 42, 69, 72, 101, 4, 54, 78, 84, 97, 103, 91, 71, 23, 57, 37, 98, 86, 80, 97, 100, 97, 73, 37, 67, 70, 43]
x_dimensions = [3, 3, 3, 3, 2, 2, 6, 6, 12, 12, 8, 8, 2, 2, 14, 12, 12, 3, 3, 4, 1, 1, 4, 4, 9, 9, 9, 9]
y_dimensions = [12, 16, 14, 18, 13, 5, 9, 3, 2, 14, 9, 3, 2, 14, 14, 13, 5, 5, 6, 17, 5, 6, 8, 24, 17, 11, 8, 24]
minimum_height = 106
----------
x_coordinates = [12, 27, 27, 24, 28, 8, 24, 1, 2, 12, 7, 14, 18, 6, 0, 0, 7, 9, 24, 23, 27, 6, 19, 26, 21, 14, 0, 16]
y_coordinates = [44, 58, 87, 70, 74, 45, 8, 86, 89, 61, 75, 102, 33, 40, 91, 54, 84, 70, 64, 88, 74, 16, 82, 34, 17, 90, 67, 37]
x_dimensions = [3, 3, 3, 3, 2, 2, 6, 6, 12, 12, 8, 8, 2, 2, 14, 12, 12, 3, 3, 4, 1, 1, 4, 4, 9, 9, 9, 9]
y_dimensions = [12, 16, 14, 18, 13, 5, 9, 3, 2, 14, 9, 3, 2, 14, 14, 13, 5, 5, 6, 17, 5, 6, 8, 24, 17, 11, 8, 24]
minimum_height = 105
----------
x_coordinates = [11, 27, 16, 25, 1, 0, 24, 9, 2, 2, 13, 19, 2, 14, 12, 4, 9, 20, 22, 26, 29, 25, 21, 16, 18, 20, 19, 3]
y_coordinates = [16, 62, 90, 78, 74, 99, 7, 41, 44, 90, 76, 4, 58, 90, 61, 47, 85, 12, 45, 45, 16, 45, 84, 37, 17, 34, 96, 60]
x_dimensions = [3, 3, 3, 3, 2, 2, 6, 6, 12, 12, 8, 8, 2, 2, 14, 12, 12, 3, 3, 4, 1, 1, 4, 4, 9, 9, 9, 9]
y_dimensions = [12, 16, 14, 18, 13, 5, 9, 3, 2, 14, 9, 3, 2, 14, 14, 13, 5, 5, 6, 17, 5, 6, 8, 24, 17, 11, 8, 24]
minimum_height = 104
----------
x_coordinates = [12, 27, 16, 27, 2, 26, 24, 10, 15, 1, 19, 15, 5, 13, 15, 18, 15, 19, 12, 25, 26, 23, 22, 14, 15, 7, 15, 5]
y_coordinates = [34, 69, 88, 85, 90, 20, 3, 89, 76, 75, 94, 0, 95, 75, 25, 56, 71, 88, 24, 39, 85, 2, 86, 47, 8, 92, 78, 51]
x_dimensions = [3, 3, 3, 3, 2, 2, 6, 6, 12, 12, 8, 8, 2, 2, 14, 12, 12, 3, 3, 4, 1, 1, 4, 4, 9, 9, 9, 9]
y_dimensions = [12, 16, 14, 18, 13, 5, 9, 3, 2, 14, 9, 3, 2, 14, 14, 13, 5, 5, 6, 17, 5, 6, 8, 24, 17, 11, 8, 24]
minimum_height = 103
----------
x_coordinates = [2, 1, 17, 18, 21, 0, 24, 11, 16, 4, 22, 6, 16, 16, 16, 9, 14, 22, 14, 26, 29, 27, 25, 5, 20, 13, 21, 5]
y_coordinates = [39, 70, 44, 73, 57, 88, 0, 48, 71, 77, 93, 25, 89, 75, 26, 58, 21, 88, 51, 9, 88, 65, 85, 50, 40, 91, 77, 0]
x_dimensions = [3, 3, 3, 3, 2, 2, 6, 6, 12, 12, 8, 8, 2, 2, 14, 12, 12, 3, 3, 4, 1, 1, 4, 4, 9, 9, 9, 9]
y_dimensions = [12, 16, 14, 18, 13, 5, 9, 3, 2, 14, 9, 3, 2, 14, 14, 13, 5, 5, 6, 17, 5, 6, 8, 24, 17, 11, 8, 24]
minimum_height = 102
----------
x_coordinates = [13, 10, 17, 13, 24, 28, 3, 12, 18, 18, 20, 4, 17, 16, 16, 18, 0, 2, 9, 26, 29, 28, 5, 6, 21, 9, 0, 12]
y_coordinates = [24, 74, 9, 72, 12, 58, 50, 69, 76, 78, 92, 38, 23, 76, 25, 63, 45, 94, 53, 8, 93, 95, 91, 59, 40, 90, 83, 39]
x_dimensions = [3, 3, 3, 3, 2, 2, 6, 6, 12, 12, 8, 8, 2, 2, 14, 12, 12, 3, 3, 4, 1, 1, 4, 4, 9, 9, 9, 9]
y_dimensions = [12, 16, 14, 18, 13, 5, 9, 3, 2, 14, 9, 3, 2, 14, 14, 13, 5, 5, 6, 17, 5, 6, 8, 24, 17, 11, 8, 24]
minimum_height = 101
----------
x_coordinates = [10, 23, 22, 17, 7, 28, 24, 12, 5, 18, 0, 7, 18, 21, 16, 1, 1, 7, 16, 3, 29, 8, 26, 26, 19, 9, 0, 13]
y_coordinates = [39, 70, 53, 66, 41, 73, 40, 97, 81, 86, 91, 36, 84, 72, 26, 64, 59, 54, 20, 25, 21, 91, 78, 49, 9, 85, 83, 41]
x_dimensions = [3, 3, 3, 3, 2, 2, 6, 6, 12, 12, 8, 8, 2, 2, 14, 12, 12, 3, 3, 4, 1, 1, 4, 4, 9, 9, 9, 9]
y_dimensions = [12, 16, 14, 18, 13, 5, 9, 3, 2, 14, 9, 3, 2, 14, 14, 13, 5, 5, 6, 17, 5, 6, 8, 24, 17, 11, 8, 24]
minimum_height = 100
----------
x_coordinates = [13, 24, 25, 19, 24, 26, 9, 11, 5, 13, 22, 11, 2, 2, 0, 14, 1, 27, 3, 26, 29, 10, 17, 26, 15, 21, 4, 0]
y_coordinates = [14, 7, 73, 56, 45, 2, 55, 96, 91, 74, 64, 71, 83, 85, 38, 26, 25, 18, 53, 47, 7, 93, 90, 23, 39, 88, 83, 59]
x_dimensions = [3, 3, 3, 3, 2, 2, 6, 6, 12, 12, 8, 8, 2, 2, 14, 12, 12, 3, 3, 4, 1, 1, 4, 4, 9, 9, 9, 9]
y_dimensions = [12, 16, 14, 18, 13, 5, 9, 3, 2, 14, 9, 3, 2, 14, 14, 13, 5, 5, 6, 17, 5, 6, 8, 24, 17, 11, 8, 24]
minimum_height = 99
----------
x_coordinates = [13, 6, 27, 13, 4, 26, 3, 16, 9, 15, 22, 6, 5, 5, 12, 15, 14, 27, 1, 26, 29, 20, 16, 0, 4, 21, 6, 21]
y_coordinates = [15, 71, 84, 63, 85, 42, 25, 69, 82, 84, 64, 87, 23, 40, 40, 27, 58, 27, 53, 47, 42, 74, 72, 63, 54, 73, 90, 3]
x_dimensions = [3, 3, 3, 3, 2, 2, 6, 6, 12, 12, 8, 8, 2, 2, 14, 12, 12, 3, 3, 4, 1, 1, 4, 4, 9, 9, 9, 9]
y_dimensions = [12, 16, 14, 18, 13, 5, 9, 3, 2, 14, 9, 3, 2, 14, 14, 13, 5, 5, 6, 17, 5, 6, 8, 24, 17, 11, 8, 24]
minimum_height = 98
----------
x_coordinates = [4, 14, 11, 26, 13, 13, 24, 16, 18, 14, 22, 3, 13, 15, 7, 15, 9, 19, 1, 0, 29, 17, 26, 5, 21, 17, 7, 3]
y_coordinates = [42, 71, 67, 68, 24, 17, 16, 94, 86, 57, 88, 80, 22, 11, 38, 25, 52, 88, 45, 51, 79, 86, 60, 56, 40, 75, 87, 14]
x_dimensions = [3, 3, 3, 3, 2, 2, 6, 6, 12, 12, 8, 8, 2, 2, 14, 12, 12, 3, 3, 4, 1, 1, 4, 4, 9, 9, 9, 9]
y_dimensions = [12, 16, 14, 18, 13, 5, 9, 3, 2, 14, 9, 3, 2, 14, 14, 13, 5, 5, 6, 17, 5, 6, 8, 24, 17, 11, 8, 24]
minimum_height = 97
----------
x_coordinates = [13, 13, 27, 26, 12, 28, 24, 22, 17, 15, 3, 7, 13, 14, 1, 8, 17, 9, 1, 17, 29, 16, 18, 4, 4, 21, 9, 20]
y_coordinates = [42, 5, 64, 2, 83, 20, 25, 20, 89, 58, 87, 65, 57, 82, 68, 29, 91, 82, 62, 72, 91, 87, 19, 22, 48, 78, 21, 34]
x_dimensions = [3, 3, 3, 3, 2, 2, 6, 6, 12, 12, 8, 8, 2, 2, 14, 12, 12, 3, 3, 4, 1, 1, 4, 4, 9, 9, 9, 9]
y_dimensions = [12, 16, 14, 18, 13, 5, 9, 3, 2, 14, 9, 3, 2, 14, 14, 13, 5, 5, 6, 17, 5, 6, 8, 24, 17, 11, 8, 24]
minimum_height = 96
----------
x_coordinates = [13, 24, 27, 21, 6, 10, 0, 15, 9, 8, 0, 20, 8, 28, 12, 0, 14, 12, 27, 26, 8, 20, 9, 0, 17, 4, 8, 21]
y_coordinates = [41, 79, 81, 77, 82, 90, 86, 92, 88, 74, 73, 74, 93, 67, 60, 60, 55, 90, 61, 44, 88, 82, 52, 36, 38, 41, 33, 14]
x_dimensions = [3, 3, 3, 3, 2, 2, 6, 6, 12, 12, 8, 8, 2, 2, 14, 12, 12, 3, 3, 4, 1, 1, 4, 4, 9, 9, 9, 9]
y_dimensions = [12, 16, 14, 18, 13, 5, 9, 3, 2, 14, 9, 3, 2, 14, 14, 13, 5, 5, 6, 17, 5, 6, 8, 24, 17, 11, 8, 24]
minimum_height = 95
----------
x_coordinates = [13, 6, 16, 4, 26, 28, 22, 1, 13, 5, 15, 22, 15, 28, 14, 16, 18, 10, 4, 25, 27, 22, 26, 1, 7, 5, 8, 17]
y_coordinates = [26, 9, 1, 25, 54, 37, 29, 91, 15, 63, 17, 6, 53, 42, 38, 81, 76, 14, 85, 12, 1, 9, 68, 51, 77, 44, 55, 52]
x_dimensions = [3, 3, 3, 3, 2, 2, 6, 6, 12, 12, 8, 8, 2, 2, 14, 12, 12, 3, 3, 4, 1, 1, 4, 4, 9, 9, 9, 9]
y_dimensions = [12, 16, 14, 18, 13, 5, 9, 3, 2, 14, 9, 3, 2, 14, 14, 13, 5, 5, 6, 17, 5, 6, 8, 24, 17, 11, 8, 24]
minimum_height = 94
----------
x_coordinates = [13, 24, 27, 21, 6, 10, 0, 15, 9, 8, 0, 20, 8, 28, 12, 0, 14, 12, 27, 26, 8, 20, 9, 0, 17, 4, 8, 21]
y_coordinates = [40, 77, 79, 75, 80, 88, 84, 90, 86, 72, 71, 72, 91, 65, 58, 58, 53, 88, 59, 42, 86, 80, 50, 34, 36, 39, 31, 12]
x_dimensions = [3, 3, 3, 3, 2, 2, 6, 6, 12, 12, 8, 8, 2, 2, 14, 12, 12, 3, 3, 4, 1, 1, 4, 4, 9, 9, 9, 9]
y_dimensions = [12, 16, 14, 18, 13, 5, 9, 3, 2, 14, 9, 3, 2, 14, 14, 13, 5, 5, 6, 17, 5, 6, 8, 24, 17, 11, 8, 24]
minimum_height = 93
----------
x_coordinates = [13, 27, 19, 9, 17, 10, 12, 4, 18, 18, 2, 10, 2, 0, 4, 18, 6, 0, 0, 0, 3, 3, 26, 22, 0, 12, 13, 21]
y_coordinates = [40, 38, 39, 37, 39, 87, 83, 89, 90, 76, 80, 80, 90, 78, 66, 63, 61, 73, 67, 50, 75, 69, 55, 39, 33, 28, 53, 14]
x_dimensions = [3, 3, 3, 3, 2, 2, 6, 6, 12, 12, 8, 8, 2, 2, 14, 12, 12, 3, 3, 4, 1, 1, 4, 4, 9, 9, 9, 9]
y_dimensions = [12, 16, 14, 18, 13, 5, 9, 3, 2, 14, 9, 3, 2, 14, 14, 13, 5, 5, 6, 17, 5, 6, 8, 24, 17, 11, 8, 24]
minimum_height = 92
----------
x_coordinates = [13, 24, 27, 21, 6, 10, 0, 15, 9, 8, 0, 20, 8, 28, 12, 0, 14, 12, 27, 26, 8, 20, 9, 0, 17, 4, 8, 21]
y_coordinates = [39, 75, 77, 73, 78, 86, 82, 88, 84, 70, 69, 70, 89, 63, 56, 56, 51, 86, 57, 40, 84, 78, 48, 32, 34, 37, 29, 10]
x_dimensions = [3, 3, 3, 3, 2, 2, 6, 6, 12, 12, 8, 8, 2, 2, 14, 12, 12, 3, 3, 4, 1, 1, 4, 4, 9, 9, 9, 9]
y_dimensions = [12, 16, 14, 18, 13, 5, 9, 3, 2, 14, 9, 3, 2, 14, 14, 13, 5, 5, 6, 17, 5, 6, 8, 24, 17, 11, 8, 24]
minimum_height = 91
----------
x_coordinates = [13, 24, 17, 27, 11, 10, 12, 4, 18, 18, 2, 10, 2, 0, 4, 18, 4, 0, 0, 0, 3, 3, 16, 20, 0, 9, 7, 18]
y_coordinates = [39, 37, 38, 36, 38, 85, 81, 87, 88, 74, 78, 78, 88, 76, 64, 61, 59, 71, 65, 48, 73, 67, 53, 37, 31, 27, 51, 13]
x_dimensions = [3, 3, 3, 3, 2, 2, 6, 6, 12, 12, 8, 8, 2, 2, 14, 12, 12, 3, 3, 4, 1, 1, 4, 4, 9, 9, 9, 9]
y_dimensions = [12, 16, 14, 18, 13, 5, 9, 3, 2, 14, 9, 3, 2, 14, 14, 13, 5, 5, 6, 17, 5, 6, 8, 24, 17, 11, 8, 24]
minimum_height = 90
----------
x_coordinates = [9, 6, 0, 3, 28, 20, 22, 14, 10, 10, 22, 2, 9, 0, 4, 18, 18, 11, 1, 0, 9, 9, 14, 5, 21, 12, 12, 21]
y_coordinates = [38, 73, 75, 71, 76, 84, 80, 86, 82, 68, 67, 68, 87, 61, 54, 54, 49, 84, 55, 38, 82, 76, 46, 30, 32, 35, 27, 8]
x_dimensions = [3, 3, 3, 3, 2, 2, 6, 6, 12, 12, 8, 8, 2, 2, 14, 12, 12, 3, 3, 4, 1, 1, 4, 4, 9, 9, 9, 9]
y_dimensions = [12, 16, 14, 18, 13, 5, 9, 3, 2, 14, 9, 3, 2, 14, 14, 13, 5, 5, 6, 17, 5, 6, 8, 24, 17, 11, 8, 24]
minimum_height = 89
----------
x_coordinates = [13, 27, 20, 9, 18, 10, 12, 4, 18, 18, 2, 10, 2, 0, 4, 18, 6, 0, 0, 0, 3, 3, 19, 23, 0, 12, 21, 3]
y_coordinates = [38, 36, 37, 35, 37, 83, 79, 85, 86, 72, 76, 76, 86, 74, 62, 59, 57, 69, 63, 46, 71, 65, 51, 35, 29, 26, 27, 5]
x_dimensions = [3, 3, 3, 3, 2, 2, 6, 6, 12, 12, 8, 8, 2, 2, 14, 12, 12, 3, 3, 4, 1, 1, 4, 4, 9, 9, 9, 9]
y_dimensions = [12, 16, 14, 18, 13, 5, 9, 3, 2, 14, 9, 3, 2, 14, 14, 13, 5, 5, 6, 17, 5, 6, 8, 24, 17, 11, 8, 24]
minimum_height = 88
----------
x_coordinates = [9, 6, 0, 3, 28, 20, 22, 14, 10, 10, 22, 2, 9, 0, 4, 18, 18, 11, 1, 0, 9, 9, 14, 5, 21, 12, 12, 21]
y_coordinates = [37, 71, 73, 69, 74, 82, 78, 84, 80, 66, 65, 66, 85, 59, 52, 52, 47, 82, 53, 36, 80, 74, 44, 28, 30, 33, 25, 6]
x_dimensions = [3, 3, 3, 3, 2, 2, 6, 6, 12, 12, 8, 8, 2, 2, 14, 12, 12, 3, 3, 4, 1, 1, 4, 4, 9, 9, 9, 9]
y_dimensions = [12, 16, 14, 18, 13, 5, 9, 3, 2, 14, 9, 3, 2, 14, 14, 13, 5, 5, 6, 17, 5, 6, 8, 24, 17, 11, 8, 24]
minimum_height = 87
----------
x_coordinates = [13, 27, 16, 9, 21, 10, 12, 4, 18, 18, 2, 10, 2, 0, 4, 18, 6, 0, 0, 0, 3, 3, 19, 23, 0, 12, 21, 3]
y_coordinates = [37, 35, 36, 34, 36, 81, 77, 83, 84, 70, 74, 74, 84, 72, 60, 57, 55, 67, 61, 44, 69, 63, 49, 33, 27, 25, 25, 3]
x_dimensions = [3, 3, 3, 3, 2, 2, 6, 6, 12, 12, 8, 8, 2, 2, 14, 12, 12, 3, 3, 4, 1, 1, 4, 4, 9, 9, 9, 9]
y_dimensions = [12, 16, 14, 18, 13, 5, 9, 3, 2, 14, 9, 3, 2, 14, 14, 13, 5, 5, 6, 17, 5, 6, 8, 24, 17, 11, 8, 24]
minimum_height = 86
----------
x_coordinates = [9, 6, 0, 3, 28, 20, 22, 14, 10, 10, 22, 2, 9, 0, 4, 18, 18, 11, 1, 0, 9, 9, 14, 5, 21, 12, 12, 21]
y_coordinates = [36, 69, 71, 67, 72, 80, 76, 82, 78, 64, 63, 64, 83, 57, 50, 50, 45, 80, 51, 34, 78, 72, 42, 26, 28, 31, 23, 4]
x_dimensions = [3, 3, 3, 3, 2, 2, 6, 6, 12, 12, 8, 8, 2, 2, 14, 12, 12, 3, 3, 4, 1, 1, 4, 4, 9, 9, 9, 9]
y_dimensions = [12, 16, 14, 18, 13, 5, 9, 3, 2, 14, 9, 3, 2, 14, 14, 13, 5, 5, 6, 17, 5, 6, 8, 24, 17, 11, 8, 24]
minimum_height = 85
----------
x_coordinates = [5, 17, 18, 13, 20, 7, 1, 5, 17, 6, 17, 1, 12, 15, 16, 17, 18, 22, 5, 26, 29, 5, 2, 9, 8, 6, 0, 21]
y_coordinates = [18, 1, 65, 52, 1, 54, 54, 7, 39, 70, 17, 66, 33, 27, 41, 26, 79, 8, 12, 9, 4, 35, 69, 46, 10, 35, 46, 55]
x_dimensions = [3, 3, 3, 3, 2, 2, 6, 6, 12, 12, 8, 8, 2, 2, 14, 12, 12, 3, 3, 4, 1, 1, 4, 4, 9, 9, 9, 9]
y_dimensions = [12, 16, 14, 18, 13, 5, 9, 3, 2, 14, 9, 3, 2, 14, 14, 13, 5, 5, 6, 17, 5, 6, 8, 24, 17, 11, 8, 24]
minimum_height = 84
----------
x_coordinates = [13, 15, 17, 14, 8, 16, 2, 4, 18, 3, 20, 7, 1, 21, 1, 18, 9, 26, 27, 23, 28, 29, 6, 10, 0, 19, 6, 15]
y_coordinates = [31, 49, 69, 65, 62, 41, 64, 57, 56, 12, 74, 9, 11, 28, 43, 42, 26, 69, 24, 25, 64, 68, 75, 57, 26, 58, 0, 1]
x_dimensions = [3, 3, 3, 3, 2, 2, 6, 6, 12, 12, 8, 8, 2, 2, 14, 12, 12, 3, 3, 4, 1, 1, 4, 4, 9, 9, 9, 9]
y_dimensions = [12, 16, 14, 18, 13, 5, 9, 3, 2, 14, 9, 3, 2, 14, 14, 13, 5, 5, 6, 17, 5, 6, 8, 24, 17, 11, 8, 24]
minimum_height = 83
----------
x_coordinates = [13, 18, 18, 16, 8, 13, 8, 18, 18, 7, 22, 20, 28, 28, 0, 1, 18, 27, 6, 9, 29, 3, 4, 14, 19, 21, 0, 21]
y_coordinates = [34, 66, 0, 37, 0, 53, 73, 56, 59, 14, 47, 44, 45, 31, 59, 46, 61, 77, 32, 29, 26, 76, 74, 58, 27, 66, 38, 2]
x_dimensions = [3, 3, 3, 3, 2, 2, 6, 6, 12, 12, 8, 8, 2, 2, 14, 12, 12, 3, 3, 4, 1, 1, 4, 4, 9, 9, 9, 9]
y_dimensions = [12, 16, 14, 18, 13, 5, 9, 3, 2, 14, 9, 3, 2, 14, 14, 13, 5, 5, 6, 17, 5, 6, 8, 24, 17, 11, 8, 24]
minimum_height = 82
----------
x_coordinates = [13, 18, 18, 20, 6, 1, 5, 19, 18, 8, 21, 5, 3, 28, 0, 16, 7, 27, 13, 9, 29, 29, 2, 14, 0, 21, 8, 21]
y_coordinates = [34, 62, 29, 1, 18, 40, 33, 56, 79, 15, 59, 42, 42, 43, 66, 43, 2, 14, 51, 45, 63, 57, 14, 57, 45, 68, 7, 19]
x_dimensions = [3, 3, 3, 3, 2, 2, 6, 6, 12, 12, 8, 8, 2, 2, 14, 12, 12, 3, 3, 4, 1, 1, 4, 4, 9, 9, 9, 9]
y_dimensions = [12, 16, 14, 18, 13, 5, 9, 3, 2, 14, 9, 3, 2, 14, 14, 13, 5, 5, 6, 17, 5, 6, 8, 24, 17, 11, 8, 24]
minimum_height = 81
----------
x_coordinates = [13, 21, 19, 23, 25, 13, 14, 24, 18, 11, 22, 22, 27, 17, 0, 18, 10, 27, 18, 14, 29, 24, 22, 26, 5, 21, 10, 2]
y_coordinates = [33, 64, 35, 19, 64, 1, 65, 77, 62, 19, 40, 37, 64, 34, 48, 49, 14, 72, 74, 48, 67, 71, 11, 13, 63, 0, 6, 24]
x_dimensions = [3, 3, 3, 3, 2, 2, 6, 6, 12, 12, 8, 8, 2, 2, 14, 12, 12, 3, 3, 4, 1, 1, 4, 4, 9, 9, 9, 9]
y_dimensions = [12, 16, 14, 18, 13, 5, 9, 3, 2, 14, 9, 3, 2, 14, 14, 13, 5, 5, 6, 17, 5, 6, 8, 24, 17, 11, 8, 24]
minimum_height = 80
----------
x_coordinates = [13, 27, 26, 21, 28, 4, 6, 21, 15, 16, 17, 15, 17, 24, 0, 18, 9, 27, 26, 14, 29, 16, 24, 0, 5, 16, 12, 4]
y_coordinates = [33, 63, 36, 4, 20, 3, 7, 65, 68, 22, 70, 47, 5, 0, 65, 50, 16, 3, 8, 51, 44, 73, 14, 13, 46, 36, 7, 21]
x_dimensions = [3, 3, 3, 3, 2, 2, 6, 6, 12, 12, 8, 8, 2, 2, 14, 12, 12, 3, 3, 4, 1, 1, 4, 4, 9, 9, 9, 9]
y_dimensions = [12, 16, 14, 18, 13, 5, 9, 3, 2, 14, 9, 3, 2, 14, 14, 13, 5, 5, 6, 17, 5, 6, 8, 24, 17, 11, 8, 24]
minimum_height = 79
----------
x_coordinates = [13, 22, 27, 0, 0, 28, 12, 20, 14, 17, 6, 8, 16, 25, 13, 18, 3, 15, 25, 26, 14, 2, 22, 0, 4, 2, 11, 4]
y_coordinates = [33, 16, 13, 39, 57, 8, 17, 65, 76, 34, 69, 50, 49, 14, 0, 48, 53, 70, 28, 61, 69, 72, 68, 12, 0, 58, 61, 26]
x_dimensions = [3, 3, 3, 3, 2, 2, 6, 6, 12, 12, 8, 8, 2, 2, 14, 12, 12, 3, 3, 4, 1, 1, 4, 4, 9, 9, 9, 9]
y_dimensions = [12, 16, 14, 18, 13, 5, 9, 3, 2, 14, 9, 3, 2, 14, 14, 13, 5, 5, 6, 17, 5, 6, 8, 24, 17, 11, 8, 24]
minimum_height = 78
----------
x_coordinates = [13, 24, 27, 27, 3, 27, 17, 18, 4, 18, 16, 15, 3, 28, 14, 4, 1, 15, 16, 10, 17, 16, 10, 23, 5, 14, 19, 1]
y_coordinates = [18, 61, 63, 7, 6, 1, 16, 74, 62, 47, 61, 2, 4, 29, 33, 64, 19, 47, 27, 45, 71, 70, 32, 1, 1, 5, 25, 24]
x_dimensions = [3, 3, 3, 3, 2, 2, 6, 6, 12, 12, 8, 8, 2, 2, 14, 12, 12, 3, 3, 4, 1, 1, 4, 4, 9, 9, 9, 9]
y_dimensions = [12, 16, 14, 18, 13, 5, 9, 3, 2, 14, 9, 3, 2, 14, 14, 13, 5, 5, 6, 17, 5, 6, 8, 24, 17, 11, 8, 24]
minimum_height = 77
----------
x_coordinates = [13, 25, 18, 25, 28, 28, 19, 20, 18, 2, 22, 22, 23, 1, 16, 0, 6, 16, 18, 12, 17, 17, 6, 3, 16, 21, 2, 7]
y_coordinates = [23, 17, 11, 33, 18, 32, 25, 0, 74, 0, 65, 3, 18, 49, 51, 63, 14, 29, 67, 59, 65, 70, 27, 39, 34, 6, 19, 35]
x_dimensions = [3, 3, 3, 3, 2, 2, 6, 6, 12, 12, 8, 8, 2, 2, 14, 12, 12, 3, 3, 4, 1, 1, 4, 4, 9, 9, 9, 9]
y_dimensions = [12, 16, 14, 18, 13, 5, 9, 3, 2, 14, 9, 3, 2, 14, 14, 13, 5, 5, 6, 17, 5, 6, 8, 24, 17, 11, 8, 24]
minimum_height = 76
----------
x_coordinates = [13, 27, 26, 26, 28, 16, 21, 3, 4, 1, 18, 19, 25, 3, 4, 9, 6, 25, 25, 0, 5, 29, 16, 21, 17, 21, 0, 8]
y_coordinates = [29, 28, 3, 57, 44, 27, 33, 51, 73, 26, 66, 30, 43, 12, 54, 41, 68, 52, 46, 58, 68, 69, 33, 42, 0, 17, 40, 2]
x_dimensions = [3, 3, 3, 3, 2, 2, 6, 6, 12, 12, 8, 8, 2, 2, 14, 12, 12, 3, 3, 4, 1, 1, 4, 4, 9, 9, 9, 9]
y_dimensions = [12, 16, 14, 18, 13, 5, 9, 3, 2, 14, 9, 3, 2, 14, 14, 13, 5, 5, 6, 17, 5, 6, 8, 24, 17, 11, 8, 24]
minimum_height = 75
----------
x_coordinates = [13, 27, 27, 10, 20, 28, 20, 0, 15, 17, 2, 20, 20, 18, 1, 6, 6, 14, 5, 22, 0, 0, 16, 26, 18, 18, 1, 8]
y_coordinates = [29, 34, 14, 29, 59, 28, 48, 71, 46, 0, 30, 31, 57, 60, 47, 61, 24, 41, 16, 57, 66, 56, 52, 50, 14, 35, 39, 0]
x_dimensions = [3, 3, 3, 3, 2, 2, 6, 6, 12, 12, 8, 8, 2, 2, 14, 12, 12, 3, 3, 4, 1, 1, 4, 4, 9, 9, 9, 9]
y_dimensions = [12, 16, 14, 18, 13, 5, 9, 3, 2, 14, 9, 3, 2, 14, 14, 13, 5, 5, 6, 17, 5, 6, 8, 24, 17, 11, 8, 24]
minimum_height = 74
----------
x_coordinates = [0, 6, 0, 3, 28, 20, 22, 14, 10, 10, 22, 2, 9, 0, 4, 18, 18, 11, 15, 7, 9, 9, 11, 3, 21, 21, 3, 12]
y_coordinates = [30, 57, 59, 55, 60, 68, 64, 70, 66, 52, 51, 52, 71, 45, 38, 38, 33, 68, 32, 21, 66, 60, 30, 14, 16, 5, 6, 6]
x_dimensions = [3, 3, 3, 3, 2, 2, 6, 6, 12, 12, 8, 8, 2, 2, 14, 12, 12, 3, 3, 4, 1, 1, 4, 4, 9, 9, 9, 9]
y_dimensions = [12, 16, 14, 18, 13, 5, 9, 3, 2, 14, 9, 3, 2, 14, 14, 13, 5, 5, 6, 17, 5, 6, 8, 24, 17, 11, 8, 24]
minimum_height = 73
----------
x_coordinates = [13, 2, 23, 27, 0, 24, 24, 24, 0, 12, 16, 18, 0, 11, 12, 15, 2, 1, 0, 26, 0, 0, 4, 26, 14, 5, 3, 1]
y_coordinates = [14, 46, 31, 42, 47, 20, 60, 69, 62, 58, 14, 25, 60, 15, 0, 45, 39, 67, 9, 1, 41, 65, 64, 18, 28, 44, 7, 15]
x_dimensions = [3, 3, 3, 3, 2, 2, 6, 6, 12, 12, 8, 8, 2, 2, 14, 12, 12, 3, 3, 4, 1, 1, 4, 4, 9, 9, 9, 9]
y_dimensions = [12, 16, 14, 18, 13, 5, 9, 3, 2, 14, 9, 3, 2, 14, 14, 13, 5, 5, 6, 17, 5, 6, 8, 24, 17, 11, 8, 24]
minimum_height = 72
----------
x_coordinates = [0, 6, 0, 3, 28, 20, 22, 14, 10, 10, 22, 2, 9, 0, 4, 18, 6, 11, 3, 26, 9, 9, 22, 18, 9, 9, 21, 0]
y_coordinates = [29, 55, 57, 53, 58, 66, 62, 68, 64, 50, 49, 50, 69, 43, 36, 36, 31, 66, 30, 19, 64, 58, 28, 12, 14, 3, 4, 5]
x_dimensions = [3, 3, 3, 3, 2, 2, 6, 6, 12, 12, 8, 8, 2, 2, 14, 12, 12, 3, 3, 4, 1, 1, 4, 4, 9, 9, 9, 9]
y_dimensions = [12, 16, 14, 18, 13, 5, 9, 3, 2, 14, 9, 3, 2, 14, 14, 13, 5, 5, 6, 17, 5, 6, 8, 24, 17, 11, 8, 24]
minimum_height = 71
----------
x_coordinates = [2, 14, 19, 0, 4, 3, 24, 24, 18, 9, 17, 22, 3, 17, 4, 17, 9, 7, 27, 5, 4, 29, 25, 0, 21, 18, 8, 5]
y_coordinates = [10, 13, 14, 50, 24, 55, 16, 67, 37, 56, 28, 25, 22, 14, 37, 1, 51, 24, 44, 53, 64, 28, 28, 26, 50, 39, 29, 0]
x_dimensions = [3, 3, 3, 3, 2, 2, 6, 6, 12, 12, 8, 8, 2, 2, 14, 12, 12, 3, 3, 4, 1, 1, 4, 4, 9, 9, 9, 9]
y_dimensions = [12, 16, 14, 18, 13, 5, 9, 3, 2, 14, 9, 3, 2, 14, 14, 13, 5, 5, 6, 17, 5, 6, 8, 24, 17, 11, 8, 24]
minimum_height = 70
----------
x_coordinates = [13, 2, 20, 17, 0, 28, 3, 7, 6, 9, 18, 5, 28, 24, 4, 5, 18, 0, 0, 26, 29, 9, 8, 0, 19, 10, 0, 21]
y_coordinates = [17, 14, 24, 20, 20, 56, 60, 26, 42, 1, 38, 23, 62, 24, 44, 29, 47, 64, 57, 30, 64, 63, 15, 33, 52, 58, 6, 0]
x_dimensions = [3, 3, 3, 3, 2, 2, 6, 6, 12, 12, 8, 8, 2, 2, 14, 12, 12, 3, 3, 4, 1, 1, 4, 4, 9, 9, 9, 9]
y_dimensions = [12, 16, 14, 18, 13, 5, 9, 3, 2, 14, 9, 3, 2, 14, 14, 13, 5, 5, 6, 17, 5, 6, 8, 24, 17, 11, 8, 24]
minimum_height = 69
----------
x_coordinates = [2, 24, 27, 5, 21, 28, 8, 6, 10, 18, 13, 22, 20, 10, 12, 0, 2, 4, 26, 14, 23, 7, 8, 0, 21, 4, 1, 12]
y_coordinates = [13, 32, 32, 8, 32, 46, 17, 54, 14, 18, 59, 15, 16, 0, 0, 31, 26, 49, 9, 16, 43, 47, 45, 44, 51, 57, 0, 33]
x_dimensions = [3, 3, 3, 3, 2, 2, 6, 6, 12, 12, 8, 8, 2, 2, 14, 12, 12, 3, 3, 4, 1, 1, 4, 4, 9, 9, 9, 9]
y_dimensions = [12, 16, 14, 18, 13, 5, 9, 3, 2, 14, 9, 3, 2, 14, 14, 13, 5, 5, 6, 17, 5, 6, 8, 24, 17, 11, 8, 24]
minimum_height = 68
----------
x_coordinates = [13, 4, 14, 12, 7, 3, 5, 4, 0, 9, 5, 3, 3, 1, 16, 0, 0, 7, 27, 26, 0, 4, 10, 0, 21, 20, 11, 17]
y_coordinates = [27, 49, 39, 9, 54, 10, 7, 45, 16, 53, 36, 4, 8, 2, 12, 23, 18, 48, 26, 33, 6, 36, 45, 38, 50, 1, 1, 26]
x_dimensions = [3, 3, 3, 3, 2, 2, 6, 6, 12, 12, 8, 8, 2, 2, 14, 12, 12, 3, 3, 4, 1, 1, 4, 4, 9, 9, 9, 9]
y_dimensions = [12, 16, 14, 18, 13, 5, 9, 3, 2, 14, 9, 3, 2, 14, 14, 13, 5, 5, 6, 17, 5, 6, 8, 24, 17, 11, 8, 24]
minimum_height = 67
----------
x_coordinates = [11, 6, 3, 0, 9, 26, 20, 14, 2, 0, 12, 20, 0, 28, 12, 14, 0, 3, 9, 26, 21, 11, 22, 26, 12, 21, 12, 2]
y_coordinates = [27, 25, 26, 24, 26, 61, 57, 63, 64, 50, 54, 54, 64, 52, 40, 27, 45, 40, 39, 11, 22, 21, 19, 28, 10, 0, 2, 0]
x_dimensions = [3, 3, 3, 3, 2, 2, 6, 6, 12, 12, 8, 8, 2, 2, 14, 12, 12, 3, 3, 4, 1, 1, 4, 4, 9, 9, 9, 9]
y_dimensions = [12, 16, 14, 18, 13, 5, 9, 3, 2, 14, 9, 3, 2, 14, 14, 13, 5, 5, 6, 17, 5, 6, 8, 24, 17, 11, 8, 24]
minimum_height = 66
----------
x_coordinates = [2, 5, 24, 27, 6, 28, 0, 15, 0, 1, 13, 4, 9, 0, 13, 18, 12, 14, 2, 10, 27, 17, 14, 8, 1, 12, 15, 21]
y_coordinates = [26, 19, 0, 10, 35, 2, 38, 48, 3, 5, 39, 0, 46, 24, 14, 52, 0, 60, 20, 48, 2, 59, 51, 22, 48, 28, 6, 28]
x_dimensions = [3, 3, 3, 3, 2, 2, 6, 6, 12, 12, 8, 8, 2, 2, 14, 12, 12, 3, 3, 4, 1, 1, 4, 4, 9, 9, 9, 9]
y_dimensions = [12, 16, 14, 18, 13, 5, 9, 3, 2, 14, 9, 3, 2, 14, 14, 13, 5, 5, 6, 17, 5, 6, 8, 24, 17, 11, 8, 24]
minimum_height = 65
----------
x_coordinates = [13, 27, 24, 0, 22, 16, 23, 7, 4, 18, 15, 8, 28, 13, 16, 1, 15, 4, 27, 14, 13, 3, 0, 9, 4, 13, 18, 0]
y_coordinates = [25, 39, 36, 14, 36, 17, 55, 15, 21, 8, 55, 18, 6, 48, 22, 1, 50, 16, 0, 0, 13, 17, 32, 40, 23, 37, 0, 40]
x_dimensions = [3, 3, 3, 3, 2, 2, 6, 6, 12, 12, 8, 8, 2, 2, 14, 12, 12, 3, 3, 4, 1, 1, 4, 4, 9, 9, 9, 9]
y_dimensions = [12, 16, 14, 18, 13, 5, 9, 3, 2, 14, 9, 3, 2, 14, 14, 13, 5, 5, 6, 17, 5, 6, 8, 24, 17, 11, 8, 24]
minimum_height = 64
----------
x_coordinates = [13, 27, 27, 9, 28, 16, 19, 0, 12, 14, 11, 6, 28, 25, 0, 2, 2, 21, 18, 26, 27, 1, 24, 14, 0, 0, 16, 18]
y_coordinates = [25, 47, 17, 23, 34, 32, 14, 60, 37, 0, 14, 60, 32, 17, 46, 0, 41, 32, 31, 0, 40, 7, 31, 39, 13, 30, 23, 39]
x_dimensions = [3, 3, 3, 3, 2, 2, 6, 6, 12, 12, 8, 8, 2, 2, 14, 12, 12, 3, 3, 4, 1, 1, 4, 4, 9, 9, 9, 9]
y_dimensions = [12, 16, 14, 18, 13, 5, 9, 3, 2, 14, 9, 3, 2, 14, 14, 13, 5, 5, 6, 17, 5, 6, 8, 24, 17, 11, 8, 24]
minimum_height = 63
----------
x_coordinates = [9, 11, 23, 0, 15, 24, 24, 3, 16, 12, 3, 22, 1, 3, 1, 0, 5, 23, 0, 17, 21, 1, 5, 26, 14, 12, 2, 21]
y_coordinates = [20, 32, 29, 14, 2, 48, 53, 28, 0, 48, 32, 26, 33, 14, 0, 49, 15, 43, 35, 3, 26, 43, 20, 29, 31, 20, 41, 2]
x_dimensions = [3, 3, 3, 3, 2, 2, 6, 6, 12, 12, 8, 8, 2, 2, 14, 12, 12, 3, 3, 4, 1, 1, 4, 4, 9, 9, 9, 9]
y_dimensions = [12, 16, 14, 18, 13, 5, 9, 3, 2, 14, 9, 3, 2, 14, 14, 13, 5, 5, 6, 17, 5, 6, 8, 24, 17, 11, 8, 24]
minimum_height = 62
----------
x_coordinates = [13, 9, 13, 0, 16, 16, 24, 24, 12, 18, 3, 22, 1, 16, 16, 18, 18, 19, 9, 9, 17, 12, 20, 12, 0, 3, 11, 0]
y_coordinates = [24, 45, 10, 2, 34, 29, 3, 0, 8, 42, 0, 12, 0, 47, 15, 29, 56, 10, 39, 20, 10, 11, 0, 37, 44, 9, 0, 20]
x_dimensions = [3, 3, 3, 3, 2, 2, 6, 6, 12, 12, 8, 8, 2, 2, 14, 12, 12, 3, 3, 4, 1, 1, 4, 4, 9, 9, 9, 9]
y_dimensions = [12, 16, 14, 18, 13, 5, 9, 3, 2, 14, 9, 3, 2, 14, 14, 13, 5, 5, 6, 17, 5, 6, 8, 24, 17, 11, 8, 24]
minimum_height = 61
----------
% Pruned 49967 learnt clauses
% Pruned 50000 learnt clauses
% Pruned 49998 learnt clauses
% Pruned 49967 learnt clauses
% Pruned 50000 learnt clauses
x_coordinates = [0, 0, 7, 0, 7, 7, 3, 21, 15, 18, 13, 18, 13, 10, 12, 9, 9, 27, 1, 26, 3, 0, 3, 3, 9, 4, 0, 21]
y_coordinates = [8, 38, 17, 20, 31, 44, 8, 55, 58, 0, 49, 14, 58, 17, 17, 36, 31, 55, 54, 14, 49, 54, 41, 17, 0, 49, 0, 31]
x_dimensions = [3, 3, 3, 3, 2, 2, 6, 6, 12, 12, 8, 8, 2, 2, 14, 12, 12, 3, 3, 4, 1, 1, 4, 4, 9, 9, 9, 9]
y_dimensions = [12, 16, 14, 18, 13, 5, 9, 3, 2, 14, 9, 3, 2, 14, 14, 13, 5, 5, 6, 17, 5, 6, 8, 24, 17, 11, 8, 24]
minimum_height = 60
----------
==========
%%%mzn-stat: nodes=537969
%%%mzn-stat: failures=324419
%%%mzn-stat: restarts=5845
%%%mzn-stat: variables=12310
%%%mzn-stat: intVars=130
%%%mzn-stat: boolVariables=12178
%%%mzn-stat: propagators=3276
%%%mzn-stat: propagations=192464196
%%%mzn-stat: peakDepth=177
%%%mzn-stat: nogoods=324419
%%%mzn-stat: backjumps=74916
%%%mzn-stat: peakMem=0.00
%%%mzn-stat: time=80.849
%%%mzn-stat: initTime=0.033
%%%mzn-stat: solveTime=80.816
%%%mzn-stat: objective=60
%%%mzn-stat: optTime=80.816
%%%mzn-stat: baseMem=0.00
%%%mzn-stat: trailMem=0.04
%%%mzn-stat: randomSeed=1657194467
