x_coordinates = [6, 4, 7, 11, 3, 0, 3, 5, 7, 0, 0, 2, 2, 6, 2, 7, 2, 4, 3, 0, 10, 3, 8, 0, 1]
y_coordinates = [42, 43, 82, 64, 87, 79, 84, 77, 71, 77, 71, 65, 87, 66, 83, 58, 61, 77, 79, 64, 55, 53, 45, 59, 48]
x_dimensions = [2, 2, 4, 4, 4, 2, 2, 2, 4, 4, 2, 4, 1, 5, 3, 3, 5, 1, 1, 2, 5, 4, 7, 3, 2]
y_dimensions = [6, 3, 8, 26, 3, 11, 3, 10, 11, 2, 6, 12, 3, 5, 1, 8, 4, 6, 4, 7, 9, 8, 10, 2, 11]
minimum_height = 90
----------
x_coordinates = [6, 0, 9, 1, 9, 0, 13, 1, 11, 5, 6, 5, 14, 1, 10, 6, 8, 14, 13, 13, 9, 9, 2, 12, 13]
y_coordinates = [41, 86, 51, 43, 61, 75, 14, 33, 40, 50, 64, 52, 68, 69, 80, 70, 65, 76, 78, 82, 69, 81, 79, 38, 57]
x_dimensions = [2, 2, 4, 4, 4, 2, 2, 2, 4, 4, 2, 4, 1, 5, 3, 3, 5, 1, 1, 2, 5, 4, 7, 3, 2]
y_dimensions = [6, 3, 8, 26, 3, 11, 3, 10, 11, 2, 6, 12, 3, 5, 1, 8, 4, 6, 4, 7, 9, 8, 10, 2, 11]
minimum_height = 89
----------
x_coordinates = [6, 4, 7, 11, 3, 0, 3, 5, 7, 0, 0, 2, 2, 6, 2, 7, 2, 4, 3, 0, 10, 3, 8, 0, 1]
y_coordinates = [41, 42, 80, 62, 85, 77, 82, 75, 69, 75, 69, 63, 85, 64, 81, 56, 59, 75, 77, 62, 53, 51, 43, 57, 46]
x_dimensions = [2, 2, 4, 4, 4, 2, 2, 2, 4, 4, 2, 4, 1, 5, 3, 3, 5, 1, 1, 2, 5, 4, 7, 3, 2]
y_dimensions = [6, 3, 8, 26, 3, 11, 3, 10, 11, 2, 6, 12, 3, 5, 1, 8, 4, 6, 4, 7, 9, 8, 10, 2, 11]
minimum_height = 88
----------
x_coordinates = [6, 4, 6, 0, 11, 4, 13, 10, 6, 11, 13, 11, 10, 6, 12, 7, 2, 12, 10, 4, 10, 3, 8, 4, 0]
y_coordinates = [40, 84, 79, 61, 84, 73, 81, 74, 68, 72, 75, 60, 84, 63, 74, 55, 57, 78, 70, 66, 51, 49, 41, 61, 50]
x_dimensions = [2, 2, 4, 4, 4, 2, 2, 2, 4, 4, 2, 4, 1, 5, 3, 3, 5, 1, 1, 2, 5, 4, 7, 3, 2]
y_dimensions = [6, 3, 8, 26, 3, 11, 3, 10, 11, 2, 6, 12, 3, 5, 1, 8, 4, 6, 4, 7, 9, 8, 10, 2, 11]
minimum_height = 87
----------
x_coordinates = [6, 4, 7, 11, 3, 0, 3, 5, 7, 0, 0, 2, 2, 6, 2, 7, 2, 4, 3, 0, 10, 3, 8, 0, 1]
y_coordinates = [40, 41, 78, 60, 83, 75, 80, 73, 67, 73, 67, 61, 83, 62, 79, 54, 57, 73, 75, 60, 51, 49, 41, 55, 44]
x_dimensions = [2, 2, 4, 4, 4, 2, 2, 2, 4, 4, 2, 4, 1, 5, 3, 3, 5, 1, 1, 2, 5, 4, 7, 3, 2]
y_dimensions = [6, 3, 8, 26, 3, 11, 3, 10, 11, 2, 6, 12, 3, 5, 1, 8, 4, 6, 4, 7, 9, 8, 10, 2, 11]
minimum_height = 86
----------
x_coordinates = [6, 4, 6, 0, 11, 4, 13, 10, 6, 11, 13, 11, 10, 6, 12, 7, 2, 12, 10, 4, 10, 3, 8, 4, 0]
y_coordinates = [39, 82, 77, 59, 82, 71, 79, 72, 66, 70, 73, 58, 82, 61, 72, 53, 55, 76, 68, 64, 49, 47, 39, 59, 48]
x_dimensions = [2, 2, 4, 4, 4, 2, 2, 2, 4, 4, 2, 4, 1, 5, 3, 3, 5, 1, 1, 2, 5, 4, 7, 3, 2]
y_dimensions = [6, 3, 8, 26, 3, 11, 3, 10, 11, 2, 6, 12, 3, 5, 1, 8, 4, 6, 4, 7, 9, 8, 10, 2, 11]
minimum_height = 85
----------
x_coordinates = [6, 4, 7, 11, 3, 0, 3, 5, 7, 0, 0, 2, 2, 6, 2, 7, 2, 4, 3, 0, 10, 3, 8, 0, 1]
y_coordinates = [39, 40, 76, 58, 81, 73, 78, 71, 65, 71, 65, 59, 81, 60, 77, 52, 55, 71, 73, 58, 49, 47, 39, 53, 42]
x_dimensions = [2, 2, 4, 4, 4, 2, 2, 2, 4, 4, 2, 4, 1, 5, 3, 3, 5, 1, 1, 2, 5, 4, 7, 3, 2]
y_dimensions = [6, 3, 8, 26, 3, 11, 3, 10, 11, 2, 6, 12, 3, 5, 1, 8, 4, 6, 4, 7, 9, 8, 10, 2, 11]
minimum_height = 84
----------
x_coordinates = [6, 4, 6, 0, 11, 4, 13, 10, 6, 11, 13, 11, 10, 6, 12, 7, 2, 12, 10, 4, 10, 3, 8, 4, 0]
y_coordinates = [38, 80, 75, 57, 80, 69, 77, 70, 64, 68, 71, 56, 80, 59, 70, 51, 53, 74, 66, 62, 47, 45, 37, 57, 46]
x_dimensions = [2, 2, 4, 4, 4, 2, 2, 2, 4, 4, 2, 4, 1, 5, 3, 3, 5, 1, 1, 2, 5, 4, 7, 3, 2]
y_dimensions = [6, 3, 8, 26, 3, 11, 3, 10, 11, 2, 6, 12, 3, 5, 1, 8, 4, 6, 4, 7, 9, 8, 10, 2, 11]
minimum_height = 83
----------
x_coordinates = [6, 4, 7, 11, 3, 0, 3, 5, 7, 0, 0, 2, 2, 6, 2, 7, 2, 4, 3, 0, 10, 3, 8, 0, 1]
y_coordinates = [38, 39, 74, 56, 79, 71, 76, 69, 63, 69, 63, 57, 79, 58, 75, 50, 53, 69, 71, 56, 47, 45, 37, 51, 40]
x_dimensions = [2, 2, 4, 4, 4, 2, 2, 2, 4, 4, 2, 4, 1, 5, 3, 3, 5, 1, 1, 2, 5, 4, 7, 3, 2]
y_dimensions = [6, 3, 8, 26, 3, 11, 3, 10, 11, 2, 6, 12, 3, 5, 1, 8, 4, 6, 4, 7, 9, 8, 10, 2, 11]
minimum_height = 82
----------
x_coordinates = [6, 4, 6, 0, 11, 4, 13, 10, 6, 11, 13, 11, 10, 6, 12, 7, 2, 12, 10, 4, 10, 3, 8, 4, 0]
y_coordinates = [37, 78, 73, 55, 78, 67, 75, 68, 62, 66, 69, 54, 78, 57, 68, 49, 51, 72, 64, 60, 45, 43, 35, 55, 44]
x_dimensions = [2, 2, 4, 4, 4, 2, 2, 2, 4, 4, 2, 4, 1, 5, 3, 3, 5, 1, 1, 2, 5, 4, 7, 3, 2]
y_dimensions = [6, 3, 8, 26, 3, 11, 3, 10, 11, 2, 6, 12, 3, 5, 1, 8, 4, 6, 4, 7, 9, 8, 10, 2, 11]
minimum_height = 81
----------
x_coordinates = [6, 4, 7, 11, 3, 0, 3, 5, 7, 0, 0, 2, 2, 6, 2, 7, 2, 4, 3, 0, 10, 3, 8, 0, 1]
y_coordinates = [37, 38, 72, 54, 77, 69, 74, 67, 61, 67, 61, 55, 77, 56, 73, 48, 51, 67, 69, 54, 45, 43, 35, 49, 38]
x_dimensions = [2, 2, 4, 4, 4, 2, 2, 2, 4, 4, 2, 4, 1, 5, 3, 3, 5, 1, 1, 2, 5, 4, 7, 3, 2]
y_dimensions = [6, 3, 8, 26, 3, 11, 3, 10, 11, 2, 6, 12, 3, 5, 1, 8, 4, 6, 4, 7, 9, 8, 10, 2, 11]
minimum_height = 80
----------
x_coordinates = [6, 4, 6, 0, 11, 4, 13, 10, 6, 11, 13, 11, 10, 6, 12, 7, 2, 12, 10, 4, 10, 2, 8, 4, 0]
y_coordinates = [36, 76, 71, 53, 76, 65, 73, 66, 60, 64, 67, 52, 76, 55, 66, 47, 49, 70, 62, 58, 43, 41, 33, 53, 42]
x_dimensions = [2, 2, 4, 4, 4, 2, 2, 2, 4, 4, 2, 4, 1, 5, 3, 3, 5, 1, 1, 2, 5, 4, 7, 3, 2]
y_dimensions = [6, 3, 8, 26, 3, 11, 3, 10, 11, 2, 6, 12, 3, 5, 1, 8, 4, 6, 4, 7, 9, 8, 10, 2, 11]
minimum_height = 79
----------
x_coordinates = [6, 2, 7, 11, 3, 0, 3, 5, 7, 0, 0, 2, 2, 6, 2, 7, 2, 4, 3, 0, 10, 0, 8, 4, 4]
y_coordinates = [36, 37, 70, 52, 75, 67, 72, 65, 59, 65, 59, 53, 75, 54, 71, 46, 49, 65, 67, 52, 43, 41, 33, 47, 36]
x_dimensions = [2, 2, 4, 4, 4, 2, 2, 2, 4, 4, 2, 4, 1, 5, 3, 3, 5, 1, 1, 2, 5, 4, 7, 3, 2]
y_dimensions = [6, 3, 8, 26, 3, 11, 3, 10, 11, 2, 6, 12, 3, 5, 1, 8, 4, 6, 4, 7, 9, 8, 10, 2, 11]
minimum_height = 78
----------
x_coordinates = [6, 4, 6, 0, 11, 4, 13, 10, 6, 11, 13, 11, 10, 6, 12, 7, 2, 12, 10, 4, 10, 2, 8, 4, 0]
y_coordinates = [35, 74, 69, 51, 74, 63, 71, 64, 58, 62, 65, 50, 74, 53, 64, 45, 47, 68, 60, 56, 41, 39, 31, 51, 40]
x_dimensions = [2, 2, 4, 4, 4, 2, 2, 2, 4, 4, 2, 4, 1, 5, 3, 3, 5, 1, 1, 2, 5, 4, 7, 3, 2]
y_dimensions = [6, 3, 8, 26, 3, 11, 3, 10, 11, 2, 6, 12, 3, 5, 1, 8, 4, 6, 4, 7, 9, 8, 10, 2, 11]
minimum_height = 77
----------
x_coordinates = [6, 2, 7, 11, 3, 0, 3, 5, 7, 0, 0, 2, 2, 6, 2, 7, 2, 4, 3, 0, 10, 0, 8, 4, 4]
y_coordinates = [35, 36, 68, 50, 73, 65, 70, 63, 57, 63, 57, 51, 73, 52, 69, 44, 47, 63, 65, 50, 41, 39, 31, 45, 34]
x_dimensions = [2, 2, 4, 4, 4, 2, 2, 2, 4, 4, 2, 4, 1, 5, 3, 3, 5, 1, 1, 2, 5, 4, 7, 3, 2]
y_dimensions = [6, 3, 8, 26, 3, 11, 3, 10, 11, 2, 6, 12, 3, 5, 1, 8, 4, 6, 4, 7, 9, 8, 10, 2, 11]
minimum_height = 76
----------
x_coordinates = [6, 4, 6, 0, 11, 4, 13, 10, 6, 11, 13, 11, 10, 6, 12, 7, 2, 12, 10, 4, 10, 2, 8, 4, 0]
y_coordinates = [34, 72, 67, 49, 72, 61, 69, 62, 56, 60, 63, 48, 72, 51, 62, 43, 45, 66, 58, 54, 39, 37, 29, 49, 38]
x_dimensions = [2, 2, 4, 4, 4, 2, 2, 2, 4, 4, 2, 4, 1, 5, 3, 3, 5, 1, 1, 2, 5, 4, 7, 3, 2]
y_dimensions = [6, 3, 8, 26, 3, 11, 3, 10, 11, 2, 6, 12, 3, 5, 1, 8, 4, 6, 4, 7, 9, 8, 10, 2, 11]
minimum_height = 75
----------
x_coordinates = [6, 4, 7, 11, 3, 0, 3, 5, 7, 0, 0, 2, 2, 6, 2, 7, 2, 4, 3, 0, 10, 0, 8, 4, 2]
y_coordinates = [34, 35, 66, 48, 71, 63, 68, 61, 55, 61, 55, 49, 71, 50, 67, 42, 45, 61, 63, 48, 39, 37, 29, 43, 26]
x_dimensions = [2, 2, 4, 4, 4, 2, 2, 2, 4, 4, 2, 4, 1, 5, 3, 3, 5, 1, 1, 2, 5, 4, 7, 3, 2]
y_dimensions = [6, 3, 8, 26, 3, 11, 3, 10, 11, 2, 6, 12, 3, 5, 1, 8, 4, 6, 4, 7, 9, 8, 10, 2, 11]
minimum_height = 74
----------
x_coordinates = [6, 4, 6, 0, 11, 4, 13, 10, 6, 11, 13, 11, 10, 6, 12, 7, 2, 12, 10, 4, 10, 2, 8, 4, 0]
y_coordinates = [33, 70, 65, 47, 70, 59, 67, 60, 54, 58, 61, 46, 70, 49, 60, 41, 43, 64, 56, 52, 37, 35, 27, 47, 36]
x_dimensions = [2, 2, 4, 4, 4, 2, 2, 2, 4, 4, 2, 4, 1, 5, 3, 3, 5, 1, 1, 2, 5, 4, 7, 3, 2]
y_dimensions = [6, 3, 8, 26, 3, 11, 3, 10, 11, 2, 6, 12, 3, 5, 1, 8, 4, 6, 4, 7, 9, 8, 10, 2, 11]
minimum_height = 73
----------
x_coordinates = [6, 4, 7, 11, 3, 0, 3, 5, 7, 0, 0, 2, 2, 6, 2, 7, 2, 4, 3, 0, 10, 0, 8, 4, 2]
y_coordinates = [33, 34, 64, 46, 69, 61, 66, 59, 53, 59, 53, 47, 69, 48, 65, 40, 43, 59, 61, 46, 37, 35, 27, 41, 24]
x_dimensions = [2, 2, 4, 4, 4, 2, 2, 2, 4, 4, 2, 4, 1, 5, 3, 3, 5, 1, 1, 2, 5, 4, 7, 3, 2]
y_dimensions = [6, 3, 8, 26, 3, 11, 3, 10, 11, 2, 6, 12, 3, 5, 1, 8, 4, 6, 4, 7, 9, 8, 10, 2, 11]
minimum_height = 72
----------
x_coordinates = [6, 4, 6, 0, 11, 4, 13, 10, 6, 11, 13, 11, 10, 6, 12, 7, 2, 12, 10, 4, 10, 2, 8, 4, 0]
y_coordinates = [32, 68, 63, 45, 68, 57, 65, 58, 52, 56, 59, 44, 68, 47, 58, 39, 41, 62, 54, 50, 35, 33, 25, 45, 34]
x_dimensions = [2, 2, 4, 4, 4, 2, 2, 2, 4, 4, 2, 4, 1, 5, 3, 3, 5, 1, 1, 2, 5, 4, 7, 3, 2]
y_dimensions = [6, 3, 8, 26, 3, 11, 3, 10, 11, 2, 6, 12, 3, 5, 1, 8, 4, 6, 4, 7, 9, 8, 10, 2, 11]
minimum_height = 71
----------
x_coordinates = [6, 4, 7, 11, 3, 0, 3, 5, 7, 0, 0, 2, 2, 6, 2, 7, 2, 4, 3, 0, 10, 0, 8, 4, 4]
y_coordinates = [32, 33, 62, 44, 67, 59, 64, 57, 51, 57, 51, 45, 67, 46, 63, 38, 41, 57, 59, 44, 35, 33, 25, 39, 22]
x_dimensions = [2, 2, 4, 4, 4, 2, 2, 2, 4, 4, 2, 4, 1, 5, 3, 3, 5, 1, 1, 2, 5, 4, 7, 3, 2]
y_dimensions = [6, 3, 8, 26, 3, 11, 3, 10, 11, 2, 6, 12, 3, 5, 1, 8, 4, 6, 4, 7, 9, 8, 10, 2, 11]
minimum_height = 70
----------
x_coordinates = [6, 4, 6, 0, 11, 4, 13, 10, 6, 11, 13, 11, 10, 6, 12, 7, 2, 12, 10, 4, 10, 2, 8, 4, 0]
y_coordinates = [31, 66, 61, 43, 66, 55, 63, 56, 50, 54, 57, 42, 66, 45, 56, 37, 39, 60, 52, 48, 33, 31, 23, 43, 32]
x_dimensions = [2, 2, 4, 4, 4, 2, 2, 2, 4, 4, 2, 4, 1, 5, 3, 3, 5, 1, 1, 2, 5, 4, 7, 3, 2]
y_dimensions = [6, 3, 8, 26, 3, 11, 3, 10, 11, 2, 6, 12, 3, 5, 1, 8, 4, 6, 4, 7, 9, 8, 10, 2, 11]
minimum_height = 69
----------
x_coordinates = [4, 6, 7, 11, 3, 0, 3, 5, 7, 0, 0, 2, 2, 6, 2, 7, 2, 4, 3, 0, 10, 0, 8, 4, 6]
y_coordinates = [31, 32, 60, 42, 65, 57, 62, 55, 49, 55, 49, 43, 65, 44, 61, 36, 39, 55, 57, 42, 33, 31, 23, 37, 21]
x_dimensions = [2, 2, 4, 4, 4, 2, 2, 2, 4, 4, 2, 4, 1, 5, 3, 3, 5, 1, 1, 2, 5, 4, 7, 3, 2]
y_dimensions = [6, 3, 8, 26, 3, 11, 3, 10, 11, 2, 6, 12, 3, 5, 1, 8, 4, 6, 4, 7, 9, 8, 10, 2, 11]
minimum_height = 68
----------
x_coordinates = [4, 4, 6, 0, 11, 4, 13, 10, 6, 11, 13, 11, 10, 6, 12, 7, 2, 12, 10, 4, 10, 0, 8, 4, 6]
y_coordinates = [30, 64, 59, 41, 64, 53, 61, 54, 48, 52, 55, 40, 64, 43, 54, 35, 37, 58, 50, 46, 31, 29, 21, 41, 24]
x_dimensions = [2, 2, 4, 4, 4, 2, 2, 2, 4, 4, 2, 4, 1, 5, 3, 3, 5, 1, 1, 2, 5, 4, 7, 3, 2]
y_dimensions = [6, 3, 8, 26, 3, 11, 3, 10, 11, 2, 6, 12, 3, 5, 1, 8, 4, 6, 4, 7, 9, 8, 10, 2, 11]
minimum_height = 67
----------
x_coordinates = [5, 8, 7, 11, 3, 0, 3, 5, 7, 0, 0, 2, 2, 6, 2, 7, 2, 4, 3, 0, 10, 1, 8, 5, 3]
y_coordinates = [30, 31, 58, 40, 63, 55, 60, 53, 47, 53, 47, 41, 63, 42, 59, 34, 37, 53, 55, 40, 31, 29, 21, 28, 18]
x_dimensions = [2, 2, 4, 4, 4, 2, 2, 2, 4, 4, 2, 4, 1, 5, 3, 3, 5, 1, 1, 2, 5, 4, 7, 3, 2]
y_dimensions = [6, 3, 8, 26, 3, 11, 3, 10, 11, 2, 6, 12, 3, 5, 1, 8, 4, 6, 4, 7, 9, 8, 10, 2, 11]
minimum_height = 66
----------
x_coordinates = [4, 2, 0, 11, 0, 8, 9, 3, 11, 9, 4, 4, 14, 1, 12, 6, 4, 14, 13, 13, 9, 9, 2, 10, 8]
y_coordinates = [29, 59, 32, 15, 62, 28, 39, 7, 3, 52, 55, 17, 60, 50, 41, 53, 61, 49, 49, 42, 54, 44, 40, 42, 17]
x_dimensions = [2, 2, 4, 4, 4, 2, 2, 2, 4, 4, 2, 4, 1, 5, 3, 3, 5, 1, 1, 2, 5, 4, 7, 3, 2]
y_dimensions = [6, 3, 8, 26, 3, 11, 3, 10, 11, 2, 6, 12, 3, 5, 1, 8, 4, 6, 4, 7, 9, 8, 10, 2, 11]
minimum_height = 65
----------
x_coordinates = [1, 2, 11, 8, 9, 0, 13, 1, 3, 1, 9, 4, 13, 0, 8, 10, 5, 14, 14, 8, 10, 10, 2, 11, 3]
y_coordinates = [29, 24, 39, 0, 36, 44, 36, 0, 34, 60, 41, 22, 61, 55, 35, 56, 55, 58, 32, 28, 47, 26, 45, 34, 11]
x_dimensions = [2, 2, 4, 4, 4, 2, 2, 2, 4, 4, 2, 4, 1, 5, 3, 3, 5, 1, 1, 2, 5, 4, 7, 3, 2]
y_dimensions = [6, 3, 8, 26, 3, 11, 3, 10, 11, 2, 6, 12, 3, 5, 1, 8, 4, 6, 4, 7, 9, 8, 10, 2, 11]
minimum_height = 64
----------
x_coordinates = [1, 4, 11, 8, 4, 9, 5, 12, 0, 10, 3, 4, 6, 10, 12, 7, 0, 5, 1, 9, 10, 11, 2, 12, 0]
y_coordinates = [22, 21, 38, 1, 37, 31, 60, 7, 28, 27, 51, 25, 57, 58, 48, 55, 57, 53, 50, 42, 49, 30, 41, 46, 39]
x_dimensions = [2, 2, 4, 4, 4, 2, 2, 2, 4, 4, 2, 4, 1, 5, 3, 3, 5, 1, 1, 2, 5, 4, 7, 3, 2]
y_dimensions = [6, 3, 8, 26, 3, 11, 3, 10, 11, 2, 6, 12, 3, 5, 1, 8, 4, 6, 4, 7, 9, 8, 10, 2, 11]
minimum_height = 63
----------
x_coordinates = [1, 7, 5, 9, 1, 0, 13, 1, 3, 1, 5, 4, 14, 0, 8, 11, 6, 12, 14, 13, 7, 10, 8, 5, 2]
y_coordinates = [3, 26, 35, 18, 39, 43, 5, 9, 8, 55, 2, 43, 59, 57, 57, 54, 58, 4, 8, 37, 1, 10, 44, 56, 42]
x_dimensions = [2, 2, 4, 4, 4, 2, 2, 2, 4, 4, 2, 4, 1, 5, 3, 3, 5, 1, 1, 2, 5, 4, 7, 3, 2]
y_dimensions = [6, 3, 8, 26, 3, 11, 3, 10, 11, 2, 6, 12, 3, 5, 1, 8, 4, 6, 4, 7, 9, 8, 10, 2, 11]
minimum_height = 62
----------
x_coordinates = [5, 9, 5, 11, 1, 9, 3, 0, 5, 0, 3, 0, 0, 4, 2, 7, 10, 2, 4, 9, 0, 11, 2, 4, 9]
y_coordinates = [27, 58, 53, 35, 58, 47, 55, 48, 42, 46, 49, 34, 58, 37, 48, 29, 31, 52, 44, 40, 25, 23, 15, 35, 18]
x_dimensions = [2, 2, 4, 4, 4, 2, 2, 2, 4, 4, 2, 4, 1, 5, 3, 3, 5, 1, 1, 2, 5, 4, 7, 3, 2]
y_dimensions = [6, 3, 8, 26, 3, 11, 3, 10, 11, 2, 6, 12, 3, 5, 1, 8, 4, 6, 4, 7, 9, 8, 10, 2, 11]
minimum_height = 61
----------
x_coordinates = [5, 10, 11, 0, 7, 4, 7, 9, 11, 4, 4, 6, 6, 10, 6, 12, 7, 8, 7, 4, 0, 11, 1, 7, 8]
y_coordinates = [27, 28, 52, 34, 57, 49, 54, 47, 41, 47, 41, 35, 57, 36, 53, 28, 31, 47, 49, 34, 25, 20, 15, 29, 18]
x_dimensions = [2, 2, 4, 4, 4, 2, 2, 2, 4, 4, 2, 4, 1, 5, 3, 3, 5, 1, 1, 2, 5, 4, 7, 3, 2]
y_dimensions = [6, 3, 8, 26, 3, 11, 3, 10, 11, 2, 6, 12, 3, 5, 1, 8, 4, 6, 4, 7, 9, 8, 10, 2, 11]
minimum_height = 60
----------
x_coordinates = [5, 9, 5, 11, 1, 9, 3, 0, 5, 0, 3, 0, 0, 4, 2, 7, 10, 2, 4, 9, 0, 11, 2, 4, 9]
y_coordinates = [26, 56, 51, 33, 56, 45, 53, 46, 40, 44, 47, 32, 56, 35, 46, 27, 29, 50, 42, 38, 23, 21, 13, 33, 16]
x_dimensions = [2, 2, 4, 4, 4, 2, 2, 2, 4, 4, 2, 4, 1, 5, 3, 3, 5, 1, 1, 2, 5, 4, 7, 3, 2]
y_dimensions = [6, 3, 8, 26, 3, 11, 3, 10, 11, 2, 6, 12, 3, 5, 1, 8, 4, 6, 4, 7, 9, 8, 10, 2, 11]
minimum_height = 59
----------
x_coordinates = [5, 3, 11, 0, 7, 4, 7, 9, 11, 4, 4, 6, 6, 10, 6, 12, 7, 8, 7, 4, 7, 1, 8, 2, 5]
y_coordinates = [26, 27, 50, 32, 55, 47, 52, 45, 39, 45, 39, 33, 55, 34, 51, 26, 29, 45, 47, 32, 20, 19, 10, 30, 15]
x_dimensions = [2, 2, 4, 4, 4, 2, 2, 2, 4, 4, 2, 4, 1, 5, 3, 3, 5, 1, 1, 2, 5, 4, 7, 3, 2]
y_dimensions = [6, 3, 8, 26, 3, 11, 3, 10, 11, 2, 6, 12, 3, 5, 1, 8, 4, 6, 4, 7, 9, 8, 10, 2, 11]
minimum_height = 58
----------
x_coordinates = [5, 9, 5, 11, 1, 9, 3, 0, 5, 0, 3, 0, 0, 4, 2, 7, 10, 2, 4, 9, 0, 11, 2, 4, 9]
y_coordinates = [25, 54, 49, 31, 54, 43, 51, 44, 38, 42, 45, 30, 54, 33, 44, 25, 27, 48, 40, 36, 21, 19, 11, 31, 14]
x_dimensions = [2, 2, 4, 4, 4, 2, 2, 2, 4, 4, 2, 4, 1, 5, 3, 3, 5, 1, 1, 2, 5, 4, 7, 3, 2]
y_dimensions = [6, 3, 8, 26, 3, 11, 3, 10, 11, 2, 6, 12, 3, 5, 1, 8, 4, 6, 4, 7, 9, 8, 10, 2, 11]
minimum_height = 57
----------
x_coordinates = [5, 3, 11, 0, 7, 4, 7, 9, 11, 4, 9, 5, 6, 10, 6, 12, 7, 8, 7, 1, 7, 3, 8, 12, 1]
y_coordinates = [25, 26, 48, 30, 53, 45, 50, 43, 37, 43, 37, 31, 53, 32, 49, 24, 27, 43, 45, 23, 18, 17, 8, 22, 12]
x_dimensions = [2, 2, 4, 4, 4, 2, 2, 2, 4, 4, 2, 4, 1, 5, 3, 3, 5, 1, 1, 2, 5, 4, 7, 3, 2]
y_dimensions = [6, 3, 8, 26, 3, 11, 3, 10, 11, 2, 6, 12, 3, 5, 1, 8, 4, 6, 4, 7, 9, 8, 10, 2, 11]
minimum_height = 56
----------
x_coordinates = [2, 0, 2, 4, 2, 8, 13, 1, 0, 11, 11, 1, 10, 6, 12, 12, 9, 1, 14, 10, 10, 11, 8, 11, 6]
y_coordinates = [15, 42, 44, 18, 52, 43, 30, 21, 31, 12, 6, 3, 52, 10, 52, 14, 2, 49, 2, 15, 43, 22, 33, 53, 44]
x_dimensions = [2, 2, 4, 4, 4, 2, 2, 2, 4, 4, 2, 4, 1, 5, 3, 3, 5, 1, 1, 2, 5, 4, 7, 3, 2]
y_dimensions = [6, 3, 8, 26, 3, 11, 3, 10, 11, 2, 6, 12, 3, 5, 1, 8, 4, 6, 4, 7, 9, 8, 10, 2, 11]
minimum_height = 55
----------
x_coordinates = [6, 0, 2, 11, 8, 9, 2, 1, 6, 10, 3, 5, 0, 6, 0, 0, 9, 2, 1, 9, 10, 11, 3, 8, 3]
y_coordinates = [9, 42, 36, 17, 0, 22, 11, 14, 33, 52, 19, 21, 50, 16, 53, 24, 12, 47, 49, 3, 43, 4, 44, 10, 25]
x_dimensions = [2, 2, 4, 4, 4, 2, 2, 2, 4, 4, 2, 4, 1, 5, 3, 3, 5, 1, 1, 2, 5, 4, 7, 3, 2]
y_dimensions = [6, 3, 8, 26, 3, 11, 3, 10, 11, 2, 6, 12, 3, 5, 1, 8, 4, 6, 4, 7, 9, 8, 10, 2, 11]
minimum_height = 54
----------
x_coordinates = [6, 3, 3, 0, 11, 9, 13, 7, 11, 11, 9, 11, 11, 4, 12, 6, 6, 8, 14, 12, 6, 10, 5, 3, 4]
y_coordinates = [21, 10, 13, 23, 47, 29, 19, 11, 36, 22, 23, 24, 50, 27, 52, 32, 40, 21, 8, 4, 44, 11, 1, 51, 35]
x_dimensions = [2, 2, 4, 4, 4, 2, 2, 2, 4, 4, 2, 4, 1, 5, 3, 3, 5, 1, 1, 2, 5, 4, 7, 3, 2]
y_dimensions = [6, 3, 8, 26, 3, 11, 3, 10, 11, 2, 6, 12, 3, 5, 1, 8, 4, 6, 4, 7, 9, 8, 10, 2, 11]
minimum_height = 53
----------
x_coordinates = [2, 7, 4, 0, 11, 9, 13, 8, 7, 9, 6, 11, 14, 4, 12, 11, 9, 14, 5, 0, 10, 1, 6, 4, 13]
y_coordinates = [11, 0, 14, 26, 49, 30, 12, 15, 41, 13, 24, 37, 34, 33, 0, 29, 25, 28, 6, 10, 16, 0, 3, 50, 1]
x_dimensions = [2, 2, 4, 4, 4, 2, 2, 2, 4, 4, 2, 4, 1, 5, 3, 3, 5, 1, 1, 2, 5, 4, 7, 3, 2]
y_dimensions = [6, 3, 8, 26, 3, 11, 3, 10, 11, 2, 6, 12, 3, 5, 1, 8, 4, 6, 4, 7, 9, 8, 10, 2, 11]
minimum_height = 52
----------
x_coordinates = [6, 4, 6, 0, 0, 9, 13, 8, 7, 3, 4, 11, 14, 4, 10, 12, 10, 11, 1, 5, 10, 2, 6, 4, 13]
y_coordinates = [12, 20, 0, 20, 48, 29, 27, 8, 40, 46, 23, 39, 24, 29, 28, 31, 0, 29, 3, 38, 4, 6, 18, 49, 13]
x_dimensions = [2, 2, 4, 4, 4, 2, 2, 2, 4, 4, 2, 4, 1, 5, 3, 3, 5, 1, 1, 2, 5, 4, 7, 3, 2]
y_dimensions = [6, 3, 8, 26, 3, 11, 3, 10, 11, 2, 6, 12, 3, 5, 1, 8, 4, 6, 4, 7, 9, 8, 10, 2, 11]
minimum_height = 51
----------
x_coordinates = [6, 11, 5, 0, 4, 10, 13, 9, 3, 6, 11, 1, 14, 6, 12, 12, 5, 13, 9, 4, 9, 11, 8, 0, 7]
y_coordinates = [5, 16, 11, 1, 24, 30, 29, 9, 39, 31, 1, 27, 4, 0, 40, 32, 34, 0, 5, 4, 41, 7, 19, 47, 38]
x_dimensions = [2, 2, 4, 4, 4, 2, 2, 2, 4, 4, 2, 4, 1, 5, 3, 3, 5, 1, 1, 2, 5, 4, 7, 3, 2]
y_dimensions = [6, 3, 8, 26, 3, 11, 3, 10, 11, 2, 6, 12, 3, 5, 1, 8, 4, 6, 4, 7, 9, 8, 10, 2, 11]
minimum_height = 50
----------
x_coordinates = [6, 10, 0, 2, 3, 13, 0, 9, 9, 3, 7, 11, 14, 4, 12, 0, 6, 13, 8, 2, 10, 11, 4, 7, 8]
y_coordinates = [21, 23, 26, 0, 37, 38, 46, 0, 38, 40, 37, 26, 9, 44, 25, 34, 10, 8, 6, 42, 14, 0, 27, 14, 16]
x_dimensions = [2, 2, 4, 4, 4, 2, 2, 2, 4, 4, 2, 4, 1, 5, 3, 3, 5, 1, 1, 2, 5, 4, 7, 3, 2]
y_dimensions = [6, 3, 8, 26, 3, 11, 3, 10, 11, 2, 6, 12, 3, 5, 1, 8, 4, 6, 4, 7, 9, 8, 10, 2, 11]
minimum_height = 49
----------
x_coordinates = [6, 11, 4, 2, 5, 0, 10, 13, 11, 8, 9, 0, 6, 5, 8, 12, 10, 7, 0, 8, 10, 1, 6, 9, 8]
y_coordinates = [19, 32, 40, 8, 37, 18, 4, 8, 35, 46, 39, 34, 26, 2, 45, 0, 28, 25, 6, 19, 19, 0, 9, 7, 26]
x_dimensions = [2, 2, 4, 4, 4, 2, 2, 2, 4, 4, 2, 4, 1, 5, 3, 3, 5, 1, 1, 2, 5, 4, 7, 3, 2]
y_dimensions = [6, 3, 8, 26, 3, 11, 3, 10, 11, 2, 6, 12, 3, 5, 1, 8, 4, 6, 4, 7, 9, 8, 10, 2, 11]
minimum_height = 48
----------
x_coordinates = [6, 13, 11, 2, 10, 0, 13, 0, 7, 11, 1, 1, 13, 10, 10, 12, 5, 14, 4, 11, 8, 7, 5, 5, 13]
y_coordinates = [7, 6, 22, 6, 0, 23, 30, 13, 13, 20, 0, 35, 3, 42, 3, 33, 0, 0, 1, 13, 4, 24, 32, 4, 9]
x_dimensions = [2, 2, 4, 4, 4, 2, 2, 2, 4, 4, 2, 4, 1, 5, 3, 3, 5, 1, 1, 2, 5, 4, 7, 3, 2]
y_dimensions = [6, 3, 8, 26, 3, 11, 3, 10, 11, 2, 6, 12, 3, 5, 1, 8, 4, 6, 4, 7, 9, 8, 10, 2, 11]
minimum_height = 47
----------
x_coordinates = [4, 13, 4, 0, 11, 8, 11, 13, 4, 8, 13, 9, 10, 10, 10, 6, 0, 12, 11, 13, 5, 0, 4, 10, 11]
y_coordinates = [20, 21, 38, 20, 43, 35, 40, 33, 27, 33, 27, 21, 43, 16, 39, 19, 16, 33, 35, 9, 10, 8, 0, 14, 3]
x_dimensions = [2, 2, 4, 4, 4, 2, 2, 2, 4, 4, 2, 4, 1, 5, 3, 3, 5, 1, 1, 2, 5, 4, 7, 3, 2]
y_dimensions = [6, 3, 8, 26, 3, 11, 3, 10, 11, 2, 6, 12, 3, 5, 1, 8, 4, 6, 4, 7, 9, 8, 10, 2, 11]
minimum_height = 46
----------
x_coordinates = [3, 12, 11, 0, 10, 8, 13, 4, 9, 11, 6, 0, 2, 10, 12, 12, 7, 14, 13, 0, 4, 7, 5, 5, 5]
y_coordinates = [1, 0, 5, 7, 31, 24, 42, 25, 13, 24, 29, 33, 3, 26, 3, 34, 0, 18, 20, 0, 12, 4, 35, 23, 1]
x_dimensions = [2, 2, 4, 4, 4, 2, 2, 2, 4, 4, 2, 4, 1, 5, 3, 3, 5, 1, 1, 2, 5, 4, 7, 3, 2]
y_dimensions = [6, 3, 8, 26, 3, 11, 3, 10, 11, 2, 6, 12, 3, 5, 1, 8, 4, 6, 4, 7, 9, 8, 10, 2, 11]
minimum_height = 45
----------
x_coordinates = [5, 3, 0, 11, 5, 9, 7, 4, 0, 7, 5, 7, 4, 0, 6, 5, 0, 6, 8, 8, 10, 11, 1, 2, 8]
y_coordinates = [19, 20, 36, 18, 41, 33, 38, 31, 25, 31, 25, 19, 41, 15, 37, 11, 11, 31, 33, 12, 9, 1, 1, 23, 1]
x_dimensions = [2, 2, 4, 4, 4, 2, 2, 2, 4, 4, 2, 4, 1, 5, 3, 3, 5, 1, 1, 2, 5, 4, 7, 3, 2]
y_dimensions = [6, 3, 8, 26, 3, 11, 3, 10, 11, 2, 6, 12, 3, 5, 1, 8, 4, 6, 4, 7, 9, 8, 10, 2, 11]
minimum_height = 44
----------
x_coordinates = [4, 9, 11, 0, 5, 9, 7, 4, 11, 5, 7, 6, 4, 10, 6, 12, 5, 6, 4, 10, 0, 1, 5, 10, 13]
y_coordinates = [18, 40, 35, 17, 40, 29, 37, 30, 24, 28, 31, 16, 40, 19, 30, 11, 12, 34, 26, 12, 8, 0, 2, 0, 0]
x_dimensions = [2, 2, 4, 4, 4, 2, 2, 2, 4, 4, 2, 4, 1, 5, 3, 3, 5, 1, 1, 2, 5, 4, 7, 3, 2]
y_dimensions = [6, 3, 8, 26, 3, 11, 3, 10, 11, 2, 6, 12, 3, 5, 1, 8, 4, 6, 4, 7, 9, 8, 10, 2, 11]
minimum_height = 43
----------
x_coordinates = [6, 4, 0, 11, 5, 9, 7, 4, 0, 7, 4, 0, 4, 6, 6, 8, 10, 14, 6, 8, 7, 4, 0, 6, 12]
y_coordinates = [18, 19, 34, 16, 39, 31, 36, 29, 23, 29, 23, 11, 39, 24, 35, 16, 12, 6, 29, 9, 0, 10, 0, 33, 1]
x_dimensions = [2, 2, 4, 4, 4, 2, 2, 2, 4, 4, 2, 4, 1, 5, 3, 3, 5, 1, 1, 2, 5, 4, 7, 3, 2]
y_dimensions = [6, 3, 8, 26, 3, 11, 3, 10, 11, 2, 6, 12, 3, 5, 1, 8, 4, 6, 4, 7, 9, 8, 10, 2, 11]
minimum_height = 42
----------
x_coordinates = [6, 4, 9, 0, 5, 7, 9, 13, 5, 1, 13, 11, 9, 10, 10, 4, 0, 8, 9, 11, 0, 11, 4, 4, 9]
y_coordinates = [14, 16, 33, 15, 0, 30, 17, 31, 3, 0, 25, 13, 30, 0, 32, 30, 11, 14, 2, 25, 2, 5, 20, 39, 6]
x_dimensions = [2, 2, 4, 4, 4, 2, 2, 2, 4, 4, 2, 4, 1, 5, 3, 3, 5, 1, 1, 2, 5, 4, 7, 3, 2]
y_dimensions = [6, 3, 8, 26, 3, 11, 3, 10, 11, 2, 6, 12, 3, 5, 1, 8, 4, 6, 4, 7, 9, 8, 10, 2, 11]
minimum_height = 41
----------
x_coordinates = [2, 0, 11, 2, 6, 9, 0, 0, 6, 4, 2, 4, 8, 10, 8, 6, 6, 0, 1, 0, 10, 11, 8, 1, 0]
y_coordinates = [8, 30, 10, 14, 37, 11, 27, 17, 26, 12, 2, 0, 11, 35, 10, 14, 22, 0, 2, 33, 26, 18, 0, 0, 6]
x_dimensions = [2, 2, 4, 4, 4, 2, 2, 2, 4, 4, 2, 4, 1, 5, 3, 3, 5, 1, 1, 2, 5, 4, 7, 3, 2]
y_dimensions = [6, 3, 8, 26, 3, 11, 3, 10, 11, 2, 6, 12, 3, 5, 1, 8, 4, 6, 4, 7, 9, 8, 10, 2, 11]
minimum_height = 40
----------
==========
%%%mzn-stat: nodes=24295
%%%mzn-stat: failures=10139
%%%mzn-stat: restarts=305
%%%mzn-stat: variables=7242
%%%mzn-stat: intVars=115
%%%mzn-stat: boolVariables=7125
%%%mzn-stat: propagators=2625
%%%mzn-stat: propagations=6558472
%%%mzn-stat: peakDepth=131
%%%mzn-stat: nogoods=10139
%%%mzn-stat: backjumps=4897
%%%mzn-stat: peakMem=0.00
%%%mzn-stat: time=1.938
%%%mzn-stat: initTime=0.029
%%%mzn-stat: solveTime=1.909
%%%mzn-stat: objective=40
%%%mzn-stat: optTime=1.909
%%%mzn-stat: baseMem=0.00
%%%mzn-stat: trailMem=0.04
%%%mzn-stat: randomSeed=1657200230
