x_coordinates = [6, 0, 3, 9, 0, 2, 9, 12, 2, 2, 6, 4, 0, 3, 9, 2, 0, 0, 5, 3, 1, 7, 0, 1, 8]
y_coordinates = [44, 47, 56, 56, 63, 66, 66, 55, 70, 75, 62, 65, 68, 72, 71, 79, 85, 80, 81, 82, 85, 83, 88, 88, 83]
x_dimensions = [3, 3, 3, 3, 2, 2, 3, 3, 1, 1, 3, 2, 2, 6, 6, 1, 1, 2, 2, 2, 2, 1, 1, 7, 7]
y_dimensions = [5, 16, 9, 10, 5, 4, 5, 16, 5, 4, 10, 7, 12, 9, 12, 6, 3, 5, 7, 6, 3, 5, 7, 7, 12]
minimum_height = 95
----------
x_coordinates = [6, 6, 3, 12, 1, 10, 9, 0, 0, 9, 3, 10, 13, 6, 0, 9, 12, 13, 6, 11, 9, 12, 12, 8, 1]
y_coordinates = [44, 78, 85, 84, 89, 90, 85, 73, 89, 90, 75, 78, 72, 69, 61, 79, 81, 67, 62, 63, 66, 76, 69, 56, 49]
x_dimensions = [3, 3, 3, 3, 2, 2, 3, 3, 1, 1, 3, 2, 2, 6, 6, 1, 1, 2, 2, 2, 2, 1, 1, 7, 7]
y_dimensions = [5, 16, 9, 10, 5, 4, 5, 16, 5, 4, 10, 7, 12, 9, 12, 6, 3, 5, 7, 6, 3, 5, 7, 7, 12]
minimum_height = 94
----------
x_coordinates = [5, 9, 3, 6, 8, 6, 2, 0, 8, 5, 12, 10, 13, 1, 7, 4, 3, 6, 12, 11, 0, 12, 14, 3, 0]
y_coordinates = [32, 77, 76, 78, 72, 74, 71, 76, 88, 89, 75, 70, 63, 55, 52, 87, 90, 88, 85, 64, 70, 70, 86, 64, 41]
x_dimensions = [3, 3, 3, 3, 2, 2, 3, 3, 1, 1, 3, 2, 2, 6, 6, 1, 1, 2, 2, 2, 2, 1, 1, 7, 7]
y_dimensions = [5, 16, 9, 10, 5, 4, 5, 16, 5, 4, 10, 7, 12, 9, 12, 6, 3, 5, 7, 6, 3, 5, 7, 7, 12]
minimum_height = 93
----------
x_coordinates = [4, 10, 7, 4, 5, 11, 2, 1, 5, 1, 1, 13, 12, 3, 9, 11, 6, 12, 13, 13, 2, 14, 6, 8, 4]
y_coordinates = [24, 72, 79, 70, 86, 88, 87, 71, 65, 88, 61, 85, 18, 52, 48, 29, 31, 33, 72, 79, 36, 60, 63, 65, 34]
x_dimensions = [3, 3, 3, 3, 2, 2, 3, 3, 1, 1, 3, 2, 2, 6, 6, 1, 1, 2, 2, 2, 2, 1, 1, 7, 7]
y_dimensions = [5, 16, 9, 10, 5, 4, 5, 16, 5, 4, 10, 7, 12, 9, 12, 6, 3, 5, 7, 6, 3, 5, 7, 7, 12]
minimum_height = 92
----------
x_coordinates = [0, 2, 5, 6, 0, 11, 8, 12, 1, 5, 9, 0, 11, 1, 8, 12, 0, 13, 0, 4, 0, 0, 8, 8, 1]
y_coordinates = [42, 75, 82, 69, 78, 87, 86, 71, 66, 75, 76, 84, 36, 51, 49, 30, 29, 34, 71, 67, 38, 54, 79, 62, 22]
x_dimensions = [3, 3, 3, 3, 2, 2, 3, 3, 1, 1, 3, 2, 2, 6, 6, 1, 1, 2, 2, 2, 2, 1, 1, 7, 7]
y_dimensions = [5, 16, 9, 10, 5, 4, 5, 16, 5, 4, 10, 7, 12, 9, 12, 6, 3, 5, 7, 6, 3, 5, 7, 7, 12]
minimum_height = 91
----------
x_coordinates = [5, 0, 6, 9, 7, 13, 3, 12, 11, 13, 9, 4, 13, 4, 5, 14, 12, 13, 4, 7, 13, 6, 11, 8, 4]
y_coordinates = [17, 73, 79, 80, 74, 86, 78, 70, 18, 57, 70, 83, 41, 40, 49, 53, 87, 36, 71, 68, 32, 73, 52, 61, 22]
x_dimensions = [3, 3, 3, 3, 2, 2, 3, 3, 1, 1, 3, 2, 2, 6, 6, 1, 1, 2, 2, 2, 2, 1, 1, 7, 7]
y_dimensions = [5, 16, 9, 10, 5, 4, 5, 16, 5, 4, 10, 7, 12, 9, 12, 6, 3, 5, 7, 6, 3, 5, 7, 7, 12]
minimum_height = 90
----------
x_coordinates = [1, 2, 7, 8, 0, 0, 5, 11, 14, 14, 10, 5, 10, 9, 5, 12, 5, 13, 13, 6, 10, 14, 12, 1, 7]
y_coordinates = [35, 73, 80, 70, 78, 85, 75, 71, 79, 68, 60, 82, 42, 9, 30, 53, 58, 53, 58, 69, 54, 74, 46, 62, 18]
x_dimensions = [3, 3, 3, 3, 2, 2, 3, 3, 1, 1, 3, 2, 2, 6, 6, 1, 1, 2, 2, 2, 2, 1, 1, 7, 7]
y_dimensions = [5, 16, 9, 10, 5, 4, 5, 16, 5, 4, 10, 7, 12, 9, 12, 6, 3, 5, 7, 6, 3, 5, 7, 7, 12]
minimum_height = 89
----------
x_coordinates = [6, 3, 8, 9, 6, 6, 8, 12, 2, 12, 10, 1, 13, 4, 9, 12, 1, 10, 11, 10, 2, 11, 12, 2, 0]
y_coordinates = [26, 72, 79, 64, 78, 84, 74, 72, 75, 50, 54, 81, 49, 53, 32, 44, 71, 49, 15, 23, 54, 82, 7, 65, 33]
x_dimensions = [3, 3, 3, 3, 2, 2, 3, 3, 1, 1, 3, 2, 2, 6, 6, 1, 1, 2, 2, 2, 2, 1, 1, 7, 7]
y_dimensions = [5, 16, 9, 10, 5, 4, 5, 16, 5, 4, 10, 7, 12, 9, 12, 6, 3, 5, 7, 6, 3, 5, 7, 7, 12]
minimum_height = 88
----------
x_coordinates = [0, 6, 0, 9, 13, 4, 3, 12, 12, 11, 11, 9, 13, 6, 5, 14, 2, 13, 0, 2, 2, 13, 11, 6, 8]
y_coordinates = [37, 69, 68, 77, 66, 74, 65, 71, 57, 73, 39, 69, 49, 53, 38, 34, 65, 61, 77, 81, 56, 30, 32, 62, 17]
x_dimensions = [3, 3, 3, 3, 2, 2, 3, 3, 1, 1, 3, 2, 2, 6, 6, 1, 1, 2, 2, 2, 2, 1, 1, 7, 7]
y_dimensions = [5, 16, 9, 10, 5, 4, 5, 16, 5, 4, 10, 7, 12, 9, 12, 6, 3, 5, 7, 6, 3, 5, 7, 7, 12]
minimum_height = 87
----------
x_coordinates = [5, 6, 9, 0, 13, 4, 3, 12, 12, 3, 9, 4, 1, 3, 9, 3, 0, 1, 7, 5, 3, 0, 0, 0, 8]
y_coordinates = [40, 70, 77, 76, 81, 82, 77, 65, 81, 82, 67, 70, 64, 61, 53, 71, 73, 59, 54, 55, 58, 68, 61, 48, 41]
x_dimensions = [3, 3, 3, 3, 2, 2, 3, 3, 1, 1, 3, 2, 2, 6, 6, 1, 1, 2, 2, 2, 2, 1, 1, 7, 7]
y_dimensions = [5, 16, 9, 10, 5, 4, 5, 16, 5, 4, 10, 7, 12, 9, 12, 6, 3, 5, 7, 6, 3, 5, 7, 7, 12]
minimum_height = 86
----------
x_coordinates = [5, 2, 12, 6, 10, 1, 3, 0, 9, 0, 3, 10, 13, 7, 0, 9, 12, 3, 13, 11, 5, 6, 6, 6, 8]
y_coordinates = [40, 34, 76, 75, 80, 81, 80, 65, 80, 81, 70, 73, 64, 64, 53, 74, 73, 65, 57, 58, 67, 70, 60, 51, 39]
x_dimensions = [3, 3, 3, 3, 2, 2, 3, 3, 1, 1, 3, 2, 2, 6, 6, 1, 1, 2, 2, 2, 2, 1, 1, 7, 7]
y_dimensions = [5, 16, 9, 10, 5, 4, 5, 16, 5, 4, 10, 7, 12, 9, 12, 6, 3, 5, 7, 6, 3, 5, 7, 7, 12]
minimum_height = 85
----------
x_coordinates = [5, 6, 9, 0, 13, 4, 3, 12, 12, 3, 9, 4, 1, 3, 9, 3, 0, 1, 7, 5, 3, 0, 0, 0, 8]
y_coordinates = [39, 68, 75, 74, 79, 80, 75, 63, 79, 80, 65, 68, 62, 59, 51, 69, 71, 57, 52, 53, 56, 66, 59, 46, 39]
x_dimensions = [3, 3, 3, 3, 2, 2, 3, 3, 1, 1, 3, 2, 2, 6, 6, 1, 1, 2, 2, 2, 2, 1, 1, 7, 7]
y_dimensions = [5, 16, 9, 10, 5, 4, 5, 16, 5, 4, 10, 7, 12, 9, 12, 6, 3, 5, 7, 6, 3, 5, 7, 7, 12]
minimum_height = 84
----------
x_coordinates = [5, 2, 12, 6, 10, 1, 3, 0, 9, 0, 3, 10, 13, 7, 0, 9, 12, 3, 13, 11, 5, 6, 6, 6, 8]
y_coordinates = [39, 33, 74, 73, 78, 79, 78, 63, 78, 79, 68, 71, 62, 62, 51, 72, 71, 63, 55, 56, 65, 68, 58, 49, 37]
x_dimensions = [3, 3, 3, 3, 2, 2, 3, 3, 1, 1, 3, 2, 2, 6, 6, 1, 1, 2, 2, 2, 2, 1, 1, 7, 7]
y_dimensions = [5, 16, 9, 10, 5, 4, 5, 16, 5, 4, 10, 7, 12, 9, 12, 6, 3, 5, 7, 6, 3, 5, 7, 7, 12]
minimum_height = 83
----------
x_coordinates = [5, 6, 9, 0, 13, 4, 3, 12, 12, 3, 9, 4, 1, 3, 9, 3, 0, 1, 7, 5, 3, 0, 0, 0, 8]
y_coordinates = [38, 66, 73, 72, 77, 78, 73, 61, 77, 78, 63, 66, 60, 57, 49, 67, 69, 55, 50, 51, 54, 64, 57, 44, 37]
x_dimensions = [3, 3, 3, 3, 2, 2, 3, 3, 1, 1, 3, 2, 2, 6, 6, 1, 1, 2, 2, 2, 2, 1, 1, 7, 7]
y_dimensions = [5, 16, 9, 10, 5, 4, 5, 16, 5, 4, 10, 7, 12, 9, 12, 6, 3, 5, 7, 6, 3, 5, 7, 7, 12]
minimum_height = 82
----------
x_coordinates = [5, 2, 12, 6, 10, 1, 3, 0, 9, 0, 3, 10, 13, 7, 0, 9, 12, 3, 13, 11, 5, 6, 6, 6, 8]
y_coordinates = [38, 32, 72, 71, 76, 77, 76, 61, 76, 77, 66, 69, 60, 60, 49, 70, 69, 61, 53, 54, 63, 66, 56, 47, 35]
x_dimensions = [3, 3, 3, 3, 2, 2, 3, 3, 1, 1, 3, 2, 2, 6, 6, 1, 1, 2, 2, 2, 2, 1, 1, 7, 7]
y_dimensions = [5, 16, 9, 10, 5, 4, 5, 16, 5, 4, 10, 7, 12, 9, 12, 6, 3, 5, 7, 6, 3, 5, 7, 7, 12]
minimum_height = 81
----------
x_coordinates = [5, 6, 9, 0, 13, 4, 3, 12, 12, 3, 9, 4, 1, 3, 9, 3, 0, 1, 7, 5, 3, 0, 0, 0, 8]
y_coordinates = [37, 64, 71, 70, 75, 76, 71, 59, 75, 76, 61, 64, 58, 55, 47, 65, 67, 53, 48, 49, 52, 62, 55, 42, 35]
x_dimensions = [3, 3, 3, 3, 2, 2, 3, 3, 1, 1, 3, 2, 2, 6, 6, 1, 1, 2, 2, 2, 2, 1, 1, 7, 7]
y_dimensions = [5, 16, 9, 10, 5, 4, 5, 16, 5, 4, 10, 7, 12, 9, 12, 6, 3, 5, 7, 6, 3, 5, 7, 7, 12]
minimum_height = 80
----------
x_coordinates = [5, 2, 12, 6, 10, 1, 3, 0, 9, 0, 3, 10, 13, 7, 0, 9, 12, 3, 13, 11, 5, 6, 6, 6, 8]
y_coordinates = [37, 31, 70, 69, 74, 75, 74, 59, 74, 75, 64, 67, 58, 58, 47, 68, 67, 59, 51, 52, 61, 64, 54, 45, 33]
x_dimensions = [3, 3, 3, 3, 2, 2, 3, 3, 1, 1, 3, 2, 2, 6, 6, 1, 1, 2, 2, 2, 2, 1, 1, 7, 7]
y_dimensions = [5, 16, 9, 10, 5, 4, 5, 16, 5, 4, 10, 7, 12, 9, 12, 6, 3, 5, 7, 6, 3, 5, 7, 7, 12]
minimum_height = 79
----------
x_coordinates = [3, 12, 9, 6, 4, 1, 0, 3, 3, 0, 0, 10, 7, 9, 0, 9, 6, 7, 13, 11, 9, 6, 6, 6, 8]
y_coordinates = [36, 62, 69, 68, 73, 74, 69, 57, 73, 74, 59, 62, 56, 53, 45, 63, 65, 51, 46, 47, 50, 60, 53, 40, 28]
x_dimensions = [3, 3, 3, 3, 2, 2, 3, 3, 1, 1, 3, 2, 2, 6, 6, 1, 1, 2, 2, 2, 2, 1, 1, 7, 7]
y_dimensions = [5, 16, 9, 10, 5, 4, 5, 16, 5, 4, 10, 7, 12, 9, 12, 6, 3, 5, 7, 6, 3, 5, 7, 7, 12]
minimum_height = 78
----------
x_coordinates = [2, 3, 0, 9, 0, 11, 3, 12, 10, 13, 11, 3, 13, 6, 6, 5, 14, 5, 12, 1, 2, 2, 6, 7, 1]
y_coordinates = [35, 45, 60, 43, 69, 66, 68, 50, 65, 66, 33, 61, 20, 53, 21, 31, 69, 62, 10, 52, 40, 71, 67, 70, 9]
x_dimensions = [3, 3, 3, 3, 2, 2, 3, 3, 1, 1, 3, 2, 2, 6, 6, 1, 1, 2, 2, 2, 2, 1, 1, 7, 7]
y_dimensions = [5, 16, 9, 10, 5, 4, 5, 16, 5, 4, 10, 7, 12, 9, 12, 6, 3, 5, 7, 6, 3, 5, 7, 7, 12]
minimum_height = 77
----------
x_coordinates = [3, 12, 9, 6, 4, 1, 0, 3, 3, 0, 0, 10, 7, 9, 0, 9, 6, 7, 13, 11, 9, 6, 6, 6, 8]
y_coordinates = [35, 60, 67, 66, 71, 72, 67, 55, 71, 72, 57, 60, 54, 51, 43, 61, 63, 49, 44, 45, 48, 58, 51, 38, 26]
x_dimensions = [3, 3, 3, 3, 2, 2, 3, 3, 1, 1, 3, 2, 2, 6, 6, 1, 1, 2, 2, 2, 2, 1, 1, 7, 7]
y_dimensions = [5, 16, 9, 10, 5, 4, 5, 16, 5, 4, 10, 7, 12, 9, 12, 6, 3, 5, 7, 6, 3, 5, 7, 7, 12]
minimum_height = 76
----------
x_coordinates = [5, 2, 0, 6, 10, 13, 3, 12, 9, 12, 9, 4, 0, 2, 9, 3, 2, 10, 6, 4, 8, 8, 8, 8, 8]
y_coordinates = [35, 29, 66, 65, 70, 71, 70, 55, 70, 71, 60, 63, 54, 54, 43, 64, 63, 55, 47, 48, 57, 60, 50, 36, 24]
x_dimensions = [3, 3, 3, 3, 2, 2, 3, 3, 1, 1, 3, 2, 2, 6, 6, 1, 1, 2, 2, 2, 2, 1, 1, 7, 7]
y_dimensions = [5, 16, 9, 10, 5, 4, 5, 16, 5, 4, 10, 7, 12, 9, 12, 6, 3, 5, 7, 6, 3, 5, 7, 7, 12]
minimum_height = 75
----------
x_coordinates = [3, 12, 9, 6, 4, 1, 0, 3, 3, 0, 0, 10, 7, 9, 0, 9, 6, 7, 13, 11, 9, 6, 6, 6, 8]
y_coordinates = [34, 58, 65, 64, 69, 70, 65, 53, 69, 70, 55, 58, 52, 49, 41, 59, 61, 47, 42, 43, 46, 56, 49, 36, 24]
x_dimensions = [3, 3, 3, 3, 2, 2, 3, 3, 1, 1, 3, 2, 2, 6, 6, 1, 1, 2, 2, 2, 2, 1, 1, 7, 7]
y_dimensions = [5, 16, 9, 10, 5, 4, 5, 16, 5, 4, 10, 7, 12, 9, 12, 6, 3, 5, 7, 6, 3, 5, 7, 7, 12]
minimum_height = 74
----------
x_coordinates = [5, 2, 0, 6, 10, 13, 3, 12, 9, 12, 9, 4, 0, 2, 9, 3, 2, 10, 6, 4, 8, 8, 8, 8, 8]
y_coordinates = [34, 28, 64, 63, 68, 69, 68, 53, 68, 69, 58, 61, 52, 52, 41, 62, 61, 53, 45, 46, 55, 58, 48, 34, 22]
x_dimensions = [3, 3, 3, 3, 2, 2, 3, 3, 1, 1, 3, 2, 2, 6, 6, 1, 1, 2, 2, 2, 2, 1, 1, 7, 7]
y_dimensions = [5, 16, 9, 10, 5, 4, 5, 16, 5, 4, 10, 7, 12, 9, 12, 6, 3, 5, 7, 6, 3, 5, 7, 7, 12]
minimum_height = 73
----------
x_coordinates = [3, 12, 9, 6, 4, 1, 0, 3, 3, 0, 0, 10, 7, 9, 0, 9, 6, 7, 13, 11, 9, 6, 6, 6, 8]
y_coordinates = [33, 56, 63, 62, 67, 68, 63, 51, 67, 68, 53, 56, 50, 47, 39, 57, 59, 45, 40, 41, 44, 54, 47, 34, 22]
x_dimensions = [3, 3, 3, 3, 2, 2, 3, 3, 1, 1, 3, 2, 2, 6, 6, 1, 1, 2, 2, 2, 2, 1, 1, 7, 7]
y_dimensions = [5, 16, 9, 10, 5, 4, 5, 16, 5, 4, 10, 7, 12, 9, 12, 6, 3, 5, 7, 6, 3, 5, 7, 7, 12]
minimum_height = 72
----------
x_coordinates = [5, 2, 0, 6, 10, 13, 3, 12, 9, 12, 9, 4, 0, 2, 9, 3, 2, 10, 6, 4, 8, 8, 8, 8, 8]
y_coordinates = [33, 27, 62, 61, 66, 67, 66, 51, 66, 67, 56, 59, 50, 50, 39, 60, 59, 51, 43, 44, 53, 56, 46, 32, 20]
x_dimensions = [3, 3, 3, 3, 2, 2, 3, 3, 1, 1, 3, 2, 2, 6, 6, 1, 1, 2, 2, 2, 2, 1, 1, 7, 7]
y_dimensions = [5, 16, 9, 10, 5, 4, 5, 16, 5, 4, 10, 7, 12, 9, 12, 6, 3, 5, 7, 6, 3, 5, 7, 7, 12]
minimum_height = 71
----------
x_coordinates = [3, 12, 9, 6, 4, 1, 0, 3, 3, 0, 0, 10, 7, 9, 0, 9, 6, 7, 13, 11, 9, 6, 6, 6, 8]
y_coordinates = [32, 54, 61, 60, 65, 66, 61, 49, 65, 66, 51, 54, 48, 45, 37, 55, 57, 43, 38, 39, 42, 52, 45, 32, 20]
x_dimensions = [3, 3, 3, 3, 2, 2, 3, 3, 1, 1, 3, 2, 2, 6, 6, 1, 1, 2, 2, 2, 2, 1, 1, 7, 7]
y_dimensions = [5, 16, 9, 10, 5, 4, 5, 16, 5, 4, 10, 7, 12, 9, 12, 6, 3, 5, 7, 6, 3, 5, 7, 7, 12]
minimum_height = 70
----------
x_coordinates = [5, 2, 0, 6, 10, 13, 3, 12, 9, 12, 9, 4, 0, 2, 9, 3, 2, 10, 6, 4, 8, 8, 8, 8, 8]
y_coordinates = [32, 26, 60, 59, 64, 65, 64, 49, 64, 65, 54, 57, 48, 48, 37, 58, 57, 49, 41, 42, 51, 54, 44, 30, 18]
x_dimensions = [3, 3, 3, 3, 2, 2, 3, 3, 1, 1, 3, 2, 2, 6, 6, 1, 1, 2, 2, 2, 2, 1, 1, 7, 7]
y_dimensions = [5, 16, 9, 10, 5, 4, 5, 16, 5, 4, 10, 7, 12, 9, 12, 6, 3, 5, 7, 6, 3, 5, 7, 7, 12]
minimum_height = 69
----------
x_coordinates = [5, 6, 9, 0, 13, 4, 3, 12, 12, 3, 9, 4, 1, 3, 9, 3, 0, 1, 7, 5, 3, 0, 0, 8, 1]
y_coordinates = [31, 52, 59, 58, 63, 64, 59, 47, 63, 64, 49, 52, 46, 43, 35, 53, 55, 41, 36, 37, 40, 50, 43, 28, 19]
x_dimensions = [3, 3, 3, 3, 2, 2, 3, 3, 1, 1, 3, 2, 2, 6, 6, 1, 1, 2, 2, 2, 2, 1, 1, 7, 7]
y_dimensions = [5, 16, 9, 10, 5, 4, 5, 16, 5, 4, 10, 7, 12, 9, 12, 6, 3, 5, 7, 6, 3, 5, 7, 7, 12]
minimum_height = 68
----------
x_coordinates = [5, 2, 0, 6, 10, 13, 3, 12, 9, 12, 9, 4, 0, 2, 9, 3, 2, 10, 6, 0, 8, 8, 8, 8, 8]
y_coordinates = [31, 25, 58, 57, 62, 63, 62, 47, 62, 63, 52, 55, 46, 46, 35, 56, 55, 47, 39, 40, 49, 52, 42, 28, 16]
x_dimensions = [3, 3, 3, 3, 2, 2, 3, 3, 1, 1, 3, 2, 2, 6, 6, 1, 1, 2, 2, 2, 2, 1, 1, 7, 7]
y_dimensions = [5, 16, 9, 10, 5, 4, 5, 16, 5, 4, 10, 7, 12, 9, 12, 6, 3, 5, 7, 6, 3, 5, 7, 7, 12]
minimum_height = 67
----------
x_coordinates = [5, 6, 9, 0, 13, 4, 3, 12, 12, 3, 9, 4, 1, 3, 9, 3, 0, 1, 3, 7, 5, 0, 0, 8, 1]
y_coordinates = [30, 50, 57, 56, 61, 62, 57, 45, 61, 62, 47, 50, 44, 41, 33, 51, 53, 39, 34, 35, 38, 48, 41, 26, 18]
x_dimensions = [3, 3, 3, 3, 2, 2, 3, 3, 1, 1, 3, 2, 2, 6, 6, 1, 1, 2, 2, 2, 2, 1, 1, 7, 7]
y_dimensions = [5, 16, 9, 10, 5, 4, 5, 16, 5, 4, 10, 7, 12, 9, 12, 6, 3, 5, 7, 6, 3, 5, 7, 7, 12]
minimum_height = 66
----------
x_coordinates = [5, 2, 0, 6, 10, 13, 3, 12, 9, 12, 9, 4, 0, 2, 9, 3, 2, 10, 6, 0, 8, 8, 8, 8, 8]
y_coordinates = [30, 24, 56, 55, 60, 61, 60, 45, 60, 61, 50, 53, 44, 44, 33, 54, 53, 45, 37, 38, 47, 50, 40, 26, 14]
x_dimensions = [3, 3, 3, 3, 2, 2, 3, 3, 1, 1, 3, 2, 2, 6, 6, 1, 1, 2, 2, 2, 2, 1, 1, 7, 7]
y_dimensions = [5, 16, 9, 10, 5, 4, 5, 16, 5, 4, 10, 7, 12, 9, 12, 6, 3, 5, 7, 6, 3, 5, 7, 7, 12]
minimum_height = 65
----------
x_coordinates = [5, 3, 9, 6, 13, 1, 0, 12, 12, 0, 9, 1, 7, 0, 9, 0, 6, 7, 3, 1, 5, 6, 6, 8, 1]
y_coordinates = [29, 48, 55, 54, 59, 60, 55, 43, 59, 60, 45, 48, 42, 39, 31, 49, 51, 37, 32, 33, 36, 46, 39, 24, 17]
x_dimensions = [3, 3, 3, 3, 2, 2, 3, 3, 1, 1, 3, 2, 2, 6, 6, 1, 1, 2, 2, 2, 2, 1, 1, 7, 7]
y_dimensions = [5, 16, 9, 10, 5, 4, 5, 16, 5, 4, 10, 7, 12, 9, 12, 6, 3, 5, 7, 6, 3, 5, 7, 7, 12]
minimum_height = 64
----------
x_coordinates = [5, 2, 0, 6, 10, 13, 3, 12, 9, 12, 9, 4, 0, 2, 9, 3, 2, 10, 6, 0, 8, 8, 8, 8, 8]
y_coordinates = [29, 23, 54, 53, 58, 59, 58, 43, 58, 59, 48, 51, 42, 42, 31, 52, 51, 43, 35, 36, 45, 48, 38, 24, 12]
x_dimensions = [3, 3, 3, 3, 2, 2, 3, 3, 1, 1, 3, 2, 2, 6, 6, 1, 1, 2, 2, 2, 2, 1, 1, 7, 7]
y_dimensions = [5, 16, 9, 10, 5, 4, 5, 16, 5, 4, 10, 7, 12, 9, 12, 6, 3, 5, 7, 6, 3, 5, 7, 7, 12]
minimum_height = 63
----------
x_coordinates = [5, 3, 9, 6, 13, 1, 0, 12, 12, 0, 9, 1, 7, 0, 9, 0, 6, 7, 3, 1, 5, 6, 6, 8, 1]
y_coordinates = [28, 46, 53, 52, 57, 58, 53, 41, 57, 58, 43, 46, 40, 37, 29, 47, 49, 35, 30, 31, 34, 44, 37, 22, 16]
x_dimensions = [3, 3, 3, 3, 2, 2, 3, 3, 1, 1, 3, 2, 2, 6, 6, 1, 1, 2, 2, 2, 2, 1, 1, 7, 7]
y_dimensions = [5, 16, 9, 10, 5, 4, 5, 16, 5, 4, 10, 7, 12, 9, 12, 6, 3, 5, 7, 6, 3, 5, 7, 7, 12]
minimum_height = 62
----------
x_coordinates = [5, 2, 0, 6, 10, 13, 3, 12, 9, 12, 9, 4, 0, 2, 9, 3, 2, 10, 6, 0, 8, 8, 8, 8, 8]
y_coordinates = [28, 22, 52, 51, 56, 57, 56, 41, 56, 57, 46, 49, 40, 40, 29, 50, 49, 41, 33, 34, 43, 46, 36, 22, 10]
x_dimensions = [3, 3, 3, 3, 2, 2, 3, 3, 1, 1, 3, 2, 2, 6, 6, 1, 1, 2, 2, 2, 2, 1, 1, 7, 7]
y_dimensions = [5, 16, 9, 10, 5, 4, 5, 16, 5, 4, 10, 7, 12, 9, 12, 6, 3, 5, 7, 6, 3, 5, 7, 7, 12]
minimum_height = 61
----------
x_coordinates = [6, 6, 3, 12, 1, 10, 9, 0, 0, 9, 3, 10, 13, 6, 0, 9, 12, 13, 11, 9, 7, 12, 12, 8, 1]
y_coordinates = [27, 44, 51, 50, 55, 56, 51, 39, 55, 56, 41, 44, 38, 35, 27, 45, 47, 33, 28, 29, 32, 42, 35, 20, 15]
x_dimensions = [3, 3, 3, 3, 2, 2, 3, 3, 1, 1, 3, 2, 2, 6, 6, 1, 1, 2, 2, 2, 2, 1, 1, 7, 7]
y_dimensions = [5, 16, 9, 10, 5, 4, 5, 16, 5, 4, 10, 7, 12, 9, 12, 6, 3, 5, 7, 6, 3, 5, 7, 7, 12]
minimum_height = 60
----------
x_coordinates = [6, 3, 0, 6, 10, 13, 3, 12, 9, 12, 9, 4, 0, 2, 9, 3, 2, 10, 1, 6, 8, 8, 8, 8, 1]
y_coordinates = [27, 21, 50, 49, 54, 55, 54, 39, 54, 55, 44, 47, 38, 38, 27, 48, 47, 39, 31, 32, 41, 44, 34, 20, 9]
x_dimensions = [3, 3, 3, 3, 2, 2, 3, 3, 1, 1, 3, 2, 2, 6, 6, 1, 1, 2, 2, 2, 2, 1, 1, 7, 7]
y_dimensions = [5, 16, 9, 10, 5, 4, 5, 16, 5, 4, 10, 7, 12, 9, 12, 6, 3, 5, 7, 6, 3, 5, 7, 7, 12]
minimum_height = 59
----------
x_coordinates = [6, 3, 9, 6, 13, 1, 0, 12, 12, 0, 9, 1, 7, 0, 9, 0, 6, 7, 4, 2, 0, 6, 6, 1, 8]
y_coordinates = [26, 42, 49, 48, 53, 54, 49, 37, 53, 54, 39, 42, 36, 33, 25, 43, 45, 31, 26, 27, 30, 40, 33, 19, 13]
x_dimensions = [3, 3, 3, 3, 2, 2, 3, 3, 1, 1, 3, 2, 2, 6, 6, 1, 1, 2, 2, 2, 2, 1, 1, 7, 7]
y_dimensions = [5, 16, 9, 10, 5, 4, 5, 16, 5, 4, 10, 7, 12, 9, 12, 6, 3, 5, 7, 6, 3, 5, 7, 7, 12]
minimum_height = 58
----------
x_coordinates = [6, 3, 0, 6, 10, 13, 3, 12, 9, 12, 9, 4, 0, 2, 9, 3, 2, 10, 1, 1, 8, 8, 8, 8, 1]
y_coordinates = [26, 20, 48, 47, 52, 53, 52, 37, 52, 53, 42, 45, 36, 36, 25, 46, 45, 37, 29, 23, 39, 42, 32, 18, 8]
x_dimensions = [3, 3, 3, 3, 2, 2, 3, 3, 1, 1, 3, 2, 2, 6, 6, 1, 1, 2, 2, 2, 2, 1, 1, 7, 7]
y_dimensions = [5, 16, 9, 10, 5, 4, 5, 16, 5, 4, 10, 7, 12, 9, 12, 6, 3, 5, 7, 6, 3, 5, 7, 7, 12]
minimum_height = 57
----------
x_coordinates = [4, 6, 9, 0, 13, 4, 3, 12, 12, 3, 9, 4, 0, 3, 9, 3, 2, 0, 7, 2, 0, 2, 2, 0, 8]
y_coordinates = [25, 40, 47, 46, 51, 52, 47, 35, 51, 52, 37, 40, 34, 31, 23, 41, 43, 29, 24, 25, 26, 38, 31, 18, 11]
x_dimensions = [3, 3, 3, 3, 2, 2, 3, 3, 1, 1, 3, 2, 2, 6, 6, 1, 1, 2, 2, 2, 2, 1, 1, 7, 7]
y_dimensions = [5, 16, 9, 10, 5, 4, 5, 16, 5, 4, 10, 7, 12, 9, 12, 6, 3, 5, 7, 6, 3, 5, 7, 7, 12]
minimum_height = 56
----------
x_coordinates = [6, 2, 12, 6, 10, 1, 3, 0, 9, 0, 3, 10, 13, 7, 9, 9, 12, 3, 5, 0, 7, 6, 5, 8, 1]
y_coordinates = [25, 19, 46, 45, 50, 51, 50, 35, 50, 51, 40, 43, 34, 34, 22, 44, 43, 35, 33, 29, 31, 40, 26, 15, 7]
x_dimensions = [3, 3, 3, 3, 2, 2, 3, 3, 1, 1, 3, 2, 2, 6, 6, 1, 1, 2, 2, 2, 2, 1, 1, 7, 7]
y_dimensions = [5, 16, 9, 10, 5, 4, 5, 16, 5, 4, 10, 7, 12, 9, 12, 6, 3, 5, 7, 6, 3, 5, 7, 7, 12]
minimum_height = 55
----------
x_coordinates = [4, 6, 9, 0, 13, 4, 3, 12, 12, 3, 9, 4, 0, 3, 9, 3, 2, 0, 7, 2, 0, 2, 2, 0, 8]
y_coordinates = [24, 38, 45, 44, 49, 50, 45, 33, 49, 50, 35, 38, 32, 29, 21, 39, 41, 27, 22, 23, 24, 36, 29, 16, 9]
x_dimensions = [3, 3, 3, 3, 2, 2, 3, 3, 1, 1, 3, 2, 2, 6, 6, 1, 1, 2, 2, 2, 2, 1, 1, 7, 7]
y_dimensions = [5, 16, 9, 10, 5, 4, 5, 16, 5, 4, 10, 7, 12, 9, 12, 6, 3, 5, 7, 6, 3, 5, 7, 7, 12]
minimum_height = 54
----------
x_coordinates = [4, 8, 0, 12, 13, 11, 12, 10, 14, 11, 2, 13, 13, 4, 6, 5, 14, 0, 12, 11, 13, 7, 11, 0, 3]
y_coordinates = [23, 21, 20, 36, 28, 26, 16, 0, 48, 49, 43, 21, 4, 0, 37, 45, 33, 45, 46, 30, 1, 26, 19, 29, 9]
x_dimensions = [3, 3, 3, 3, 2, 2, 3, 3, 1, 1, 3, 2, 2, 6, 6, 1, 1, 2, 2, 2, 2, 1, 1, 7, 7]
y_dimensions = [5, 16, 9, 10, 5, 4, 5, 16, 5, 4, 10, 7, 12, 9, 12, 6, 3, 5, 7, 6, 3, 5, 7, 7, 12]
minimum_height = 53
----------
x_coordinates = [2, 9, 0, 8, 4, 6, 5, 12, 14, 13, 4, 12, 0, 3, 7, 14, 12, 12, 13, 11, 12, 3, 8, 1, 2]
y_coordinates = [14, 26, 35, 42, 40, 41, 14, 17, 39, 1, 4, 36, 22, 31, 0, 33, 49, 12, 44, 43, 33, 40, 12, 45, 19]
x_dimensions = [3, 3, 3, 3, 2, 2, 3, 3, 1, 1, 3, 2, 2, 6, 6, 1, 1, 2, 2, 2, 2, 1, 1, 7, 7]
y_dimensions = [5, 16, 9, 10, 5, 4, 5, 16, 5, 4, 10, 7, 12, 9, 12, 6, 3, 5, 7, 6, 3, 5, 7, 7, 12]
minimum_height = 52
----------
x_coordinates = [6, 1, 3, 11, 2, 0, 6, 4, 14, 14, 9, 0, 13, 8, 7, 13, 14, 13, 13, 11, 8, 12, 14, 4, 1]
y_coordinates = [12, 24, 14, 41, 42, 40, 17, 23, 0, 5, 12, 44, 21, 1, 22, 10, 40, 16, 33, 35, 36, 15, 9, 39, 0]
x_dimensions = [3, 3, 3, 3, 2, 2, 3, 3, 1, 1, 3, 2, 2, 6, 6, 1, 1, 2, 2, 2, 2, 1, 1, 7, 7]
y_dimensions = [5, 16, 9, 10, 5, 4, 5, 16, 5, 4, 10, 7, 12, 9, 12, 6, 3, 5, 7, 6, 3, 5, 7, 7, 12]
minimum_height = 51
----------
x_coordinates = [0, 6, 9, 0, 13, 4, 3, 12, 12, 3, 9, 4, 1, 3, 9, 3, 0, 7, 5, 3, 1, 0, 0, 1, 8]
y_coordinates = [22, 34, 41, 40, 45, 46, 41, 29, 45, 46, 31, 34, 28, 25, 17, 35, 37, 20, 18, 19, 19, 32, 15, 11, 5]
x_dimensions = [3, 3, 3, 3, 2, 2, 3, 3, 1, 1, 3, 2, 2, 6, 6, 1, 1, 2, 2, 2, 2, 1, 1, 7, 7]
y_dimensions = [5, 16, 9, 10, 5, 4, 5, 16, 5, 4, 10, 7, 12, 9, 12, 6, 3, 5, 7, 6, 3, 5, 7, 7, 12]
minimum_height = 50
----------
x_coordinates = [5, 7, 9, 0, 12, 3, 6, 11, 14, 14, 12, 5, 13, 0, 0, 9, 12, 10, 2, 13, 10, 4, 10, 0, 6]
y_coordinates = [1, 27, 18, 39, 44, 45, 22, 28, 40, 45, 18, 42, 6, 8, 17, 43, 3, 44, 1, 0, 2, 3, 27, 32, 6]
x_dimensions = [3, 3, 3, 3, 2, 2, 3, 3, 1, 1, 3, 2, 2, 6, 6, 1, 1, 2, 2, 2, 2, 1, 1, 7, 7]
y_dimensions = [5, 16, 9, 10, 5, 4, 5, 16, 5, 4, 10, 7, 12, 9, 12, 6, 3, 5, 7, 6, 3, 5, 7, 7, 12]
minimum_height = 49
----------
x_coordinates = [1, 10, 11, 0, 12, 2, 8, 12, 7, 5, 1, 2, 13, 3, 6, 13, 14, 0, 4, 1, 2, 5, 14, 3, 4]
y_coordinates = [21, 2, 23, 7, 18, 17, 31, 32, 31, 44, 30, 41, 0, 8, 36, 12, 21, 42, 31, 0, 27, 38, 25, 1, 19]
x_dimensions = [3, 3, 3, 3, 2, 2, 3, 3, 1, 1, 3, 2, 2, 6, 6, 1, 1, 2, 2, 2, 2, 1, 1, 7, 7]
y_dimensions = [5, 16, 9, 10, 5, 4, 5, 16, 5, 4, 10, 7, 12, 9, 12, 6, 3, 5, 7, 6, 3, 5, 7, 7, 12]
minimum_height = 48
----------
x_coordinates = [4, 9, 12, 3, 13, 4, 3, 6, 12, 2, 0, 13, 0, 0, 7, 6, 14, 0, 2, 5, 2, 6, 13, 5, 8]
y_coordinates = [1, 19, 24, 37, 18, 19, 32, 19, 19, 43, 32, 40, 11, 23, 35, 35, 34, 42, 16, 6, 5, 41, 33, 12, 0]
x_dimensions = [3, 3, 3, 3, 2, 2, 3, 3, 1, 1, 3, 2, 2, 6, 6, 1, 1, 2, 2, 2, 2, 1, 1, 7, 7]
y_dimensions = [5, 16, 9, 10, 5, 4, 5, 16, 5, 4, 10, 7, 12, 9, 12, 6, 3, 5, 7, 6, 3, 5, 7, 7, 12]
minimum_height = 47
----------
x_coordinates = [6, 3, 12, 9, 7, 1, 0, 6, 6, 0, 12, 1, 10, 0, 9, 0, 9, 4, 2, 0, 13, 9, 8, 1, 8]
y_coordinates = [20, 30, 37, 36, 41, 42, 37, 25, 41, 42, 27, 30, 24, 21, 12, 31, 33, 16, 14, 15, 24, 28, 13, 7, 0]
x_dimensions = [3, 3, 3, 3, 2, 2, 3, 3, 1, 1, 3, 2, 2, 6, 6, 1, 1, 2, 2, 2, 2, 1, 1, 7, 7]
y_dimensions = [5, 16, 9, 10, 5, 4, 5, 16, 5, 4, 10, 7, 12, 9, 12, 6, 3, 5, 7, 6, 3, 5, 7, 7, 12]
minimum_height = 46
----------
x_coordinates = [6, 0, 12, 9, 1, 10, 3, 6, 3, 12, 11, 3, 13, 9, 7, 9, 3, 13, 1, 4, 7, 5, 14, 4, 0]
y_coordinates = [9, 1, 27, 26, 40, 10, 30, 29, 12, 10, 0, 35, 15, 36, 14, 8, 42, 10, 33, 11, 26, 35, 3, 1, 17]
x_dimensions = [3, 3, 3, 3, 2, 2, 3, 3, 1, 1, 3, 2, 2, 6, 6, 1, 1, 2, 2, 2, 2, 1, 1, 7, 7]
y_dimensions = [5, 16, 9, 10, 5, 4, 5, 16, 5, 4, 10, 7, 12, 9, 12, 6, 3, 5, 7, 6, 3, 5, 7, 7, 12]
minimum_height = 45
----------
x_coordinates = [6, 3, 6, 9, 13, 1, 0, 12, 12, 0, 6, 1, 10, 0, 9, 0, 9, 7, 5, 3, 1, 9, 0, 8, 1]
y_coordinates = [19, 28, 35, 34, 39, 40, 35, 23, 39, 40, 25, 28, 22, 19, 10, 29, 31, 14, 12, 13, 16, 26, 12, 3, 0]
x_dimensions = [3, 3, 3, 3, 2, 2, 3, 3, 1, 1, 3, 2, 2, 6, 6, 1, 1, 2, 2, 2, 2, 1, 1, 7, 7]
y_dimensions = [5, 16, 9, 10, 5, 4, 5, 16, 5, 4, 10, 7, 12, 9, 12, 6, 3, 5, 7, 6, 3, 5, 7, 7, 12]
minimum_height = 44
----------
x_coordinates = [6, 0, 5, 0, 11, 11, 8, 3, 9, 10, 6, 13, 0, 9, 2, 14, 11, 0, 3, 13, 8, 12, 4, 6, 8]
y_coordinates = [17, 10, 22, 0, 38, 34, 37, 1, 17, 17, 0, 36, 26, 1, 31, 10, 19, 38, 17, 16, 34, 17, 24, 10, 22]
x_dimensions = [3, 3, 3, 3, 2, 2, 3, 3, 1, 1, 3, 2, 2, 6, 6, 1, 1, 2, 2, 2, 2, 1, 1, 7, 7]
y_dimensions = [5, 16, 9, 10, 5, 4, 5, 16, 5, 4, 10, 7, 12, 9, 12, 6, 3, 5, 7, 6, 3, 5, 7, 7, 12]
minimum_height = 43
----------
x_coordinates = [0, 3, 6, 9, 13, 1, 0, 12, 12, 0, 0, 6, 10, 3, 9, 9, 2, 0, 7, 8, 5, 4, 7, 8, 0]
y_coordinates = [18, 26, 33, 32, 37, 38, 33, 21, 37, 38, 23, 26, 20, 17, 8, 20, 15, 13, 10, 26, 14, 12, 3, 1, 0]
x_dimensions = [3, 3, 3, 3, 2, 2, 3, 3, 1, 1, 3, 2, 2, 6, 6, 1, 1, 2, 2, 2, 2, 1, 1, 7, 7]
y_dimensions = [5, 16, 9, 10, 5, 4, 5, 16, 5, 4, 10, 7, 12, 9, 12, 6, 3, 5, 7, 6, 3, 5, 7, 7, 12]
minimum_height = 42
----------
x_coordinates = [3, 12, 9, 6, 13, 1, 3, 0, 12, 0, 3, 13, 6, 0, 6, 12, 5, 1, 10, 8, 3, 0, 7, 0, 8]
y_coordinates = [18, 12, 32, 31, 36, 37, 36, 21, 36, 37, 26, 29, 7, 7, 19, 30, 23, 16, 12, 13, 23, 16, 0, 0, 0]
x_dimensions = [3, 3, 3, 3, 2, 2, 3, 3, 1, 1, 3, 2, 2, 6, 6, 1, 1, 2, 2, 2, 2, 1, 1, 7, 7]
y_dimensions = [5, 16, 9, 10, 5, 4, 5, 16, 5, 4, 10, 7, 12, 9, 12, 6, 3, 5, 7, 6, 3, 5, 7, 7, 12]
minimum_height = 41
----------
x_coordinates = [3, 12, 6, 9, 1, 4, 3, 0, 0, 3, 6, 4, 0, 3, 9, 11, 3, 6, 2, 9, 4, 2, 7, 0, 8]
y_coordinates = [17, 24, 31, 30, 35, 36, 31, 19, 35, 36, 12, 10, 7, 22, 12, 24, 14, 7, 7, 24, 7, 14, 0, 0, 0]
x_dimensions = [3, 3, 3, 3, 2, 2, 3, 3, 1, 1, 3, 2, 2, 6, 6, 1, 1, 2, 2, 2, 2, 1, 1, 7, 7]
y_dimensions = [5, 16, 9, 10, 5, 4, 5, 16, 5, 4, 10, 7, 12, 9, 12, 6, 3, 5, 7, 6, 3, 5, 7, 7, 12]
minimum_height = 40
----------
==========
%%%mzn-stat: nodes=19141
%%%mzn-stat: failures=6424
%%%mzn-stat: restarts=248
%%%mzn-stat: variables=7414
%%%mzn-stat: intVars=113
%%%mzn-stat: boolVariables=7299
%%%mzn-stat: propagators=2625
%%%mzn-stat: propagations=4938573
%%%mzn-stat: peakDepth=152
%%%mzn-stat: nogoods=6424
%%%mzn-stat: backjumps=3335
%%%mzn-stat: peakMem=0.00
%%%mzn-stat: time=1.352
%%%mzn-stat: initTime=0.026
%%%mzn-stat: solveTime=1.326
%%%mzn-stat: objective=40
%%%mzn-stat: optTime=1.326
%%%mzn-stat: baseMem=0.00
%%%mzn-stat: trailMem=0.04
%%%mzn-stat: randomSeed=1657200247
