x_coordinates = [12, 23, 20, 4, 18, 3, 24, 20, 19, 7, 1, 16, 17, 0, 16, 8, 16, 0, 13, 24, 15, 5, 0, 23, 7, 9, 20, 11, 3]
y_coordinates = [62, 60, 70, 70, 72, 61, 121, 135, 141, 129, 135, 139, 122, 123, 137, 124, 135, 118, 103, 110, 122, 113, 109, 103, 123, 86, 96, 112, 91]
x_dimensions = [5, 7, 3, 8, 2, 9, 6, 4, 1, 9, 6, 3, 7, 7, 4, 7, 4, 11, 10, 6, 2, 6, 11, 7, 4, 4, 10, 2, 6]
y_dimensions = [21, 25, 5, 5, 1, 9, 24, 10, 4, 16, 10, 6, 13, 12, 2, 5, 2, 5, 19, 11, 7, 5, 4, 7, 1, 23, 7, 12, 18]
minimum_height = 145
----------
x_coordinates = [10, 20, 2, 20, 28, 12, 5, 17, 22, 21, 11, 24, 16, 9, 11, 15, 26, 5, 15, 16, 28, 2, 15, 8, 21, 4, 20, 0, 22]
y_coordinates = [40, 37, 111, 62, 135, 80, 61, 70, 69, 73, 70, 67, 89, 92, 142, 104, 142, 111, 125, 109, 119, 116, 120, 119, 14, 121, 22, 114, 102]
x_dimensions = [5, 7, 3, 8, 2, 9, 6, 4, 1, 9, 6, 3, 7, 7, 4, 7, 4, 11, 10, 6, 2, 6, 11, 7, 4, 4, 10, 2, 6]
y_dimensions = [21, 25, 5, 5, 1, 9, 24, 10, 4, 16, 10, 6, 13, 12, 2, 5, 2, 5, 19, 11, 7, 5, 4, 7, 1, 23, 7, 12, 18]
minimum_height = 144
----------
x_coordinates = [12, 23, 20, 4, 18, 3, 24, 20, 19, 7, 1, 16, 17, 0, 16, 8, 16, 0, 13, 24, 15, 5, 0, 23, 7, 9, 20, 11, 3]
y_coordinates = [61, 59, 69, 69, 71, 60, 119, 133, 139, 127, 133, 137, 120, 121, 135, 122, 133, 116, 101, 108, 120, 111, 107, 101, 121, 84, 94, 110, 89]
x_dimensions = [5, 7, 3, 8, 2, 9, 6, 4, 1, 9, 6, 3, 7, 7, 4, 7, 4, 11, 10, 6, 2, 6, 11, 7, 4, 4, 10, 2, 6]
y_dimensions = [21, 25, 5, 5, 1, 9, 24, 10, 4, 16, 10, 6, 13, 12, 2, 5, 2, 5, 19, 11, 7, 5, 4, 7, 1, 23, 7, 12, 18]
minimum_height = 143
----------
x_coordinates = [12, 5, 10, 7, 16, 16, 22, 13, 12, 15, 16, 14, 9, 2, 5, 16, 17, 19, 8, 13, 26, 11, 19, 18, 9, 2, 18, 6, 17]
y_coordinates = [60, 80, 133, 30, 82, 22, 59, 91, 97, 31, 50, 101, 47, 46, 105, 86, 91, 137, 112, 131, 110, 107, 130, 111, 42, 116, 121, 110, 93]
x_dimensions = [5, 7, 3, 8, 2, 9, 6, 4, 1, 9, 6, 3, 7, 7, 4, 7, 4, 11, 10, 6, 2, 6, 11, 7, 4, 4, 10, 2, 6]
y_dimensions = [21, 25, 5, 5, 1, 9, 24, 10, 4, 16, 10, 6, 13, 12, 2, 5, 2, 5, 19, 11, 7, 5, 4, 7, 1, 23, 7, 12, 18]
minimum_height = 142
----------
x_coordinates = [8, 6, 9, 13, 16, 21, 17, 1, 5, 21, 23, 4, 1, 23, 20, 8, 5, 18, 9, 15, 22, 12, 19, 20, 22, 5, 17, 3, 24]
y_coordinates = [59, 83, 135, 79, 41, 82, 55, 114, 96, 91, 60, 108, 69, 70, 123, 110, 138, 136, 116, 105, 114, 135, 125, 129, 44, 115, 48, 127, 107]
x_dimensions = [5, 7, 3, 8, 2, 9, 6, 4, 1, 9, 6, 3, 7, 7, 4, 7, 4, 11, 10, 6, 2, 6, 11, 7, 4, 4, 10, 2, 6]
y_dimensions = [21, 25, 5, 5, 1, 9, 24, 10, 4, 16, 10, 6, 13, 12, 2, 5, 2, 5, 19, 11, 7, 5, 4, 7, 1, 23, 7, 12, 18]
minimum_height = 141
----------
x_coordinates = [8, 9, 11, 1, 7, 8, 1, 17, 7, 21, 17, 19, 23, 16, 1, 3, 1, 9, 20, 14, 9, 18, 9, 11, 1, 5, 17, 3, 24]
y_coordinates = [55, 85, 126, 85, 33, 76, 61, 76, 63, 70, 98, 108, 88, 86, 122, 112, 137, 135, 119, 120, 119, 114, 131, 113, 15, 117, 29, 125, 101]
x_dimensions = [5, 7, 3, 8, 2, 9, 6, 4, 1, 9, 6, 3, 7, 7, 4, 7, 4, 11, 10, 6, 2, 6, 11, 7, 4, 4, 10, 2, 6]
y_dimensions = [21, 25, 5, 5, 1, 9, 24, 10, 4, 16, 10, 6, 13, 12, 2, 5, 2, 5, 19, 11, 7, 5, 4, 7, 1, 23, 7, 12, 18]
minimum_height = 140
----------
x_coordinates = [8, 9, 15, 1, 28, 15, 1, 12, 29, 0, 23, 15, 23, 16, 26, 22, 17, 19, 20, 3, 2, 10, 9, 9, 26, 16, 1, 0, 4]
y_coordinates = [58, 84, 64, 102, 67, 75, 59, 112, 113, 83, 103, 69, 90, 98, 118, 113, 62, 68, 120, 127, 120, 123, 135, 128, 35, 112, 23, 126, 109]
x_dimensions = [5, 7, 3, 8, 2, 9, 6, 4, 1, 9, 6, 3, 7, 7, 4, 7, 4, 11, 10, 6, 2, 6, 11, 7, 4, 4, 10, 2, 6]
y_dimensions = [21, 25, 5, 5, 1, 9, 24, 10, 4, 16, 10, 6, 13, 12, 2, 5, 2, 5, 19, 11, 7, 5, 4, 7, 1, 23, 7, 12, 18]
minimum_height = 139
----------
x_coordinates = [12, 11, 15, 1, 25, 21, 6, 21, 0, 2, 19, 19, 10, 23, 6, 7, 24, 15, 20, 3, 14, 10, 5, 9, 15, 16, 0, 1, 0]
y_coordinates = [54, 88, 44, 84, 108, 98, 51, 107, 132, 89, 76, 92, 75, 86, 121, 116, 136, 49, 117, 123, 115, 122, 134, 127, 35, 115, 77, 126, 105]
x_dimensions = [5, 7, 3, 8, 2, 9, 6, 4, 1, 9, 6, 3, 7, 7, 4, 7, 4, 11, 10, 6, 2, 6, 11, 7, 4, 4, 10, 2, 6]
y_dimensions = [21, 25, 5, 5, 1, 9, 24, 10, 4, 16, 10, 6, 13, 12, 2, 5, 2, 5, 19, 11, 7, 5, 4, 7, 1, 23, 7, 12, 18]
minimum_height = 138
----------
x_coordinates = [12, 23, 20, 4, 18, 3, 24, 20, 19, 7, 1, 16, 17, 0, 16, 8, 16, 0, 13, 24, 15, 5, 0, 23, 7, 8, 20, 11, 2]
y_coordinates = [58, 56, 66, 66, 68, 57, 113, 127, 133, 121, 127, 131, 114, 115, 129, 116, 127, 110, 95, 102, 114, 105, 101, 95, 115, 78, 88, 104, 83]
x_dimensions = [5, 7, 3, 8, 2, 9, 6, 4, 1, 9, 6, 3, 7, 7, 4, 7, 4, 11, 10, 6, 2, 6, 11, 7, 4, 4, 10, 2, 6]
y_dimensions = [21, 25, 5, 5, 1, 9, 24, 10, 4, 16, 10, 6, 13, 12, 2, 5, 2, 5, 19, 11, 7, 5, 4, 7, 1, 23, 7, 12, 18]
minimum_height = 137
----------
x_coordinates = [11, 23, 17, 9, 21, 0, 9, 15, 20, 0, 15, 20, 23, 16, 19, 2, 19, 5, 6, 0, 21, 17, 17, 21, 12, 16, 20, 28, 0]
y_coordinates = [57, 111, 131, 131, 135, 127, 107, 121, 132, 111, 111, 126, 98, 99, 124, 106, 122, 101, 82, 90, 115, 94, 90, 83, 106, 67, 76, 86, 72]
x_dimensions = [5, 7, 3, 8, 2, 9, 6, 4, 1, 9, 6, 3, 7, 7, 4, 7, 4, 11, 10, 6, 2, 6, 11, 7, 4, 4, 10, 2, 6]
y_dimensions = [21, 25, 5, 5, 1, 9, 24, 10, 4, 16, 10, 6, 13, 12, 2, 5, 2, 5, 19, 11, 7, 5, 4, 7, 1, 23, 7, 12, 18]
minimum_height = 136
----------
x_coordinates = [12, 23, 20, 4, 18, 3, 24, 20, 19, 7, 1, 16, 17, 0, 16, 8, 16, 0, 13, 24, 15, 5, 0, 23, 7, 8, 20, 11, 2]
y_coordinates = [57, 55, 65, 65, 67, 56, 111, 125, 131, 119, 125, 129, 112, 113, 127, 114, 125, 108, 93, 100, 112, 103, 99, 93, 113, 76, 86, 102, 81]
x_dimensions = [5, 7, 3, 8, 2, 9, 6, 4, 1, 9, 6, 3, 7, 7, 4, 7, 4, 11, 10, 6, 2, 6, 11, 7, 4, 4, 10, 2, 6]
y_dimensions = [21, 25, 5, 5, 1, 9, 24, 10, 4, 16, 10, 6, 13, 12, 2, 5, 2, 5, 19, 11, 7, 5, 4, 7, 1, 23, 7, 12, 18]
minimum_height = 135
----------
x_coordinates = [11, 23, 17, 9, 21, 0, 9, 15, 20, 0, 15, 20, 23, 16, 19, 2, 19, 5, 6, 0, 21, 17, 17, 21, 12, 16, 20, 28, 0]
y_coordinates = [56, 109, 129, 129, 133, 125, 105, 119, 130, 109, 109, 124, 96, 97, 122, 104, 120, 99, 80, 88, 113, 92, 88, 81, 104, 65, 74, 84, 70]
x_dimensions = [5, 7, 3, 8, 2, 9, 6, 4, 1, 9, 6, 3, 7, 7, 4, 7, 4, 11, 10, 6, 2, 6, 11, 7, 4, 4, 10, 2, 6]
y_dimensions = [21, 25, 5, 5, 1, 9, 24, 10, 4, 16, 10, 6, 13, 12, 2, 5, 2, 5, 19, 11, 7, 5, 4, 7, 1, 23, 7, 12, 18]
minimum_height = 134
----------
x_coordinates = [12, 23, 20, 4, 18, 3, 24, 20, 19, 7, 1, 16, 17, 0, 16, 8, 16, 0, 13, 24, 15, 5, 0, 23, 7, 8, 20, 11, 2]
y_coordinates = [56, 54, 64, 64, 66, 55, 109, 123, 129, 117, 123, 127, 110, 111, 125, 112, 123, 106, 91, 98, 110, 101, 97, 91, 111, 74, 84, 100, 79]
x_dimensions = [5, 7, 3, 8, 2, 9, 6, 4, 1, 9, 6, 3, 7, 7, 4, 7, 4, 11, 10, 6, 2, 6, 11, 7, 4, 4, 10, 2, 6]
y_dimensions = [21, 25, 5, 5, 1, 9, 24, 10, 4, 16, 10, 6, 13, 12, 2, 5, 2, 5, 19, 11, 7, 5, 4, 7, 1, 23, 7, 12, 18]
minimum_height = 133
----------
x_coordinates = [11, 23, 17, 9, 21, 0, 9, 15, 20, 0, 15, 20, 23, 16, 19, 2, 19, 5, 6, 0, 21, 17, 17, 21, 12, 16, 20, 28, 0]
y_coordinates = [55, 107, 127, 127, 131, 123, 103, 117, 128, 107, 107, 122, 94, 95, 120, 102, 118, 97, 78, 86, 111, 90, 86, 79, 102, 63, 72, 82, 68]
x_dimensions = [5, 7, 3, 8, 2, 9, 6, 4, 1, 9, 6, 3, 7, 7, 4, 7, 4, 11, 10, 6, 2, 6, 11, 7, 4, 4, 10, 2, 6]
y_dimensions = [21, 25, 5, 5, 1, 9, 24, 10, 4, 16, 10, 6, 13, 12, 2, 5, 2, 5, 19, 11, 7, 5, 4, 7, 1, 23, 7, 12, 18]
minimum_height = 132
----------
x_coordinates = [12, 23, 20, 4, 18, 3, 24, 20, 19, 7, 1, 16, 17, 0, 16, 8, 16, 0, 13, 24, 15, 5, 0, 23, 7, 8, 20, 11, 2]
y_coordinates = [55, 53, 63, 63, 65, 54, 107, 121, 127, 115, 121, 125, 108, 109, 123, 110, 121, 104, 89, 96, 108, 99, 95, 89, 109, 72, 82, 98, 77]
x_dimensions = [5, 7, 3, 8, 2, 9, 6, 4, 1, 9, 6, 3, 7, 7, 4, 7, 4, 11, 10, 6, 2, 6, 11, 7, 4, 4, 10, 2, 6]
y_dimensions = [21, 25, 5, 5, 1, 9, 24, 10, 4, 16, 10, 6, 13, 12, 2, 5, 2, 5, 19, 11, 7, 5, 4, 7, 1, 23, 7, 12, 18]
minimum_height = 131
----------
x_coordinates = [11, 23, 17, 9, 21, 0, 9, 15, 20, 0, 15, 20, 23, 16, 19, 2, 19, 5, 6, 0, 21, 17, 17, 21, 12, 16, 20, 28, 0]
y_coordinates = [54, 105, 125, 125, 129, 121, 101, 115, 126, 105, 105, 120, 92, 93, 118, 100, 116, 95, 76, 84, 109, 88, 84, 77, 100, 61, 70, 80, 66]
x_dimensions = [5, 7, 3, 8, 2, 9, 6, 4, 1, 9, 6, 3, 7, 7, 4, 7, 4, 11, 10, 6, 2, 6, 11, 7, 4, 4, 10, 2, 6]
y_dimensions = [21, 25, 5, 5, 1, 9, 24, 10, 4, 16, 10, 6, 13, 12, 2, 5, 2, 5, 19, 11, 7, 5, 4, 7, 1, 23, 7, 12, 18]
minimum_height = 130
----------
x_coordinates = [12, 23, 20, 4, 18, 3, 24, 20, 19, 7, 1, 16, 17, 0, 16, 8, 16, 0, 13, 24, 15, 5, 0, 23, 7, 8, 20, 11, 2]
y_coordinates = [54, 52, 62, 62, 64, 53, 105, 119, 125, 113, 119, 123, 106, 107, 121, 108, 119, 102, 87, 94, 106, 97, 93, 87, 107, 70, 80, 96, 75]
x_dimensions = [5, 7, 3, 8, 2, 9, 6, 4, 1, 9, 6, 3, 7, 7, 4, 7, 4, 11, 10, 6, 2, 6, 11, 7, 4, 4, 10, 2, 6]
y_dimensions = [21, 25, 5, 5, 1, 9, 24, 10, 4, 16, 10, 6, 13, 12, 2, 5, 2, 5, 19, 11, 7, 5, 4, 7, 1, 23, 7, 12, 18]
minimum_height = 129
----------
x_coordinates = [11, 23, 17, 9, 21, 0, 9, 15, 20, 0, 15, 20, 23, 16, 19, 2, 19, 5, 6, 0, 21, 17, 17, 21, 12, 16, 20, 28, 0]
y_coordinates = [53, 103, 123, 123, 127, 119, 99, 113, 124, 103, 103, 118, 90, 91, 116, 98, 114, 93, 74, 82, 107, 86, 82, 75, 98, 59, 68, 78, 64]
x_dimensions = [5, 7, 3, 8, 2, 9, 6, 4, 1, 9, 6, 3, 7, 7, 4, 7, 4, 11, 10, 6, 2, 6, 11, 7, 4, 4, 10, 2, 6]
y_dimensions = [21, 25, 5, 5, 1, 9, 24, 10, 4, 16, 10, 6, 13, 12, 2, 5, 2, 5, 19, 11, 7, 5, 4, 7, 1, 23, 7, 12, 18]
minimum_height = 128
----------
x_coordinates = [12, 23, 20, 4, 18, 3, 24, 20, 19, 7, 1, 16, 17, 0, 16, 8, 16, 0, 13, 24, 15, 5, 0, 23, 7, 8, 20, 11, 2]
y_coordinates = [53, 51, 61, 61, 63, 52, 103, 117, 123, 111, 117, 121, 104, 105, 119, 106, 117, 100, 85, 92, 104, 95, 91, 85, 105, 68, 78, 94, 73]
x_dimensions = [5, 7, 3, 8, 2, 9, 6, 4, 1, 9, 6, 3, 7, 7, 4, 7, 4, 11, 10, 6, 2, 6, 11, 7, 4, 4, 10, 2, 6]
y_dimensions = [21, 25, 5, 5, 1, 9, 24, 10, 4, 16, 10, 6, 13, 12, 2, 5, 2, 5, 19, 11, 7, 5, 4, 7, 1, 23, 7, 12, 18]
minimum_height = 127
----------
x_coordinates = [11, 23, 20, 12, 10, 0, 17, 13, 9, 0, 11, 9, 7, 0, 9, 23, 9, 19, 20, 14, 9, 1, 1, 5, 19, 16, 1, 12, 24]
y_coordinates = [52, 101, 121, 121, 125, 117, 97, 111, 122, 101, 101, 116, 88, 89, 114, 96, 112, 91, 72, 80, 105, 84, 80, 73, 96, 57, 66, 76, 54]
x_dimensions = [5, 7, 3, 8, 2, 9, 6, 4, 1, 9, 6, 3, 7, 7, 4, 7, 4, 11, 10, 6, 2, 6, 11, 7, 4, 4, 10, 2, 6]
y_dimensions = [21, 25, 5, 5, 1, 9, 24, 10, 4, 16, 10, 6, 13, 12, 2, 5, 2, 5, 19, 11, 7, 5, 4, 7, 1, 23, 7, 12, 18]
minimum_height = 126
----------
x_coordinates = [12, 23, 20, 4, 18, 3, 24, 20, 19, 7, 1, 16, 17, 0, 16, 8, 16, 0, 13, 24, 15, 5, 0, 23, 7, 8, 20, 11, 2]
y_coordinates = [52, 50, 60, 60, 62, 51, 101, 115, 121, 109, 115, 119, 102, 103, 117, 104, 115, 98, 83, 90, 102, 93, 89, 83, 103, 66, 76, 92, 71]
x_dimensions = [5, 7, 3, 8, 2, 9, 6, 4, 1, 9, 6, 3, 7, 7, 4, 7, 4, 11, 10, 6, 2, 6, 11, 7, 4, 4, 10, 2, 6]
y_dimensions = [21, 25, 5, 5, 1, 9, 24, 10, 4, 16, 10, 6, 13, 12, 2, 5, 2, 5, 19, 11, 7, 5, 4, 7, 1, 23, 7, 12, 18]
minimum_height = 125
----------
x_coordinates = [9, 23, 21, 16, 26, 21, 5, 15, 24, 15, 24, 15, 9, 10, 22, 8, 18, 6, 15, 17, 0, 4, 12, 2, 23, 0, 18, 4, 17]
y_coordinates = [48, 89, 20, 116, 74, 11, 69, 62, 79, 46, 114, 8, 111, 94, 44, 43, 44, 106, 25, 105, 117, 93, 90, 117, 73, 94, 2, 105, 72]
x_dimensions = [5, 7, 3, 8, 2, 9, 6, 4, 1, 9, 6, 3, 7, 7, 4, 7, 4, 11, 10, 6, 2, 6, 11, 7, 4, 4, 10, 2, 6]
y_dimensions = [21, 25, 5, 5, 1, 9, 24, 10, 4, 16, 10, 6, 13, 12, 2, 5, 2, 5, 19, 11, 7, 5, 4, 7, 1, 23, 7, 12, 18]
minimum_height = 124
----------
x_coordinates = [12, 23, 20, 4, 18, 3, 24, 20, 19, 7, 1, 16, 17, 0, 16, 8, 16, 0, 13, 24, 15, 5, 0, 23, 7, 8, 20, 11, 2]
y_coordinates = [51, 49, 59, 59, 61, 50, 99, 113, 119, 107, 113, 117, 100, 101, 115, 102, 113, 96, 81, 88, 100, 91, 87, 81, 101, 64, 74, 90, 69]
x_dimensions = [5, 7, 3, 8, 2, 9, 6, 4, 1, 9, 6, 3, 7, 7, 4, 7, 4, 11, 10, 6, 2, 6, 11, 7, 4, 4, 10, 2, 6]
y_dimensions = [21, 25, 5, 5, 1, 9, 24, 10, 4, 16, 10, 6, 13, 12, 2, 5, 2, 5, 19, 11, 7, 5, 4, 7, 1, 23, 7, 12, 18]
minimum_height = 123
----------
x_coordinates = [11, 23, 20, 12, 10, 0, 17, 13, 9, 0, 11, 9, 7, 0, 9, 23, 9, 19, 20, 14, 9, 1, 1, 4, 19, 16, 1, 12, 24]
y_coordinates = [50, 97, 117, 117, 121, 113, 93, 107, 118, 97, 97, 112, 84, 85, 110, 92, 108, 87, 68, 76, 101, 80, 76, 69, 92, 53, 62, 72, 50]
x_dimensions = [5, 7, 3, 8, 2, 9, 6, 4, 1, 9, 6, 3, 7, 7, 4, 7, 4, 11, 10, 6, 2, 6, 11, 7, 4, 4, 10, 2, 6]
y_dimensions = [21, 25, 5, 5, 1, 9, 24, 10, 4, 16, 10, 6, 13, 12, 2, 5, 2, 5, 19, 11, 7, 5, 4, 7, 1, 23, 7, 12, 18]
minimum_height = 122
----------
x_coordinates = [12, 23, 20, 4, 18, 3, 24, 20, 19, 7, 1, 16, 17, 0, 16, 8, 16, 0, 13, 24, 15, 5, 0, 23, 7, 0, 13, 11, 6]
y_coordinates = [50, 48, 58, 58, 60, 49, 97, 111, 117, 105, 111, 115, 98, 99, 113, 100, 111, 94, 79, 86, 98, 89, 85, 79, 99, 62, 72, 88, 67]
x_dimensions = [5, 7, 3, 8, 2, 9, 6, 4, 1, 9, 6, 3, 7, 7, 4, 7, 4, 11, 10, 6, 2, 6, 11, 7, 4, 4, 10, 2, 6]
y_dimensions = [21, 25, 5, 5, 1, 9, 24, 10, 4, 16, 10, 6, 13, 12, 2, 5, 2, 5, 19, 11, 7, 5, 4, 7, 1, 23, 7, 12, 18]
minimum_height = 121
----------
x_coordinates = [11, 23, 20, 12, 10, 0, 17, 13, 9, 0, 11, 9, 7, 0, 9, 23, 9, 19, 20, 14, 9, 1, 1, 4, 19, 16, 1, 12, 24]
y_coordinates = [49, 95, 115, 115, 119, 111, 91, 105, 116, 95, 95, 110, 82, 83, 108, 90, 106, 85, 66, 74, 99, 78, 74, 67, 90, 51, 60, 70, 48]
x_dimensions = [5, 7, 3, 8, 2, 9, 6, 4, 1, 9, 6, 3, 7, 7, 4, 7, 4, 11, 10, 6, 2, 6, 11, 7, 4, 4, 10, 2, 6]
y_dimensions = [21, 25, 5, 5, 1, 9, 24, 10, 4, 16, 10, 6, 13, 12, 2, 5, 2, 5, 19, 11, 7, 5, 4, 7, 1, 23, 7, 12, 18]
minimum_height = 120
----------
x_coordinates = [12, 23, 20, 4, 18, 3, 24, 20, 19, 7, 1, 16, 17, 0, 16, 8, 16, 0, 13, 24, 15, 5, 0, 23, 7, 0, 13, 11, 6]
y_coordinates = [49, 47, 57, 57, 59, 48, 95, 109, 115, 103, 109, 113, 96, 97, 111, 98, 109, 92, 77, 84, 96, 87, 83, 77, 97, 60, 70, 86, 65]
x_dimensions = [5, 7, 3, 8, 2, 9, 6, 4, 1, 9, 6, 3, 7, 7, 4, 7, 4, 11, 10, 6, 2, 6, 11, 7, 4, 4, 10, 2, 6]
y_dimensions = [21, 25, 5, 5, 1, 9, 24, 10, 4, 16, 10, 6, 13, 12, 2, 5, 2, 5, 19, 11, 7, 5, 4, 7, 1, 23, 7, 12, 18]
minimum_height = 119
----------
x_coordinates = [11, 23, 20, 12, 10, 0, 17, 13, 9, 0, 11, 9, 0, 7, 9, 23, 9, 19, 20, 14, 9, 8, 3, 4, 19, 16, 1, 1, 24]
y_coordinates = [48, 93, 113, 113, 117, 109, 89, 103, 114, 93, 93, 108, 80, 81, 106, 88, 104, 83, 64, 72, 97, 76, 72, 65, 88, 49, 58, 68, 46]
x_dimensions = [5, 7, 3, 8, 2, 9, 6, 4, 1, 9, 6, 3, 7, 7, 4, 7, 4, 11, 10, 6, 2, 6, 11, 7, 4, 4, 10, 2, 6]
y_dimensions = [21, 25, 5, 5, 1, 9, 24, 10, 4, 16, 10, 6, 13, 12, 2, 5, 2, 5, 19, 11, 7, 5, 4, 7, 1, 23, 7, 12, 18]
minimum_height = 118
----------
x_coordinates = [12, 23, 9, 1, 17, 3, 0, 10, 23, 14, 24, 7, 7, 23, 6, 16, 6, 19, 7, 1, 14, 24, 19, 0, 19, 19, 2, 17, 17]
y_coordinates = [48, 46, 56, 56, 58, 47, 93, 107, 113, 101, 107, 111, 94, 95, 109, 96, 107, 90, 75, 82, 94, 85, 81, 75, 95, 58, 68, 84, 40]
x_dimensions = [5, 7, 3, 8, 2, 9, 6, 4, 1, 9, 6, 3, 7, 7, 4, 7, 4, 11, 10, 6, 2, 6, 11, 7, 4, 4, 10, 2, 6]
y_dimensions = [21, 25, 5, 5, 1, 9, 24, 10, 4, 16, 10, 6, 13, 12, 2, 5, 2, 5, 19, 11, 7, 5, 4, 7, 1, 23, 7, 12, 18]
minimum_height = 117
----------
x_coordinates = [11, 23, 20, 12, 10, 0, 17, 13, 9, 0, 11, 9, 0, 7, 9, 23, 9, 19, 20, 14, 9, 8, 3, 4, 19, 16, 1, 1, 24]
y_coordinates = [47, 91, 111, 111, 115, 107, 87, 101, 112, 91, 91, 106, 78, 79, 104, 86, 102, 81, 62, 70, 95, 74, 70, 63, 86, 47, 56, 66, 44]
x_dimensions = [5, 7, 3, 8, 2, 9, 6, 4, 1, 9, 6, 3, 7, 7, 4, 7, 4, 11, 10, 6, 2, 6, 11, 7, 4, 4, 10, 2, 6]
y_dimensions = [21, 25, 5, 5, 1, 9, 24, 10, 4, 16, 10, 6, 13, 12, 2, 5, 2, 5, 19, 11, 7, 5, 4, 7, 1, 23, 7, 12, 18]
minimum_height = 116
----------
x_coordinates = [12, 23, 9, 1, 17, 3, 0, 10, 23, 14, 24, 7, 7, 23, 6, 16, 6, 19, 7, 1, 14, 24, 19, 0, 19, 19, 2, 17, 17]
y_coordinates = [47, 45, 55, 55, 57, 46, 91, 105, 111, 99, 105, 109, 92, 93, 107, 94, 105, 88, 73, 80, 92, 83, 79, 73, 93, 56, 66, 82, 38]
x_dimensions = [5, 7, 3, 8, 2, 9, 6, 4, 1, 9, 6, 3, 7, 7, 4, 7, 4, 11, 10, 6, 2, 6, 11, 7, 4, 4, 10, 2, 6]
y_dimensions = [21, 25, 5, 5, 1, 9, 24, 10, 4, 16, 10, 6, 13, 12, 2, 5, 2, 5, 19, 11, 7, 5, 4, 7, 1, 23, 7, 12, 18]
minimum_height = 115
----------
x_coordinates = [11, 23, 20, 12, 10, 0, 17, 13, 9, 0, 11, 9, 0, 7, 9, 23, 9, 19, 20, 14, 9, 8, 3, 4, 19, 16, 1, 1, 24]
y_coordinates = [46, 89, 109, 109, 113, 105, 85, 99, 110, 89, 89, 104, 76, 77, 102, 84, 100, 79, 60, 68, 93, 72, 68, 61, 84, 45, 54, 64, 42]
x_dimensions = [5, 7, 3, 8, 2, 9, 6, 4, 1, 9, 6, 3, 7, 7, 4, 7, 4, 11, 10, 6, 2, 6, 11, 7, 4, 4, 10, 2, 6]
y_dimensions = [21, 25, 5, 5, 1, 9, 24, 10, 4, 16, 10, 6, 13, 12, 2, 5, 2, 5, 19, 11, 7, 5, 4, 7, 1, 23, 7, 12, 18]
minimum_height = 114
----------
x_coordinates = [12, 23, 9, 1, 17, 3, 0, 10, 23, 14, 24, 7, 7, 23, 6, 16, 6, 19, 7, 1, 14, 24, 19, 0, 19, 19, 2, 17, 17]
y_coordinates = [46, 44, 54, 54, 56, 45, 89, 103, 109, 97, 103, 107, 90, 91, 105, 92, 103, 86, 71, 78, 90, 81, 77, 71, 91, 54, 64, 80, 36]
x_dimensions = [5, 7, 3, 8, 2, 9, 6, 4, 1, 9, 6, 3, 7, 7, 4, 7, 4, 11, 10, 6, 2, 6, 11, 7, 4, 4, 10, 2, 6]
y_dimensions = [21, 25, 5, 5, 1, 9, 24, 10, 4, 16, 10, 6, 13, 12, 2, 5, 2, 5, 19, 11, 7, 5, 4, 7, 1, 23, 7, 12, 18]
minimum_height = 113
----------
x_coordinates = [11, 23, 20, 12, 10, 0, 17, 13, 9, 0, 11, 9, 0, 7, 9, 23, 9, 19, 20, 14, 9, 8, 3, 4, 19, 16, 1, 1, 24]
y_coordinates = [45, 87, 107, 107, 111, 103, 83, 97, 108, 87, 87, 102, 74, 75, 100, 82, 98, 77, 58, 66, 91, 70, 66, 59, 82, 43, 52, 62, 40]
x_dimensions = [5, 7, 3, 8, 2, 9, 6, 4, 1, 9, 6, 3, 7, 7, 4, 7, 4, 11, 10, 6, 2, 6, 11, 7, 4, 4, 10, 2, 6]
y_dimensions = [21, 25, 5, 5, 1, 9, 24, 10, 4, 16, 10, 6, 13, 12, 2, 5, 2, 5, 19, 11, 7, 5, 4, 7, 1, 23, 7, 12, 18]
minimum_height = 112
----------
x_coordinates = [12, 23, 9, 1, 17, 3, 0, 10, 23, 14, 24, 7, 7, 23, 6, 16, 6, 19, 7, 1, 14, 24, 19, 0, 19, 19, 2, 17, 17]
y_coordinates = [45, 43, 53, 53, 55, 44, 87, 101, 107, 95, 101, 105, 88, 89, 103, 90, 101, 84, 69, 76, 88, 79, 75, 69, 89, 52, 62, 78, 34]
x_dimensions = [5, 7, 3, 8, 2, 9, 6, 4, 1, 9, 6, 3, 7, 7, 4, 7, 4, 11, 10, 6, 2, 6, 11, 7, 4, 4, 10, 2, 6]
y_dimensions = [21, 25, 5, 5, 1, 9, 24, 10, 4, 16, 10, 6, 13, 12, 2, 5, 2, 5, 19, 11, 7, 5, 4, 7, 1, 23, 7, 12, 18]
minimum_height = 111
----------
x_coordinates = [4, 9, 27, 19, 17, 0, 24, 20, 16, 0, 18, 16, 7, 0, 16, 17, 16, 19, 20, 14, 16, 1, 9, 7, 26, 0, 10, 22, 24]
y_coordinates = [44, 85, 105, 105, 109, 101, 81, 95, 106, 85, 85, 100, 72, 73, 98, 80, 96, 75, 56, 64, 89, 68, 60, 65, 80, 45, 53, 44, 38]
x_dimensions = [5, 7, 3, 8, 2, 9, 6, 4, 1, 9, 6, 3, 7, 7, 4, 7, 4, 11, 10, 6, 2, 6, 11, 7, 4, 4, 10, 2, 6]
y_dimensions = [21, 25, 5, 5, 1, 9, 24, 10, 4, 16, 10, 6, 13, 12, 2, 5, 2, 5, 19, 11, 7, 5, 4, 7, 1, 23, 7, 12, 18]
minimum_height = 110
----------
x_coordinates = [12, 23, 9, 1, 17, 3, 0, 10, 23, 14, 24, 7, 7, 23, 6, 16, 6, 19, 7, 1, 14, 24, 19, 0, 19, 19, 2, 17, 17]
y_coordinates = [44, 42, 52, 52, 54, 43, 85, 99, 105, 93, 99, 103, 86, 87, 101, 88, 99, 82, 67, 74, 86, 77, 73, 67, 87, 50, 60, 76, 32]
x_dimensions = [5, 7, 3, 8, 2, 9, 6, 4, 1, 9, 6, 3, 7, 7, 4, 7, 4, 11, 10, 6, 2, 6, 11, 7, 4, 4, 10, 2, 6]
y_dimensions = [21, 25, 5, 5, 1, 9, 24, 10, 4, 16, 10, 6, 13, 12, 2, 5, 2, 5, 19, 11, 7, 5, 4, 7, 1, 23, 7, 12, 18]
minimum_height = 109
----------
x_coordinates = [0, 9, 27, 19, 17, 0, 24, 20, 16, 0, 18, 16, 7, 0, 16, 17, 16, 19, 20, 14, 16, 1, 9, 7, 26, 5, 10, 22, 24]
y_coordinates = [43, 83, 103, 103, 107, 99, 79, 93, 104, 83, 83, 98, 70, 71, 96, 78, 94, 73, 54, 62, 87, 66, 58, 63, 78, 40, 51, 42, 36]
x_dimensions = [5, 7, 3, 8, 2, 9, 6, 4, 1, 9, 6, 3, 7, 7, 4, 7, 4, 11, 10, 6, 2, 6, 11, 7, 4, 4, 10, 2, 6]
y_dimensions = [21, 25, 5, 5, 1, 9, 24, 10, 4, 16, 10, 6, 13, 12, 2, 5, 2, 5, 19, 11, 7, 5, 4, 7, 1, 23, 7, 12, 18]
minimum_height = 108
----------
x_coordinates = [12, 23, 9, 1, 17, 3, 0, 10, 23, 14, 24, 7, 7, 23, 6, 16, 6, 19, 7, 1, 14, 24, 19, 0, 19, 19, 2, 17, 17]
y_coordinates = [43, 41, 51, 51, 53, 42, 83, 97, 103, 91, 97, 101, 84, 85, 99, 86, 97, 80, 65, 72, 84, 75, 71, 65, 85, 48, 58, 74, 30]
x_dimensions = [5, 7, 3, 8, 2, 9, 6, 4, 1, 9, 6, 3, 7, 7, 4, 7, 4, 11, 10, 6, 2, 6, 11, 7, 4, 4, 10, 2, 6]
y_dimensions = [21, 25, 5, 5, 1, 9, 24, 10, 4, 16, 10, 6, 13, 12, 2, 5, 2, 5, 19, 11, 7, 5, 4, 7, 1, 23, 7, 12, 18]
minimum_height = 107
----------
x_coordinates = [0, 9, 27, 19, 17, 0, 24, 20, 16, 0, 18, 16, 7, 0, 16, 17, 16, 19, 20, 14, 16, 1, 9, 7, 26, 5, 10, 22, 24]
y_coordinates = [42, 81, 101, 101, 105, 97, 77, 91, 102, 81, 81, 96, 68, 69, 94, 76, 92, 71, 52, 60, 85, 64, 56, 61, 76, 38, 49, 40, 34]
x_dimensions = [5, 7, 3, 8, 2, 9, 6, 4, 1, 9, 6, 3, 7, 7, 4, 7, 4, 11, 10, 6, 2, 6, 11, 7, 4, 4, 10, 2, 6]
y_dimensions = [21, 25, 5, 5, 1, 9, 24, 10, 4, 16, 10, 6, 13, 12, 2, 5, 2, 5, 19, 11, 7, 5, 4, 7, 1, 23, 7, 12, 18]
minimum_height = 106
----------
x_coordinates = [12, 23, 9, 1, 17, 3, 0, 10, 23, 14, 24, 7, 7, 23, 6, 16, 6, 19, 7, 1, 14, 24, 19, 0, 19, 19, 2, 17, 17]
y_coordinates = [42, 40, 50, 50, 52, 41, 81, 95, 101, 89, 95, 99, 82, 83, 97, 84, 95, 78, 63, 70, 82, 73, 69, 63, 83, 46, 56, 72, 28]
x_dimensions = [5, 7, 3, 8, 2, 9, 6, 4, 1, 9, 6, 3, 7, 7, 4, 7, 4, 11, 10, 6, 2, 6, 11, 7, 4, 4, 10, 2, 6]
y_dimensions = [21, 25, 5, 5, 1, 9, 24, 10, 4, 16, 10, 6, 13, 12, 2, 5, 2, 5, 19, 11, 7, 5, 4, 7, 1, 23, 7, 12, 18]
minimum_height = 105
----------
x_coordinates = [0, 9, 27, 19, 17, 0, 24, 20, 16, 0, 18, 16, 7, 0, 16, 17, 16, 19, 20, 14, 16, 1, 9, 7, 26, 5, 10, 22, 24]
y_coordinates = [41, 79, 99, 99, 103, 95, 75, 89, 100, 79, 79, 94, 66, 67, 92, 74, 90, 69, 50, 58, 83, 62, 54, 59, 74, 36, 47, 38, 32]
x_dimensions = [5, 7, 3, 8, 2, 9, 6, 4, 1, 9, 6, 3, 7, 7, 4, 7, 4, 11, 10, 6, 2, 6, 11, 7, 4, 4, 10, 2, 6]
y_dimensions = [21, 25, 5, 5, 1, 9, 24, 10, 4, 16, 10, 6, 13, 12, 2, 5, 2, 5, 19, 11, 7, 5, 4, 7, 1, 23, 7, 12, 18]
minimum_height = 104
----------
x_coordinates = [11, 16, 23, 3, 1, 1, 24, 4, 17, 8, 18, 1, 1, 17, 0, 10, 0, 13, 0, 24, 8, 18, 12, 23, 13, 26, 1, 10, 10]
y_coordinates = [41, 39, 49, 49, 51, 40, 79, 93, 99, 87, 93, 97, 80, 81, 95, 82, 93, 76, 61, 68, 80, 71, 67, 61, 81, 38, 54, 70, 23]
x_dimensions = [5, 7, 3, 8, 2, 9, 6, 4, 1, 9, 6, 3, 7, 7, 4, 7, 4, 11, 10, 6, 2, 6, 11, 7, 4, 4, 10, 2, 6]
y_dimensions = [21, 25, 5, 5, 1, 9, 24, 10, 4, 16, 10, 6, 13, 12, 2, 5, 2, 5, 19, 11, 7, 5, 4, 7, 1, 23, 7, 12, 18]
minimum_height = 103
----------
x_coordinates = [0, 9, 27, 19, 17, 0, 24, 20, 16, 0, 18, 16, 0, 7, 16, 17, 16, 19, 20, 14, 16, 8, 9, 13, 26, 5, 20, 11, 14]
y_coordinates = [40, 77, 97, 97, 101, 93, 73, 87, 98, 77, 77, 92, 64, 65, 90, 72, 88, 67, 48, 56, 81, 60, 52, 45, 72, 37, 41, 40, 27]
x_dimensions = [5, 7, 3, 8, 2, 9, 6, 4, 1, 9, 6, 3, 7, 7, 4, 7, 4, 11, 10, 6, 2, 6, 11, 7, 4, 4, 10, 2, 6]
y_dimensions = [21, 25, 5, 5, 1, 9, 24, 10, 4, 16, 10, 6, 13, 12, 2, 5, 2, 5, 19, 11, 7, 5, 4, 7, 1, 23, 7, 12, 18]
minimum_height = 102
----------
x_coordinates = [7, 0, 14, 22, 12, 21, 24, 20, 19, 7, 1, 16, 17, 0, 16, 8, 16, 0, 13, 24, 15, 5, 0, 23, 7, 17, 7, 11, 24]
y_coordinates = [40, 38, 48, 48, 50, 39, 77, 91, 97, 85, 91, 95, 78, 79, 93, 80, 91, 74, 59, 66, 78, 69, 65, 59, 79, 36, 33, 68, 21]
x_dimensions = [5, 7, 3, 8, 2, 9, 6, 4, 1, 9, 6, 3, 7, 7, 4, 7, 4, 11, 10, 6, 2, 6, 11, 7, 4, 4, 10, 2, 6]
y_dimensions = [21, 25, 5, 5, 1, 9, 24, 10, 4, 16, 10, 6, 13, 12, 2, 5, 2, 5, 19, 11, 7, 5, 4, 7, 1, 23, 7, 12, 18]
minimum_height = 101
----------
x_coordinates = [0, 9, 27, 19, 17, 0, 24, 20, 16, 0, 18, 16, 0, 7, 16, 17, 16, 19, 20, 14, 16, 8, 9, 13, 26, 5, 20, 11, 14]
y_coordinates = [39, 75, 95, 95, 99, 91, 71, 85, 96, 75, 75, 90, 62, 63, 88, 70, 86, 65, 46, 54, 79, 58, 50, 43, 70, 35, 39, 38, 25]
x_dimensions = [5, 7, 3, 8, 2, 9, 6, 4, 1, 9, 6, 3, 7, 7, 4, 7, 4, 11, 10, 6, 2, 6, 11, 7, 4, 4, 10, 2, 6]
y_dimensions = [21, 25, 5, 5, 1, 9, 24, 10, 4, 16, 10, 6, 13, 12, 2, 5, 2, 5, 19, 11, 7, 5, 4, 7, 1, 23, 7, 12, 18]
minimum_height = 100
----------
x_coordinates = [7, 0, 14, 22, 12, 21, 24, 20, 19, 7, 1, 16, 17, 0, 16, 8, 16, 0, 13, 24, 15, 5, 0, 23, 7, 17, 7, 11, 24]
y_coordinates = [39, 37, 47, 47, 49, 38, 75, 89, 95, 83, 89, 93, 76, 77, 91, 78, 89, 72, 57, 64, 76, 67, 63, 57, 77, 34, 32, 66, 20]
x_dimensions = [5, 7, 3, 8, 2, 9, 6, 4, 1, 9, 6, 3, 7, 7, 4, 7, 4, 11, 10, 6, 2, 6, 11, 7, 4, 4, 10, 2, 6]
y_dimensions = [21, 25, 5, 5, 1, 9, 24, 10, 4, 16, 10, 6, 13, 12, 2, 5, 2, 5, 19, 11, 7, 5, 4, 7, 1, 23, 7, 12, 18]
minimum_height = 99
----------
x_coordinates = [0, 9, 27, 19, 17, 0, 24, 20, 16, 0, 18, 16, 0, 7, 16, 17, 16, 19, 20, 14, 16, 8, 9, 13, 26, 5, 20, 11, 14]
y_coordinates = [38, 73, 93, 93, 97, 89, 69, 83, 94, 73, 73, 88, 60, 61, 86, 68, 84, 63, 44, 52, 77, 56, 48, 41, 68, 33, 37, 36, 23]
x_dimensions = [5, 7, 3, 8, 2, 9, 6, 4, 1, 9, 6, 3, 7, 7, 4, 7, 4, 11, 10, 6, 2, 6, 11, 7, 4, 4, 10, 2, 6]
y_dimensions = [21, 25, 5, 5, 1, 9, 24, 10, 4, 16, 10, 6, 13, 12, 2, 5, 2, 5, 19, 11, 7, 5, 4, 7, 1, 23, 7, 12, 18]
minimum_height = 98
----------
x_coordinates = [7, 0, 14, 22, 12, 21, 24, 20, 19, 7, 1, 16, 17, 0, 16, 8, 16, 0, 13, 24, 15, 5, 0, 23, 7, 17, 7, 11, 24]
y_coordinates = [38, 36, 46, 46, 48, 37, 73, 87, 93, 81, 87, 91, 74, 75, 89, 76, 87, 70, 55, 62, 74, 65, 61, 55, 75, 32, 31, 64, 19]
x_dimensions = [5, 7, 3, 8, 2, 9, 6, 4, 1, 9, 6, 3, 7, 7, 4, 7, 4, 11, 10, 6, 2, 6, 11, 7, 4, 4, 10, 2, 6]
y_dimensions = [21, 25, 5, 5, 1, 9, 24, 10, 4, 16, 10, 6, 13, 12, 2, 5, 2, 5, 19, 11, 7, 5, 4, 7, 1, 23, 7, 12, 18]
minimum_height = 97
----------
x_coordinates = [0, 9, 27, 19, 17, 0, 24, 20, 16, 0, 18, 16, 0, 7, 16, 17, 16, 19, 20, 14, 16, 8, 9, 13, 26, 5, 20, 11, 14]
y_coordinates = [37, 71, 91, 91, 95, 87, 67, 81, 92, 71, 71, 86, 58, 59, 84, 66, 82, 61, 42, 50, 75, 54, 46, 39, 66, 31, 35, 34, 21]
x_dimensions = [5, 7, 3, 8, 2, 9, 6, 4, 1, 9, 6, 3, 7, 7, 4, 7, 4, 11, 10, 6, 2, 6, 11, 7, 4, 4, 10, 2, 6]
y_dimensions = [21, 25, 5, 5, 1, 9, 24, 10, 4, 16, 10, 6, 13, 12, 2, 5, 2, 5, 19, 11, 7, 5, 4, 7, 1, 23, 7, 12, 18]
minimum_height = 96
----------
x_coordinates = [8, 0, 23, 15, 13, 17, 0, 10, 23, 14, 24, 7, 23, 7, 6, 14, 6, 7, 20, 1, 21, 12, 7, 13, 14, 26, 7, 18, 20]
y_coordinates = [37, 35, 45, 45, 47, 36, 71, 85, 91, 79, 85, 89, 72, 73, 87, 74, 85, 68, 53, 60, 72, 63, 59, 52, 73, 30, 30, 62, 18]
x_dimensions = [5, 7, 3, 8, 2, 9, 6, 4, 1, 9, 6, 3, 7, 7, 4, 7, 4, 11, 10, 6, 2, 6, 11, 7, 4, 4, 10, 2, 6]
y_dimensions = [21, 25, 5, 5, 1, 9, 24, 10, 4, 16, 10, 6, 13, 12, 2, 5, 2, 5, 19, 11, 7, 5, 4, 7, 1, 23, 7, 12, 18]
minimum_height = 95
----------
x_coordinates = [12, 23, 19, 16, 8, 7, 24, 0, 28, 6, 17, 25, 15, 0, 4, 19, 20, 13, 10, 11, 9, 24, 12, 23, 23, 26, 15, 5, 20]
y_coordinates = [6, 1, 20, 65, 93, 65, 45, 84, 41, 40, 25, 39, 47, 68, 92, 70, 36, 60, 75, 27, 32, 33, 2, 26, 93, 69, 38, 56, 75]
x_dimensions = [5, 7, 3, 8, 2, 9, 6, 4, 1, 9, 6, 3, 7, 7, 4, 7, 4, 11, 10, 6, 2, 6, 11, 7, 4, 4, 10, 2, 6]
y_dimensions = [21, 25, 5, 5, 1, 9, 24, 10, 4, 16, 10, 6, 13, 12, 2, 5, 2, 5, 19, 11, 7, 5, 4, 7, 1, 23, 7, 12, 18]
minimum_height = 94
----------
x_coordinates = [9, 23, 26, 17, 11, 21, 17, 25, 22, 9, 11, 10, 23, 14, 23, 10, 0, 15, 18, 5, 4, 10, 13, 15, 26, 6, 13, 28, 3]
y_coordinates = [17, 66, 47, 39, 79, 28, 55, 37, 89, 1, 59, 85, 53, 27, 91, 69, 78, 48, 8, 38, 73, 74, 44, 86, 27, 70, 79, 15, 20]
x_dimensions = [5, 7, 3, 8, 2, 9, 6, 4, 1, 9, 6, 3, 7, 7, 4, 7, 4, 11, 10, 6, 2, 6, 11, 7, 4, 4, 10, 2, 6]
y_dimensions = [21, 25, 5, 5, 1, 9, 24, 10, 4, 16, 10, 6, 13, 12, 2, 5, 2, 5, 19, 11, 7, 5, 4, 7, 1, 23, 7, 12, 18]
minimum_height = 93
----------
x_coordinates = [9, 21, 6, 22, 28, 13, 24, 18, 22, 14, 15, 23, 23, 14, 26, 2, 12, 13, 2, 21, 28, 20, 13, 14, 26, 9, 3, 22, 3]
y_coordinates = [24, 21, 81, 52, 39, 48, 68, 73, 47, 0, 23, 46, 3, 61, 47, 86, 20, 87, 5, 57, 40, 16, 83, 41, 20, 69, 45, 68, 56]
x_dimensions = [5, 7, 3, 8, 2, 9, 6, 4, 1, 9, 6, 3, 7, 7, 4, 7, 4, 11, 10, 6, 2, 6, 11, 7, 4, 4, 10, 2, 6]
y_dimensions = [21, 25, 5, 5, 1, 9, 24, 10, 4, 16, 10, 6, 13, 12, 2, 5, 2, 5, 19, 11, 7, 5, 4, 7, 1, 23, 7, 12, 18]
minimum_height = 92
----------
x_coordinates = [10, 7, 7, 22, 4, 13, 17, 19, 10, 21, 24, 14, 23, 20, 26, 2, 26, 19, 0, 13, 10, 12, 18, 23, 1, 9, 16, 11, 15]
y_coordinates = [7, 66, 2, 62, 5, 57, 67, 47, 56, 14, 78, 66, 48, 30, 88, 46, 4, 42, 9, 41, 0, 0, 0, 71, 89, 28, 5, 51, 12]
x_dimensions = [5, 7, 3, 8, 2, 9, 6, 4, 1, 9, 6, 3, 7, 7, 4, 7, 4, 11, 10, 6, 2, 6, 11, 7, 4, 4, 10, 2, 6]
y_dimensions = [21, 25, 5, 5, 1, 9, 24, 10, 4, 16, 10, 6, 13, 12, 2, 5, 2, 5, 19, 11, 7, 5, 4, 7, 1, 23, 7, 12, 18]
minimum_height = 91
----------
x_coordinates = [9, 14, 18, 22, 27, 19, 18, 5, 4, 21, 24, 27, 11, 18, 26, 8, 18, 19, 1, 13, 28, 24, 13, 21, 26, 1, 9, 28, 2]
y_coordinates = [34, 35, 30, 59, 89, 69, 6, 62, 11, 30, 20, 46, 20, 78, 86, 85, 4, 64, 15, 60, 52, 3, 0, 52, 88, 49, 71, 70, 72]
x_dimensions = [5, 7, 3, 8, 2, 9, 6, 4, 1, 9, 6, 3, 7, 7, 4, 7, 4, 11, 10, 6, 2, 6, 11, 7, 4, 4, 10, 2, 6]
y_dimensions = [21, 25, 5, 5, 1, 9, 24, 10, 4, 16, 10, 6, 13, 12, 2, 5, 2, 5, 19, 11, 7, 5, 4, 7, 1, 23, 7, 12, 18]
minimum_height = 90
----------
x_coordinates = [2, 19, 25, 13, 0, 21, 18, 26, 29, 0, 24, 18, 10, 19, 26, 4, 10, 18, 9, 13, 0, 24, 7, 12, 26, 26, 17, 11, 12]
y_coordinates = [28, 41, 14, 78, 32, 78, 10, 65, 36, 57, 19, 83, 2, 66, 63, 74, 0, 34, 39, 65, 33, 29, 33, 58, 88, 40, 1, 74, 15]
x_dimensions = [5, 7, 3, 8, 2, 9, 6, 4, 1, 9, 6, 3, 7, 7, 4, 7, 4, 11, 10, 6, 2, 6, 11, 7, 4, 4, 10, 2, 6]
y_dimensions = [21, 25, 5, 5, 1, 9, 24, 10, 4, 16, 10, 6, 13, 12, 2, 5, 2, 5, 19, 11, 7, 5, 4, 7, 1, 23, 7, 12, 18]
minimum_height = 89
----------
x_coordinates = [12, 23, 18, 10, 2, 21, 20, 16, 3, 6, 14, 19, 5, 20, 25, 19, 8, 0, 4, 15, 0, 14, 3, 16, 3, 11, 17, 21, 5]
y_coordinates = [0, 42, 82, 83, 37, 79, 18, 72, 66, 44, 28, 54, 4, 67, 3, 6, 17, 78, 21, 43, 37, 38, 40, 60, 3, 60, 11, 42, 60]
x_dimensions = [5, 7, 3, 8, 2, 9, 6, 4, 1, 9, 6, 3, 7, 7, 4, 7, 4, 11, 10, 6, 2, 6, 11, 7, 4, 4, 10, 2, 6]
y_dimensions = [21, 25, 5, 5, 1, 9, 24, 10, 4, 16, 10, 6, 13, 12, 2, 5, 2, 5, 19, 11, 7, 5, 4, 7, 1, 23, 7, 12, 18]
minimum_height = 88
----------
x_coordinates = [11, 23, 19, 3, 28, 11, 22, 18, 8, 3, 2, 21, 5, 22, 26, 4, 15, 6, 12, 17, 9, 16, 15, 16, 26, 7, 19, 2, 1]
y_coordinates = [32, 42, 63, 82, 41, 78, 18, 68, 40, 1, 31, 80, 18, 67, 81, 77, 11, 67, 13, 45, 37, 40, 2, 56, 80, 44, 6, 70, 41]
x_dimensions = [5, 7, 3, 8, 2, 9, 6, 4, 1, 9, 6, 3, 7, 7, 4, 7, 4, 11, 10, 6, 2, 6, 11, 7, 4, 4, 10, 2, 6]
y_dimensions = [21, 25, 5, 5, 1, 9, 24, 10, 4, 16, 10, 6, 13, 12, 2, 5, 2, 5, 19, 11, 7, 5, 4, 7, 1, 23, 7, 12, 18]
minimum_height = 87
----------
x_coordinates = [0, 23, 17, 9, 21, 0, 9, 15, 20, 0, 15, 20, 23, 16, 19, 2, 19, 5, 5, 17, 21, 24, 15, 19, 12, 26, 7, 17, 1]
y_coordinates = [32, 61, 81, 81, 85, 77, 57, 71, 82, 61, 61, 76, 48, 49, 74, 56, 72, 51, 32, 38, 65, 43, 34, 27, 56, 20, 25, 22, 14]
x_dimensions = [5, 7, 3, 8, 2, 9, 6, 4, 1, 9, 6, 3, 7, 7, 4, 7, 4, 11, 10, 6, 2, 6, 11, 7, 4, 4, 10, 2, 6]
y_dimensions = [21, 25, 5, 5, 1, 9, 24, 10, 4, 16, 10, 6, 13, 12, 2, 5, 2, 5, 19, 11, 7, 5, 4, 7, 1, 23, 7, 12, 18]
minimum_height = 86
----------
x_coordinates = [12, 21, 9, 1, 28, 2, 24, 4, 17, 8, 18, 1, 17, 0, 0, 10, 0, 0, 11, 11, 22, 24, 0, 4, 7, 17, 1, 28, 24]
y_coordinates = [32, 30, 40, 40, 42, 31, 61, 75, 81, 69, 75, 79, 62, 63, 77, 64, 75, 58, 13, 53, 55, 56, 54, 47, 63, 39, 24, 44, 12]
x_dimensions = [5, 7, 3, 8, 2, 9, 6, 4, 1, 9, 6, 3, 7, 7, 4, 7, 4, 11, 10, 6, 2, 6, 11, 7, 4, 4, 10, 2, 6]
y_dimensions = [21, 25, 5, 5, 1, 9, 24, 10, 4, 16, 10, 6, 13, 12, 2, 5, 2, 5, 19, 11, 7, 5, 4, 7, 1, 23, 7, 12, 18]
minimum_height = 85
----------
x_coordinates = [0, 23, 17, 9, 21, 0, 9, 15, 20, 0, 15, 20, 23, 16, 19, 2, 19, 5, 5, 17, 21, 24, 15, 19, 12, 26, 7, 17, 1]
y_coordinates = [31, 59, 79, 79, 83, 75, 55, 69, 80, 59, 59, 74, 46, 47, 72, 54, 70, 49, 30, 36, 63, 41, 32, 25, 54, 18, 23, 20, 12]
x_dimensions = [5, 7, 3, 8, 2, 9, 6, 4, 1, 9, 6, 3, 7, 7, 4, 7, 4, 11, 10, 6, 2, 6, 11, 7, 4, 4, 10, 2, 6]
y_dimensions = [21, 25, 5, 5, 1, 9, 24, 10, 4, 16, 10, 6, 13, 12, 2, 5, 2, 5, 19, 11, 7, 5, 4, 7, 1, 23, 7, 12, 18]
minimum_height = 84
----------
x_coordinates = [12, 0, 27, 19, 17, 21, 0, 17, 16, 21, 10, 7, 6, 13, 6, 23, 6, 13, 7, 24, 11, 1, 13, 17, 20, 7, 20, 17, 1]
y_coordinates = [31, 29, 39, 39, 41, 30, 59, 73, 79, 67, 73, 77, 60, 61, 75, 62, 73, 56, 12, 51, 53, 54, 52, 45, 61, 37, 23, 29, 11]
x_dimensions = [5, 7, 3, 8, 2, 9, 6, 4, 1, 9, 6, 3, 7, 7, 4, 7, 4, 11, 10, 6, 2, 6, 11, 7, 4, 4, 10, 2, 6]
y_dimensions = [21, 25, 5, 5, 1, 9, 24, 10, 4, 16, 10, 6, 13, 12, 2, 5, 2, 5, 19, 11, 7, 5, 4, 7, 1, 23, 7, 12, 18]
minimum_height = 83
----------
x_coordinates = [0, 23, 17, 9, 21, 0, 9, 15, 20, 0, 15, 20, 23, 16, 19, 2, 19, 5, 5, 17, 21, 24, 15, 19, 12, 26, 9, 1, 3]
y_coordinates = [30, 57, 77, 77, 81, 73, 53, 67, 78, 57, 57, 72, 44, 45, 70, 52, 68, 47, 28, 34, 61, 39, 30, 23, 52, 16, 21, 18, 10]
x_dimensions = [5, 7, 3, 8, 2, 9, 6, 4, 1, 9, 6, 3, 7, 7, 4, 7, 4, 11, 10, 6, 2, 6, 11, 7, 4, 4, 10, 2, 6]
y_dimensions = [21, 25, 5, 5, 1, 9, 24, 10, 4, 16, 10, 6, 13, 12, 2, 5, 2, 5, 19, 11, 7, 5, 4, 7, 1, 23, 7, 12, 18]
minimum_height = 82
----------
x_coordinates = [12, 6, 26, 1, 4, 18, 13, 16, 3, 19, 13, 1, 13, 6, 16, 8, 8, 2, 20, 0, 4, 20, 5, 19, 9, 26, 19, 0, 20]
y_coordinates = [1, 36, 75, 6, 65, 7, 32, 22, 65, 35, 71, 31, 58, 64, 56, 23, 4, 76, 16, 54, 68, 69, 28, 74, 63, 52, 0, 67, 51]
x_dimensions = [5, 7, 3, 8, 2, 9, 6, 4, 1, 9, 6, 3, 7, 7, 4, 7, 4, 11, 10, 6, 2, 6, 11, 7, 4, 4, 10, 2, 6]
y_dimensions = [21, 25, 5, 5, 1, 9, 24, 10, 4, 16, 10, 6, 13, 12, 2, 5, 2, 5, 19, 11, 7, 5, 4, 7, 1, 23, 7, 12, 18]
minimum_height = 81
----------
x_coordinates = [11, 23, 17, 9, 21, 0, 9, 15, 20, 0, 15, 20, 16, 23, 19, 2, 19, 0, 1, 24, 21, 18, 19, 12, 12, 26, 2, 16, 20]
y_coordinates = [29, 55, 75, 75, 79, 71, 51, 65, 76, 55, 55, 70, 42, 43, 68, 50, 66, 45, 26, 32, 59, 37, 28, 22, 50, 5, 19, 30, 10]
x_dimensions = [5, 7, 3, 8, 2, 9, 6, 4, 1, 9, 6, 3, 7, 7, 4, 7, 4, 11, 10, 6, 2, 6, 11, 7, 4, 4, 10, 2, 6]
y_dimensions = [21, 25, 5, 5, 1, 9, 24, 10, 4, 16, 10, 6, 13, 12, 2, 5, 2, 5, 19, 11, 7, 5, 4, 7, 1, 23, 7, 12, 18]
minimum_height = 80
----------
x_coordinates = [12, 8, 15, 6, 18, 4, 17, 25, 28, 15, 24, 4, 23, 1, 12, 1, 7, 14, 15, 0, 5, 20, 6, 17, 26, 25, 3, 13, 24]
y_coordinates = [28, 54, 74, 23, 77, 8, 34, 0, 74, 58, 33, 17, 43, 67, 20, 55, 19, 22, 1, 26, 60, 74, 50, 27, 78, 10, 1, 7, 56]
x_dimensions = [5, 7, 3, 8, 2, 9, 6, 4, 1, 9, 6, 3, 7, 7, 4, 7, 4, 11, 10, 6, 2, 6, 11, 7, 4, 4, 10, 2, 6]
y_dimensions = [21, 25, 5, 5, 1, 9, 24, 10, 4, 16, 10, 6, 13, 12, 2, 5, 2, 5, 19, 11, 7, 5, 4, 7, 1, 23, 7, 12, 18]
minimum_height = 79
----------
x_coordinates = [12, 9, 18, 7, 26, 3, 24, 19, 27, 21, 23, 4, 0, 9, 17, 2, 16, 15, 16, 3, 16, 18, 7, 0, 23, 26, 6, 7, 18]
y_coordinates = [28, 49, 45, 23, 4, 37, 54, 28, 0, 38, 28, 72, 59, 11, 39, 17, 53, 23, 4, 48, 58, 55, 74, 22, 3, 5, 4, 62, 60]
x_dimensions = [5, 7, 3, 8, 2, 9, 6, 4, 1, 9, 6, 3, 7, 7, 4, 7, 4, 11, 10, 6, 2, 6, 11, 7, 4, 4, 10, 2, 6]
y_dimensions = [21, 25, 5, 5, 1, 9, 24, 10, 4, 16, 10, 6, 13, 12, 2, 5, 2, 5, 19, 11, 7, 5, 4, 7, 1, 23, 7, 12, 18]
minimum_height = 78
----------
x_coordinates = [0, 23, 20, 12, 10, 14, 24, 4, 17, 8, 18, 1, 17, 0, 0, 10, 0, 0, 0, 11, 21, 5, 8, 5, 7, 10, 20, 19, 14]
y_coordinates = [28, 26, 36, 36, 38, 27, 53, 67, 73, 61, 67, 71, 54, 55, 69, 56, 67, 50, 9, 45, 47, 45, 41, 31, 55, 8, 19, 42, 9]
x_dimensions = [5, 7, 3, 8, 2, 9, 6, 4, 1, 9, 6, 3, 7, 7, 4, 7, 4, 11, 10, 6, 2, 6, 11, 7, 4, 4, 10, 2, 6]
y_dimensions = [21, 25, 5, 5, 1, 9, 24, 10, 4, 16, 10, 6, 13, 12, 2, 5, 2, 5, 19, 11, 7, 5, 4, 7, 1, 23, 7, 12, 18]
minimum_height = 77
----------
x_coordinates = [0, 23, 17, 9, 21, 0, 9, 15, 20, 0, 15, 20, 23, 16, 19, 9, 19, 5, 20, 12, 21, 6, 1, 13, 5, 9, 20, 18, 3]
y_coordinates = [27, 51, 71, 71, 75, 67, 47, 61, 72, 51, 51, 66, 38, 39, 64, 42, 62, 37, 19, 26, 55, 32, 23, 19, 50, 0, 12, 27, 5]
x_dimensions = [5, 7, 3, 8, 2, 9, 6, 4, 1, 9, 6, 3, 7, 7, 4, 7, 4, 11, 10, 6, 2, 6, 11, 7, 4, 4, 10, 2, 6]
y_dimensions = [21, 25, 5, 5, 1, 9, 24, 10, 4, 16, 10, 6, 13, 12, 2, 5, 2, 5, 19, 11, 7, 5, 4, 7, 1, 23, 7, 12, 18]
minimum_height = 76
----------
x_coordinates = [7, 23, 12, 15, 5, 14, 24, 20, 19, 0, 13, 10, 17, 10, 9, 3, 9, 6, 0, 0, 19, 13, 12, 0, 6, 26, 16, 21, 10]
y_coordinates = [27, 25, 35, 35, 37, 26, 51, 65, 71, 59, 65, 69, 52, 53, 67, 54, 65, 48, 8, 43, 45, 43, 22, 30, 53, 2, 15, 40, 4]
x_dimensions = [5, 7, 3, 8, 2, 9, 6, 4, 1, 9, 6, 3, 7, 7, 4, 7, 4, 11, 10, 6, 2, 6, 11, 7, 4, 4, 10, 2, 6]
y_dimensions = [21, 25, 5, 5, 1, 9, 24, 10, 4, 16, 10, 6, 13, 12, 2, 5, 2, 5, 19, 11, 7, 5, 4, 7, 1, 23, 7, 12, 18]
minimum_height = 75
----------
x_coordinates = [0, 23, 17, 9, 21, 0, 9, 15, 20, 0, 15, 20, 23, 16, 19, 9, 19, 5, 20, 12, 21, 6, 1, 9, 5, 16, 20, 18, 3]
y_coordinates = [26, 49, 69, 69, 73, 65, 45, 59, 70, 49, 49, 64, 36, 37, 62, 40, 60, 35, 17, 24, 53, 30, 22, 15, 48, 1, 10, 25, 4]
x_dimensions = [5, 7, 3, 8, 2, 9, 6, 4, 1, 9, 6, 3, 7, 7, 4, 7, 4, 11, 10, 6, 2, 6, 11, 7, 4, 4, 10, 2, 6]
y_dimensions = [21, 25, 5, 5, 1, 9, 24, 10, 4, 16, 10, 6, 13, 12, 2, 5, 2, 5, 19, 11, 7, 5, 4, 7, 1, 23, 7, 12, 18]
minimum_height = 74
----------
x_coordinates = [0, 23, 20, 12, 10, 12, 0, 26, 16, 7, 20, 17, 23, 16, 16, 9, 16, 12, 0, 6, 21, 15, 10, 5, 12, 26, 16, 21, 10]
y_coordinates = [26, 24, 34, 34, 36, 25, 49, 63, 69, 57, 63, 67, 50, 51, 65, 52, 63, 46, 7, 41, 39, 41, 21, 29, 51, 1, 14, 22, 3]
x_dimensions = [5, 7, 3, 8, 2, 9, 6, 4, 1, 9, 6, 3, 7, 7, 4, 7, 4, 11, 10, 6, 2, 6, 11, 7, 4, 4, 10, 2, 6]
y_dimensions = [21, 25, 5, 5, 1, 9, 24, 10, 4, 16, 10, 6, 13, 12, 2, 5, 2, 5, 19, 11, 7, 5, 4, 7, 1, 23, 7, 12, 18]
minimum_height = 73
----------
x_coordinates = [0, 23, 17, 9, 21, 0, 9, 15, 20, 0, 15, 20, 23, 16, 19, 9, 19, 5, 20, 6, 21, 12, 3, 7, 5, 14, 20, 18, 1]
y_coordinates = [25, 47, 67, 67, 71, 63, 43, 57, 68, 47, 47, 62, 34, 35, 60, 38, 58, 33, 15, 22, 51, 28, 18, 11, 46, 5, 8, 23, 0]
x_dimensions = [5, 7, 3, 8, 2, 9, 6, 4, 1, 9, 6, 3, 7, 7, 4, 7, 4, 11, 10, 6, 2, 6, 11, 7, 4, 4, 10, 2, 6]
y_dimensions = [21, 25, 5, 5, 1, 9, 24, 10, 4, 16, 10, 6, 13, 12, 2, 5, 2, 5, 19, 11, 7, 5, 4, 7, 1, 23, 7, 12, 18]
minimum_height = 72
----------
x_coordinates = [0, 23, 20, 12, 10, 12, 0, 10, 23, 14, 24, 7, 23, 6, 6, 16, 6, 6, 0, 17, 9, 11, 10, 5, 13, 26, 16, 21, 10]
y_coordinates = [25, 23, 33, 33, 35, 24, 47, 61, 67, 55, 61, 65, 48, 49, 63, 50, 61, 44, 6, 39, 37, 39, 20, 28, 49, 0, 13, 21, 2]
x_dimensions = [5, 7, 3, 8, 2, 9, 6, 4, 1, 9, 6, 3, 7, 7, 4, 7, 4, 11, 10, 6, 2, 6, 11, 7, 4, 4, 10, 2, 6]
y_dimensions = [21, 25, 5, 5, 1, 9, 24, 10, 4, 16, 10, 6, 13, 12, 2, 5, 2, 5, 19, 11, 7, 5, 4, 7, 1, 23, 7, 12, 18]
minimum_height = 71
----------
x_coordinates = [0, 9, 27, 19, 17, 0, 24, 20, 16, 0, 18, 16, 12, 5, 16, 23, 16, 19, 7, 24, 16, 18, 13, 17, 20, 1, 14, 5, 24]
y_coordinates = [24, 45, 65, 65, 69, 61, 41, 55, 66, 45, 45, 60, 32, 33, 58, 36, 56, 31, 13, 20, 49, 26, 9, 19, 44, 1, 2, 21, 2]
x_dimensions = [5, 7, 3, 8, 2, 9, 6, 4, 1, 9, 6, 3, 7, 7, 4, 7, 4, 11, 10, 6, 2, 6, 11, 7, 4, 4, 10, 2, 6]
y_dimensions = [21, 25, 5, 5, 1, 9, 24, 10, 4, 16, 10, 6, 13, 12, 2, 5, 2, 5, 19, 11, 7, 5, 4, 7, 1, 23, 7, 12, 18]
minimum_height = 70
----------
x_coordinates = [0, 23, 20, 12, 10, 14, 0, 10, 23, 14, 24, 7, 7, 23, 6, 16, 6, 6, 0, 17, 14, 6, 19, 5, 13, 10, 14, 17, 24]
y_coordinates = [24, 22, 32, 32, 34, 23, 45, 59, 65, 53, 59, 63, 46, 47, 61, 48, 59, 41, 5, 37, 46, 36, 18, 27, 40, 4, 4, 11, 0]
x_dimensions = [5, 7, 3, 8, 2, 9, 6, 4, 1, 9, 6, 3, 7, 7, 4, 7, 4, 11, 10, 6, 2, 6, 11, 7, 4, 4, 10, 2, 6]
y_dimensions = [21, 25, 5, 5, 1, 9, 24, 10, 4, 16, 10, 6, 13, 12, 2, 5, 2, 5, 19, 11, 7, 5, 4, 7, 1, 23, 7, 12, 18]
minimum_height = 69
----------
x_coordinates = [7, 0, 18, 10, 8, 21, 15, 11, 7, 21, 24, 7, 0, 12, 7, 8, 7, 19, 20, 0, 13, 14, 19, 12, 7, 6, 10, 10, 0]
y_coordinates = [23, 43, 63, 63, 67, 59, 39, 53, 64, 43, 33, 58, 30, 27, 56, 48, 54, 28, 9, 19, 41, 22, 5, 8, 53, 0, 15, 3, 1]
x_dimensions = [5, 7, 3, 8, 2, 9, 6, 4, 1, 9, 6, 3, 7, 7, 4, 7, 4, 11, 10, 6, 2, 6, 11, 7, 4, 4, 10, 2, 6]
y_dimensions = [21, 25, 5, 5, 1, 9, 24, 10, 4, 16, 10, 6, 13, 12, 2, 5, 2, 5, 19, 11, 7, 5, 4, 7, 1, 23, 7, 12, 18]
minimum_height = 68
----------
x_coordinates = [7, 23, 4, 15, 2, 14, 1, 17, 7, 21, 11, 8, 14, 7, 7, 23, 7, 12, 4, 17, 21, 1, 13, 0, 10, 0, 14, 12, 24]
y_coordinates = [23, 21, 31, 31, 33, 22, 43, 57, 63, 51, 57, 61, 44, 45, 59, 46, 57, 39, 4, 11, 44, 38, 0, 24, 44, 1, 4, 27, 3]
x_dimensions = [5, 7, 3, 8, 2, 9, 6, 4, 1, 9, 6, 3, 7, 7, 4, 7, 4, 11, 10, 6, 2, 6, 11, 7, 4, 4, 10, 2, 6]
y_dimensions = [21, 25, 5, 5, 1, 9, 24, 10, 4, 16, 10, 6, 13, 12, 2, 5, 2, 5, 19, 11, 7, 5, 4, 7, 1, 23, 7, 12, 18]
minimum_height = 67
----------
x_coordinates = [7, 0, 18, 10, 8, 21, 15, 11, 7, 21, 24, 7, 0, 12, 7, 8, 7, 19, 20, 1, 13, 2, 5, 1, 7, 16, 20, 14, 8]
y_coordinates = [22, 41, 61, 61, 65, 57, 37, 51, 62, 41, 31, 56, 28, 25, 54, 46, 52, 26, 7, 17, 39, 12, 0, 5, 51, 2, 0, 13, 4]
x_dimensions = [5, 7, 3, 8, 2, 9, 6, 4, 1, 9, 6, 3, 7, 7, 4, 7, 4, 11, 10, 6, 2, 6, 11, 7, 4, 4, 10, 2, 6]
y_dimensions = [21, 25, 5, 5, 1, 9, 24, 10, 4, 16, 10, 6, 13, 12, 2, 5, 2, 5, 19, 11, 7, 5, 4, 7, 1, 23, 7, 12, 18]
minimum_height = 66
----------
x_coordinates = [12, 23, 6, 5, 7, 0, 0, 1, 19, 7, 6, 20, 19, 16, 15, 19, 2, 19, 9, 1, 10, 6, 19, 23, 23, 26, 0, 17, 17]
y_coordinates = [22, 1, 50, 0, 55, 56, 32, 2, 54, 6, 30, 54, 36, 1, 44, 31, 30, 60, 46, 12, 22, 41, 49, 53, 0, 26, 23, 31, 13]
x_dimensions = [5, 7, 3, 8, 2, 9, 6, 4, 1, 9, 6, 3, 7, 7, 4, 7, 4, 11, 10, 6, 2, 6, 11, 7, 4, 4, 10, 2, 6]
y_dimensions = [21, 25, 5, 5, 1, 9, 24, 10, 4, 16, 10, 6, 13, 12, 2, 5, 2, 5, 19, 11, 7, 5, 4, 7, 1, 23, 7, 12, 18]
minimum_height = 65
----------
x_coordinates = [12, 1, 17, 12, 18, 21, 0, 1, 19, 14, 8, 9, 23, 17, 20, 23, 13, 1, 20, 8, 17, 16, 10, 5, 19, 6, 10, 10, 24]
y_coordinates = [21, 39, 11, 16, 29, 0, 0, 29, 23, 42, 54, 37, 51, 30, 28, 46, 14, 24, 9, 43, 22, 59, 0, 30, 58, 1, 4, 12, 28]
x_dimensions = [5, 7, 3, 8, 2, 9, 6, 4, 1, 9, 6, 3, 7, 7, 4, 7, 4, 11, 10, 6, 2, 6, 11, 7, 4, 4, 10, 2, 6]
y_dimensions = [21, 25, 5, 5, 1, 9, 24, 10, 4, 16, 10, 6, 13, 12, 2, 5, 2, 5, 19, 11, 7, 5, 4, 7, 1, 23, 7, 12, 18]
minimum_height = 64
----------
x_coordinates = [12, 23, 11, 1, 2, 4, 17, 6, 0, 21, 0, 11, 14, 13, 12, 0, 24, 9, 20, 6, 2, 1, 2, 0, 26, 7, 11, 0, 0]
y_coordinates = [21, 19, 8, 45, 62, 54, 20, 24, 0, 3, 35, 2, 0, 51, 43, 12, 1, 45, 44, 34, 55, 0, 50, 5, 0, 1, 13, 51, 17]
x_dimensions = [5, 7, 3, 8, 2, 9, 6, 4, 1, 9, 6, 3, 7, 7, 4, 7, 4, 11, 10, 6, 2, 6, 11, 7, 4, 4, 10, 2, 6]
y_dimensions = [21, 25, 5, 5, 1, 9, 24, 10, 4, 16, 10, 6, 13, 12, 2, 5, 2, 5, 19, 11, 7, 5, 4, 7, 1, 23, 7, 12, 18]
minimum_height = 63
----------
x_coordinates = [0, 23, 5, 14, 0, 14, 17, 6, 5, 2, 8, 5, 16, 23, 22, 23, 26, 0, 0, 11, 14, 14, 19, 23, 16, 10, 20, 0, 11]
y_coordinates = [1, 2, 1, 0, 49, 5, 34, 12, 13, 46, 0, 6, 14, 46, 0, 34, 0, 41, 22, 51, 21, 28, 58, 39, 27, 10, 27, 50, 33]
x_dimensions = [5, 7, 3, 8, 2, 9, 6, 4, 1, 9, 6, 3, 7, 7, 4, 7, 4, 11, 10, 6, 2, 6, 11, 7, 4, 4, 10, 2, 6]
y_dimensions = [21, 25, 5, 5, 1, 9, 24, 10, 4, 16, 10, 6, 13, 12, 2, 5, 2, 5, 19, 11, 7, 5, 4, 7, 1, 23, 7, 12, 18]
minimum_height = 62
----------
x_coordinates = [10, 23, 7, 0, 12, 15, 24, 0, 17, 15, 6, 0, 0, 12, 3, 3, 19, 8, 7, 4, 28, 6, 19, 0, 8, 19, 18, 17, 0]
y_coordinates = [0, 29, 16, 36, 24, 16, 1, 6, 54, 0, 21, 0, 41, 25, 16, 0, 29, 37, 42, 5, 54, 31, 25, 54, 36, 31, 54, 42, 18]
x_dimensions = [5, 7, 3, 8, 2, 9, 6, 4, 1, 9, 6, 3, 7, 7, 4, 7, 4, 11, 10, 6, 2, 6, 11, 7, 4, 4, 10, 2, 6]
y_dimensions = [21, 25, 5, 5, 1, 9, 24, 10, 4, 16, 10, 6, 13, 12, 2, 5, 2, 5, 19, 11, 7, 5, 4, 7, 1, 23, 7, 12, 18]
minimum_height = 61
----------
% Pruned 50000 learnt clauses
% Pruned 50000 learnt clauses
% Pruned 50000 learnt clauses
% Pruned 49992 learnt clauses
% Pruned 50000 learnt clauses
% Pruned 50000 learnt clauses
% Pruned 50000 learnt clauses
% Pruned 50000 learnt clauses
% Pruned 50000 learnt clauses
% Pruned 49994 learnt clauses
% Pruned 49995 learnt clauses
% Pruned 49992 learnt clauses
% Pruned 50000 learnt clauses
x_coordinates = [9, 23, 6, 6, 4, 21, 4, 0, 3, 0, 24, 0, 16, 16, 3, 0, 6, 10, 14, 24, 7, 24, 10, 9, 6, 0, 14, 4, 10]
y_coordinates = [0, 35, 16, 21, 16, 26, 29, 39, 49, 0, 16, 49, 47, 35, 53, 55, 26, 26, 7, 0, 53, 11, 31, 53, 28, 16, 0, 17, 35]
x_dimensions = [5, 7, 3, 8, 2, 9, 6, 4, 1, 9, 6, 3, 7, 7, 4, 7, 4, 11, 10, 6, 2, 6, 11, 7, 4, 4, 10, 2, 6]
y_dimensions = [21, 25, 5, 5, 1, 9, 24, 10, 4, 16, 10, 6, 13, 12, 2, 5, 2, 5, 19, 11, 7, 5, 4, 7, 1, 23, 7, 12, 18]
minimum_height = 60
----------
==========
%%%mzn-stat: nodes=1312817
%%%mzn-stat: failures=745393
%%%mzn-stat: restarts=12369
%%%mzn-stat: variables=12652
%%%mzn-stat: intVars=138
%%%mzn-stat: boolVariables=12512
%%%mzn-stat: propagators=3509
%%%mzn-stat: propagations=518781863
%%%mzn-stat: peakDepth=216
%%%mzn-stat: nogoods=745393
%%%mzn-stat: backjumps=304655
%%%mzn-stat: peakMem=0.00
%%%mzn-stat: time=238.766
%%%mzn-stat: initTime=0.036
%%%mzn-stat: solveTime=238.730
%%%mzn-stat: objective=60
%%%mzn-stat: optTime=238.730
%%%mzn-stat: baseMem=0.00
%%%mzn-stat: trailMem=0.05
%%%mzn-stat: randomSeed=1657200413
