x_coordinates = [3, 12, 31, 25, 19, 22, 17, 27, 5, 22, 10, 1, 26, 24, 28, 35, 29, 14, 25, 32, 14, 18, 21, 36, 27, 36, 31, 36, 27]
y_coordinates = [11, 102, 56, 74, 81, 113, 117, 119, 120, 121, 120, 111, 100, 124, 124, 131, 132, 131, 134, 117, 120, 123, 124, 117, 112, 125, 18, 72, 12]
x_dimensions = [15, 5, 5, 5, 5, 5, 5, 5, 5, 5, 4, 4, 4, 4, 4, 4, 4, 4, 4, 3, 3, 3, 3, 3, 3, 3, 3, 3, 3]
y_dimensions = [39, 18, 13, 11, 10, 8, 6, 5, 4, 3, 16, 15, 12, 9, 8, 6, 5, 4, 3, 15, 11, 10, 9, 8, 7, 6, 5, 4, 3]
minimum_height = 137
----------
x_coordinates = [11, 1, 27, 23, 7, 29, 3, 24, 34, 29, 20, 16, 32, 8, 12, 32, 7, 16, 33, 36, 25, 10, 0, 13, 28, 5, 35, 29, 26]
y_coordinates = [24, 49, 61, 102, 64, 128, 130, 127, 127, 125, 120, 116, 107, 127, 128, 119, 112, 132, 73, 111, 116, 117, 127, 120, 118, 124, 131, 111, 133]
x_dimensions = [15, 5, 5, 5, 5, 5, 5, 5, 5, 5, 4, 4, 4, 4, 4, 4, 4, 4, 4, 3, 3, 3, 3, 3, 3, 3, 3, 3, 3]
y_dimensions = [39, 18, 13, 11, 10, 8, 6, 5, 4, 3, 16, 15, 12, 9, 8, 6, 5, 4, 3, 15, 11, 10, 9, 8, 7, 6, 5, 4, 3]
minimum_height = 136
----------
x_coordinates = [3, 19, 31, 26, 20, 34, 6, 24, 29, 19, 11, 15, 35, 2, 30, 35, 4, 3, 29, 33, 1, 21, 8, 27, 32, 24, 33, 29, 18]
y_coordinates = [48, 58, 62, 59, 100, 125, 129, 130, 131, 129, 119, 117, 107, 126, 123, 119, 121, 104, 13, 92, 115, 119, 120, 122, 116, 124, 78, 75, 132]
x_dimensions = [15, 5, 5, 5, 5, 5, 5, 5, 5, 5, 4, 4, 4, 4, 4, 4, 4, 4, 4, 3, 3, 3, 3, 3, 3, 3, 3, 3, 3]
y_dimensions = [39, 18, 13, 11, 10, 8, 6, 5, 4, 3, 16, 15, 12, 9, 8, 6, 5, 4, 3, 15, 11, 10, 9, 8, 7, 6, 5, 4, 3]
minimum_height = 135
----------
x_coordinates = [3, 33, 28, 4, 11, 31, 17, 25, 34, 25, 13, 30, 4, 34, 5, 1, 35, 12, 9, 33, 10, 36, 22, 1, 33, 27, 32, 18, 32]
y_coordinates = [47, 59, 85, 93, 87, 107, 124, 129, 125, 126, 114, 115, 114, 116, 126, 128, 129, 130, 127, 92, 116, 106, 125, 120, 85, 120, 13, 115, 131]
x_dimensions = [15, 5, 5, 5, 5, 5, 5, 5, 5, 5, 4, 4, 4, 4, 4, 4, 4, 4, 4, 3, 3, 3, 3, 3, 3, 3, 3, 3, 3]
y_dimensions = [39, 18, 13, 11, 10, 8, 6, 5, 4, 3, 16, 15, 12, 9, 8, 6, 5, 4, 3, 15, 11, 10, 9, 8, 7, 6, 5, 4, 3]
minimum_height = 134
----------
x_coordinates = [11, 25, 26, 32, 27, 21, 21, 26, 30, 26, 17, 31, 12, 35, 13, 9, 29, 18, 35, 36, 22, 25, 25, 6, 0, 27, 34, 5, 3]
y_coordinates = [47, 29, 84, 81, 73, 119, 127, 125, 108, 130, 117, 118, 113, 117, 125, 126, 113, 111, 129, 97, 108, 109, 100, 125, 124, 119, 112, 113, 125]
x_dimensions = [15, 5, 5, 5, 5, 5, 5, 5, 5, 5, 4, 4, 4, 4, 4, 4, 4, 4, 4, 3, 3, 3, 3, 3, 3, 3, 3, 3, 3]
y_dimensions = [39, 18, 13, 11, 10, 8, 6, 5, 4, 3, 16, 15, 12, 9, 8, 6, 5, 4, 3, 15, 11, 10, 9, 8, 7, 6, 5, 4, 3]
minimum_height = 133
----------
x_coordinates = [10, 19, 24, 20, 2, 34, 12, 29, 32, 34, 13, 17, 1, 24, 8, 4, 25, 8, 33, 33, 8, 28, 21, 5, 36, 33, 1, 3, 11]
y_coordinates = [32, 98, 102, 74, 19, 108, 126, 126, 116, 129, 110, 117, 112, 118, 119, 126, 127, 128, 90, 93, 108, 115, 123, 118, 122, 120, 124, 108, 107]
x_dimensions = [15, 5, 5, 5, 5, 5, 5, 5, 5, 5, 4, 4, 4, 4, 4, 4, 4, 4, 4, 3, 3, 3, 3, 3, 3, 3, 3, 3, 3]
y_dimensions = [39, 18, 13, 11, 10, 8, 6, 5, 4, 3, 16, 15, 12, 9, 8, 6, 5, 4, 3, 15, 11, 10, 9, 8, 7, 6, 5, 4, 3]
minimum_height = 132
----------
x_coordinates = [11, 26, 25, 21, 19, 32, 15, 34, 32, 33, 14, 18, 28, 25, 29, 35, 33, 9, 30, 33, 11, 7, 22, 36, 35, 31, 32, 5, 13]
y_coordinates = [4, 77, 64, 85, 74, 96, 105, 109, 92, 128, 111, 113, 95, 119, 123, 114, 104, 127, 109, 77, 116, 117, 122, 120, 65, 112, 118, 29, 127]
x_dimensions = [15, 5, 5, 5, 5, 5, 5, 5, 5, 5, 4, 4, 4, 4, 4, 4, 4, 4, 4, 3, 3, 3, 3, 3, 3, 3, 3, 3, 3]
y_dimensions = [39, 18, 13, 11, 10, 8, 6, 5, 4, 3, 16, 15, 12, 9, 8, 6, 5, 4, 3, 15, 11, 10, 9, 8, 7, 6, 5, 4, 3]
minimum_height = 131
----------
x_coordinates = [4, 28, 23, 23, 9, 12, 33, 17, 30, 34, 22, 29, 4, 26, 33, 35, 33, 18, 35, 33, 29, 9, 28, 36, 28, 31, 32, 32, 31]
y_coordinates = [33, 61, 78, 59, 81, 120, 89, 120, 126, 113, 112, 88, 115, 121, 100, 116, 108, 112, 96, 70, 103, 120, 79, 122, 114, 115, 121, 37, 85]
x_dimensions = [15, 5, 5, 5, 5, 5, 5, 5, 5, 5, 4, 4, 4, 4, 4, 4, 4, 4, 4, 3, 3, 3, 3, 3, 3, 3, 3, 3, 3]
y_dimensions = [39, 18, 13, 11, 10, 8, 6, 5, 4, 3, 16, 15, 12, 9, 8, 6, 5, 4, 3, 15, 11, 10, 9, 8, 7, 6, 5, 4, 3]
minimum_height = 130
----------
x_coordinates = [8, 25, 23, 24, 26, 34, 34, 31, 34, 20, 29, 30, 9, 28, 34, 35, 27, 26, 30, 34, 29, 13, 22, 36, 17, 32, 32, 31, 22]
y_coordinates = [27, 105, 61, 74, 41, 91, 107, 124, 84, 122, 59, 98, 112, 89, 99, 115, 123, 98, 86, 69, 75, 119, 113, 121, 120, 118, 113, 30, 106]
x_dimensions = [15, 5, 5, 5, 5, 5, 5, 5, 5, 5, 4, 4, 4, 4, 4, 4, 4, 4, 4, 3, 3, 3, 3, 3, 3, 3, 3, 3, 3]
y_dimensions = [39, 18, 13, 11, 10, 8, 6, 5, 4, 3, 16, 15, 12, 9, 8, 6, 5, 4, 3, 15, 11, 10, 9, 8, 7, 6, 5, 4, 3]
minimum_height = 129
----------
x_coordinates = [9, 25, 29, 34, 28, 34, 34, 34, 34, 24, 30, 34, 9, 26, 35, 17, 31, 29, 35, 34, 29, 13, 23, 36, 21, 33, 33, 35, 26]
y_coordinates = [31, 106, 75, 78, 45, 57, 65, 89, 71, 125, 93, 94, 116, 88, 109, 121, 112, 124, 75, 42, 64, 118, 70, 120, 121, 122, 117, 38, 69]
x_dimensions = [15, 5, 5, 5, 5, 5, 5, 5, 5, 5, 4, 4, 4, 4, 4, 4, 4, 4, 4, 3, 3, 3, 3, 3, 3, 3, 3, 3, 3]
y_dimensions = [39, 18, 13, 11, 10, 8, 6, 5, 4, 3, 16, 15, 12, 9, 8, 6, 5, 4, 3, 15, 11, 10, 9, 8, 7, 6, 5, 4, 3]
minimum_height = 128
----------
x_coordinates = [8, 26, 29, 34, 16, 34, 34, 34, 34, 31, 30, 21, 8, 26, 35, 22, 35, 9, 31, 35, 30, 13, 35, 19, 16, 36, 33, 6, 31]
y_coordinates = [28, 109, 78, 76, 108, 97, 113, 87, 72, 124, 91, 103, 111, 69, 105, 121, 92, 123, 109, 47, 67, 117, 63, 118, 120, 121, 119, 123, 112]
x_dimensions = [15, 5, 5, 5, 5, 5, 5, 5, 5, 5, 4, 4, 4, 4, 4, 4, 4, 4, 4, 3, 3, 3, 3, 3, 3, 3, 3, 3, 3]
y_dimensions = [39, 18, 13, 11, 10, 8, 6, 5, 4, 3, 16, 15, 12, 9, 8, 6, 5, 4, 3, 15, 11, 10, 9, 8, 7, 6, 5, 4, 3]
minimum_height = 127
----------
x_coordinates = [11, 27, 34, 25, 20, 34, 34, 34, 34, 22, 30, 18, 1, 6, 23, 11, 35, 32, 10, 35, 31, 5, 35, 8, 15, 36, 33, 19, 32]
y_coordinates = [40, 108, 81, 92, 90, 99, 75, 94, 71, 120, 92, 106, 113, 93, 112, 119, 66, 122, 93, 51, 74, 116, 107, 118, 119, 119, 117, 121, 111]
x_dimensions = [15, 5, 5, 5, 5, 5, 5, 5, 5, 5, 4, 4, 4, 4, 4, 4, 4, 4, 4, 3, 3, 3, 3, 3, 3, 3, 3, 3, 3]
y_dimensions = [39, 18, 13, 11, 10, 8, 6, 5, 4, 3, 16, 15, 12, 9, 8, 6, 5, 4, 3, 15, 11, 10, 9, 8, 7, 6, 5, 4, 3]
minimum_height = 126
----------
x_coordinates = [10, 26, 12, 21, 11, 34, 31, 4, 34, 14, 31, 0, 8, 17, 35, 20, 17, 19, 16, 34, 30, 25, 36, 23, 16, 23, 11, 23, 9]
y_coordinates = [40, 107, 107, 108, 86, 95, 103, 118, 91, 122, 109, 108, 101, 107, 117, 90, 116, 121, 103, 76, 92, 90, 108, 100, 94, 119, 120, 86, 116]
x_dimensions = [15, 5, 5, 5, 5, 5, 5, 5, 5, 5, 4, 4, 4, 4, 4, 4, 4, 4, 4, 3, 3, 3, 3, 3, 3, 3, 3, 3, 3]
y_dimensions = [39, 18, 13, 11, 10, 8, 6, 5, 4, 3, 16, 15, 12, 9, 8, 6, 5, 4, 3, 15, 11, 10, 9, 8, 7, 6, 5, 4, 3]
minimum_height = 125
----------
x_coordinates = [11, 27, 17, 22, 10, 34, 7, 13, 12, 12, 32, 31, 20, 21, 32, 35, 35, 8, 24, 34, 18, 32, 36, 36, 34, 33, 36, 36, 4]
y_coordinates = [15, 99, 111, 110, 61, 64, 114, 106, 115, 120, 100, 49, 88, 101, 116, 93, 79, 120, 121, 34, 100, 90, 110, 85, 72, 84, 119, 99, 118]
x_dimensions = [15, 5, 5, 5, 5, 5, 5, 5, 5, 5, 4, 4, 4, 4, 4, 4, 4, 4, 4, 3, 3, 3, 3, 3, 3, 3, 3, 3, 3]
y_dimensions = [39, 18, 13, 11, 10, 8, 6, 5, 4, 3, 16, 15, 12, 9, 8, 6, 5, 4, 3, 15, 11, 10, 9, 8, 7, 6, 5, 4, 3]
minimum_height = 124
----------
x_coordinates = [11, 29, 31, 30, 6, 25, 30, 34, 34, 34, 14, 18, 26, 23, 35, 21, 35, 24, 24, 34, 29, 33, 27, 34, 34, 36, 22, 31, 34]
y_coordinates = [41, 81, 35, 99, 40, 103, 110, 118, 73, 80, 107, 108, 69, 114, 104, 100, 98, 82, 111, 48, 58, 63, 114, 83, 91, 112, 106, 119, 77]
x_dimensions = [15, 5, 5, 5, 5, 5, 5, 5, 5, 5, 4, 4, 4, 4, 4, 4, 4, 4, 4, 3, 3, 3, 3, 3, 3, 3, 3, 3, 3]
y_dimensions = [39, 18, 13, 11, 10, 8, 6, 5, 4, 3, 16, 15, 12, 9, 8, 6, 5, 4, 3, 15, 11, 10, 9, 8, 7, 6, 5, 4, 3]
minimum_height = 123
----------
x_coordinates = [1, 30, 9, 31, 16, 31, 31, 14, 15, 19, 20, 5, 27, 33, 35, 1, 16, 1, 30, 36, 13, 24, 28, 27, 36, 27, 33, 35, 34]
y_coordinates = [41, 104, 109, 61, 44, 87, 95, 117, 103, 117, 100, 107, 89, 78, 113, 108, 110, 114, 101, 63, 91, 110, 80, 103, 94, 113, 73, 109, 101]
x_dimensions = [15, 5, 5, 5, 5, 5, 5, 5, 5, 5, 4, 4, 4, 4, 4, 4, 4, 4, 4, 3, 3, 3, 3, 3, 3, 3, 3, 3, 3]
y_dimensions = [39, 18, 13, 11, 10, 8, 6, 5, 4, 3, 16, 15, 12, 9, 8, 6, 5, 4, 3, 15, 11, 10, 9, 8, 7, 6, 5, 4, 3]
minimum_height = 122
----------
x_coordinates = [7, 26, 28, 30, 34, 16, 34, 26, 13, 24, 31, 2, 18, 35, 14, 22, 6, 21, 32, 34, 16, 35, 36, 34, 36, 10, 29, 34, 33]
y_coordinates = [38, 92, 79, 63, 29, 101, 57, 110, 109, 115, 100, 106, 109, 93, 113, 108, 108, 91, 118, 42, 90, 102, 112, 85, 78, 112, 116, 74, 81]
x_dimensions = [15, 5, 5, 5, 5, 5, 5, 5, 5, 5, 4, 4, 4, 4, 4, 4, 4, 4, 4, 3, 3, 3, 3, 3, 3, 3, 3, 3, 3]
y_dimensions = [39, 18, 13, 11, 10, 8, 6, 5, 4, 3, 16, 15, 12, 9, 8, 6, 5, 4, 3, 15, 11, 10, 9, 8, 7, 6, 5, 4, 3]
minimum_height = 121
----------
x_coordinates = [7, 17, 26, 31, 19, 23, 32, 21, 28, 30, 35, 7, 31, 28, 32, 22, 14, 16, 35, 34, 11, 33, 36, 32, 13, 18, 34, 35, 14]
y_coordinates = [33, 96, 107, 67, 23, 98, 52, 115, 94, 78, 104, 103, 107, 98, 59, 109, 114, 79, 86, 37, 105, 89, 91, 99, 97, 114, 81, 100, 105]
x_dimensions = [15, 5, 5, 5, 5, 5, 5, 5, 5, 5, 4, 4, 4, 4, 4, 4, 4, 4, 4, 3, 3, 3, 3, 3, 3, 3, 3, 3, 3]
y_dimensions = [39, 18, 13, 11, 10, 8, 6, 5, 4, 3, 16, 15, 12, 9, 8, 6, 5, 4, 3, 15, 11, 10, 9, 8, 7, 6, 5, 4, 3]
minimum_height = 120
----------
x_coordinates = [11, 22, 27, 13, 26, 27, 31, 4, 28, 34, 32, 9, 35, 28, 18, 32, 17, 2, 2, 36, 21, 6, 36, 36, 16, 17, 33, 36, 19]
y_coordinates = [33, 101, 85, 108, 19, 98, 69, 94, 115, 116, 95, 94, 76, 106, 110, 89, 95, 113, 106, 61, 90, 108, 98, 108, 100, 89, 111, 94, 106]
x_dimensions = [15, 5, 5, 5, 5, 5, 5, 5, 5, 5, 4, 4, 4, 4, 4, 4, 4, 4, 4, 3, 3, 3, 3, 3, 3, 3, 3, 3, 3]
y_dimensions = [39, 18, 13, 11, 10, 8, 6, 5, 4, 3, 16, 15, 12, 9, 8, 6, 5, 4, 3, 15, 11, 10, 9, 8, 7, 6, 5, 4, 3]
minimum_height = 119
----------
x_coordinates = [2, 18, 30, 4, 25, 27, 31, 19, 30, 34, 35, 9, 35, 31, 15, 24, 33, 30, 14, 36, 27, 34, 24, 26, 15, 17, 28, 36, 26]
y_coordinates = [25, 92, 88, 100, 60, 101, 49, 110, 64, 72, 100, 103, 60, 109, 110, 112, 55, 73, 107, 85, 90, 75, 99, 82, 99, 59, 113, 51, 109]
x_dimensions = [15, 5, 5, 5, 5, 5, 5, 5, 5, 5, 4, 4, 4, 4, 4, 4, 4, 4, 4, 3, 3, 3, 3, 3, 3, 3, 3, 3, 3]
y_dimensions = [39, 18, 13, 11, 10, 8, 6, 5, 4, 3, 16, 15, 12, 9, 8, 6, 5, 4, 3, 15, 11, 10, 9, 8, 7, 6, 5, 4, 3]
minimum_height = 118
----------
x_coordinates = [1, 24, 16, 5, 4, 28, 32, 19, 29, 34, 35, 15, 35, 35, 21, 33, 32, 33, 22, 13, 25, 10, 32, 29, 26, 23, 33, 34, 36]
y_coordinates = [38, 80, 97, 104, 24, 109, 57, 92, 95, 93, 96, 80, 81, 63, 109, 47, 76, 72, 103, 95, 106, 105, 100, 101, 98, 74, 112, 53, 114]
x_dimensions = [15, 5, 5, 5, 5, 5, 5, 5, 5, 5, 4, 4, 4, 4, 4, 4, 4, 4, 4, 3, 3, 3, 3, 3, 3, 3, 3, 3, 3]
y_dimensions = [39, 18, 13, 11, 10, 8, 6, 5, 4, 3, 16, 15, 12, 9, 8, 6, 5, 4, 3, 15, 11, 10, 9, 8, 7, 6, 5, 4, 3]
minimum_height = 117
----------
x_coordinates = [2, 18, 6, 1, 17, 30, 34, 5, 30, 34, 35, 11, 35, 34, 31, 29, 34, 32, 23, 36, 27, 36, 24, 27, 15, 29, 34, 36, 32]
y_coordinates = [38, 96, 97, 99, 32, 105, 58, 110, 101, 87, 100, 99, 64, 44, 93, 80, 82, 76, 99, 29, 97, 90, 107, 108, 104, 86, 53, 78, 113]
x_dimensions = [15, 5, 5, 5, 5, 5, 5, 5, 5, 5, 4, 4, 4, 4, 4, 4, 4, 4, 4, 3, 3, 3, 3, 3, 3, 3, 3, 3, 3]
y_dimensions = [39, 18, 13, 11, 10, 8, 6, 5, 4, 3, 16, 15, 12, 9, 8, 6, 5, 4, 3, 15, 11, 10, 9, 8, 7, 6, 5, 4, 3]
minimum_height = 116
----------
x_coordinates = [6, 21, 29, 3, 7, 34, 34, 11, 25, 34, 35, 12, 35, 32, 16, 31, 35, 32, 4, 26, 20, 8, 26, 31, 23, 18, 36, 34, 17]
y_coordinates = [37, 81, 94, 99, 87, 106, 51, 109, 111, 103, 87, 94, 70, 61, 102, 86, 82, 57, 110, 87, 102, 101, 102, 107, 103, 86, 60, 43, 112]
x_dimensions = [15, 5, 5, 5, 5, 5, 5, 5, 5, 5, 4, 4, 4, 4, 4, 4, 4, 4, 4, 3, 3, 3, 3, 3, 3, 3, 3, 3, 3]
y_dimensions = [39, 18, 13, 11, 10, 8, 6, 5, 4, 3, 16, 15, 12, 9, 8, 6, 5, 4, 3, 15, 11, 10, 9, 8, 7, 6, 5, 4, 3]
minimum_height = 115
----------
x_coordinates = [11, 10, 29, 4, 1, 34, 34, 25, 12, 34, 33, 17, 8, 32, 21, 30, 32, 31, 0, 36, 23, 34, 26, 33, 9, 24, 35, 36, 33]
y_coordinates = [30, 86, 95, 102, 75, 106, 56, 109, 105, 76, 40, 95, 70, 62, 105, 108, 82, 72, 104, 81, 94, 96, 100, 87, 104, 86, 71, 62, 79]
x_dimensions = [15, 5, 5, 5, 5, 5, 5, 5, 5, 5, 4, 4, 4, 4, 4, 4, 4, 4, 4, 3, 3, 3, 3, 3, 3, 3, 3, 3, 3]
y_dimensions = [39, 18, 13, 11, 10, 8, 6, 5, 4, 3, 16, 15, 12, 9, 8, 6, 5, 4, 3, 15, 11, 10, 9, 8, 7, 6, 5, 4, 3]
minimum_height = 114
----------
x_coordinates = [6, 18, 34, 16, 2, 12, 34, 30, 15, 26, 35, 23, 19, 8, 27, 31, 9, 1, 35, 23, 31, 15, 27, 36, 16, 13, 5, 34, 36]
y_coordinates = [23, 95, 97, 72, 62, 94, 64, 92, 68, 89, 70, 98, 83, 91, 105, 85, 86, 94, 110, 83, 101, 103, 93, 89, 87, 88, 90, 60, 86]
x_dimensions = [15, 5, 5, 5, 5, 5, 5, 5, 5, 5, 4, 4, 4, 4, 4, 4, 4, 4, 4, 3, 3, 3, 3, 3, 3, 3, 3, 3, 3]
y_dimensions = [39, 18, 13, 11, 10, 8, 6, 5, 4, 3, 16, 15, 12, 9, 8, 6, 5, 4, 3, 15, 11, 10, 9, 8, 7, 6, 5, 4, 3]
minimum_height = 113
----------
x_coordinates = [9, 32, 30, 34, 16, 33, 32, 34, 28, 34, 34, 29, 23, 35, 29, 13, 35, 12, 26, 27, 33, 36, 31, 17, 31, 28, 33, 34, 20]
y_coordinates = [20, 48, 99, 15, 102, 82, 26, 90, 69, 95, 32, 73, 89, 98, 40, 94, 107, 100, 109, 94, 66, 72, 90, 94, 19, 88, 77, 9, 97]
x_dimensions = [15, 5, 5, 5, 5, 5, 5, 5, 5, 5, 4, 4, 4, 4, 4, 4, 4, 4, 4, 3, 3, 3, 3, 3, 3, 3, 3, 3, 3]
y_dimensions = [39, 18, 13, 11, 10, 8, 6, 5, 4, 3, 16, 15, 12, 9, 8, 6, 5, 4, 3, 15, 11, 10, 9, 8, 7, 6, 5, 4, 3]
minimum_height = 112
----------
x_coordinates = [2, 22, 30, 17, 21, 22, 31, 27, 34, 31, 34, 35, 19, 23, 35, 26, 35, 12, 35, 34, 32, 19, 32, 16, 21, 28, 20, 34, 16]
y_coordinates = [34, 65, 86, 63, 46, 83, 30, 100, 71, 108, 36, 83, 92, 102, 75, 94, 98, 102, 104, 52, 75, 74, 99, 99, 56, 105, 104, 67, 96]
x_dimensions = [15, 5, 5, 5, 5, 5, 5, 5, 5, 5, 4, 4, 4, 4, 4, 4, 4, 4, 4, 3, 3, 3, 3, 3, 3, 3, 3, 3, 3]
y_dimensions = [39, 18, 13, 11, 10, 8, 6, 5, 4, 3, 16, 15, 12, 9, 8, 6, 5, 4, 3, 15, 11, 10, 9, 8, 7, 6, 5, 4, 3]
minimum_height = 111
----------
x_coordinates = [0, 24, 33, 20, 25, 23, 31, 31, 28, 34, 29, 34, 33, 16, 31, 35, 35, 35, 33, 31, 28, 26, 25, 13, 27, 12, 31, 36, 36]
y_coordinates = [32, 59, 55, 96, 10, 88, 37, 105, 77, 44, 51, 80, 68, 101, 97, 99, 47, 95, 52, 82, 94, 49, 101, 94, 81, 104, 46, 40, 106]
x_dimensions = [15, 5, 5, 5, 5, 5, 5, 5, 5, 5, 4, 4, 4, 4, 4, 4, 4, 4, 4, 3, 3, 3, 3, 3, 3, 3, 3, 3, 3]
y_dimensions = [39, 18, 13, 11, 10, 8, 6, 5, 4, 3, 16, 15, 12, 9, 8, 6, 5, 4, 3, 15, 11, 10, 9, 8, 7, 6, 5, 4, 3]
minimum_height = 110
----------
x_coordinates = [0, 26, 33, 34, 13, 34, 34, 24, 28, 32, 22, 22, 29, 18, 32, 25, 35, 27, 21, 30, 31, 30, 33, 35, 32, 22, 19, 36, 30]
y_coordinates = [26, 81, 53, 98, 99, 90, 33, 67, 40, 79, 72, 88, 44, 100, 71, 103, 66, 99, 64, 56, 95, 30, 42, 82, 83, 103, 78, 39, 106]
x_dimensions = [15, 5, 5, 5, 5, 5, 5, 5, 5, 5, 4, 4, 4, 4, 4, 4, 4, 4, 4, 3, 3, 3, 3, 3, 3, 3, 3, 3, 3]
y_dimensions = [39, 18, 13, 11, 10, 8, 6, 5, 4, 3, 16, 15, 12, 9, 8, 6, 5, 4, 3, 15, 11, 10, 9, 8, 7, 6, 5, 4, 3]
minimum_height = 109
----------
x_coordinates = [11, 19, 34, 24, 2, 33, 34, 18, 24, 34, 29, 15, 18, 7, 15, 34, 35, 11, 35, 31, 32, 31, 33, 36, 31, 28, 28, 34, 18]
y_coordinates = [25, 89, 78, 90, 42, 91, 46, 65, 104, 75, 90, 93, 73, 99, 85, 69, 64, 100, 56, 68, 57, 47, 99, 100, 83, 82, 77, 52, 70]
x_dimensions = [15, 5, 5, 5, 5, 5, 5, 5, 5, 5, 4, 4, 4, 4, 4, 4, 4, 4, 4, 3, 3, 3, 3, 3, 3, 3, 3, 3, 3]
y_dimensions = [39, 18, 13, 11, 10, 8, 6, 5, 4, 3, 16, 15, 12, 9, 8, 6, 5, 4, 3, 15, 11, 10, 9, 8, 7, 6, 5, 4, 3]
minimum_height = 108
----------
x_coordinates = [1, 24, 32, 28, 16, 10, 34, 19, 30, 32, 31, 20, 30, 33, 35, 29, 32, 15, 16, 36, 34, 30, 33, 21, 35, 34, 18, 35, 36]
y_coordinates = [15, 89, 14, 41, 20, 99, 31, 94, 52, 104, 74, 79, 56, 37, 78, 98, 90, 98, 91, 86, 57, 31, 95, 99, 50, 68, 102, 46, 101]
x_dimensions = [15, 5, 5, 5, 5, 5, 5, 5, 5, 5, 4, 4, 4, 4, 4, 4, 4, 4, 4, 3, 3, 3, 3, 3, 3, 3, 3, 3, 3]
y_dimensions = [39, 18, 13, 11, 10, 8, 6, 5, 4, 3, 16, 15, 12, 9, 8, 6, 5, 4, 3, 15, 11, 10, 9, 8, 7, 6, 5, 4, 3]
minimum_height = 107
----------
x_coordinates = [4, 30, 21, 26, 12, 26, 34, 19, 31, 16, 35, 16, 20, 32, 31, 22, 31, 18, 29, 36, 30, 34, 33, 36, 35, 34, 13, 34, 34]
y_coordinates = [15, 12, 87, 85, 59, 98, 30, 52, 102, 99, 75, 79, 74, 93, 80, 100, 88, 102, 61, 91, 69, 36, 53, 54, 68, 62, 98, 46, 50]
x_dimensions = [15, 5, 5, 5, 5, 5, 5, 5, 5, 5, 4, 4, 4, 4, 4, 4, 4, 4, 4, 3, 3, 3, 3, 3, 3, 3, 3, 3, 3]
y_dimensions = [39, 18, 13, 11, 10, 8, 6, 5, 4, 3, 16, 15, 12, 9, 8, 6, 5, 4, 3, 15, 11, 10, 9, 8, 7, 6, 5, 4, 3]
minimum_height = 106
----------
x_coordinates = [5, 30, 22, 31, 3, 34, 33, 18, 34, 17, 35, 15, 21, 35, 31, 24, 26, 27, 35, 34, 19, 31, 34, 36, 36, 36, 14, 29, 33]
y_coordinates = [5, 69, 86, 58, 65, 14, 37, 57, 92, 98, 76, 83, 65, 96, 97, 99, 61, 91, 43, 22, 86, 87, 46, 55, 69, 63, 98, 42, 55]
x_dimensions = [15, 5, 5, 5, 5, 5, 5, 5, 5, 5, 4, 4, 4, 4, 4, 4, 4, 4, 4, 3, 3, 3, 3, 3, 3, 3, 3, 3, 3]
y_dimensions = [39, 18, 13, 11, 10, 8, 6, 5, 4, 3, 16, 15, 12, 9, 8, 6, 5, 4, 3, 15, 11, 10, 9, 8, 7, 6, 5, 4, 3]
minimum_height = 105
----------
x_coordinates = [8, 28, 5, 34, 23, 12, 31, 6, 29, 20, 17, 13, 24, 25, 32, 35, 13, 35, 30, 35, 21, 32, 36, 35, 19, 10, 17, 36, 29]
y_coordinates = [30, 63, 89, 84, 65, 69, 43, 75, 81, 98, 82, 79, 75, 94, 96, 70, 94, 51, 93, 55, 84, 50, 95, 76, 75, 94, 98, 47, 97]
x_dimensions = [15, 5, 5, 5, 5, 5, 5, 5, 5, 5, 4, 4, 4, 4, 4, 4, 4, 4, 4, 3, 3, 3, 3, 3, 3, 3, 3, 3, 3]
y_dimensions = [39, 18, 13, 11, 10, 8, 6, 5, 4, 3, 16, 15, 12, 9, 8, 6, 5, 4, 3, 15, 11, 10, 9, 8, 7, 6, 5, 4, 3]
minimum_height = 104
----------
x_coordinates = [7, 29, 9, 31, 22, 14, 33, 18, 30, 22, 23, 15, 19, 27, 33, 18, 35, 14, 31, 35, 26, 32, 36, 28, 25, 36, 35, 30, 27]
y_coordinates = [4, 57, 89, 85, 40, 73, 42, 56, 99, 100, 84, 82, 76, 90, 49, 97, 98, 97, 96, 59, 66, 75, 89, 82, 77, 74, 80, 47, 99]
x_dimensions = [15, 5, 5, 5, 5, 5, 5, 5, 5, 5, 4, 4, 4, 4, 4, 4, 4, 4, 4, 3, 3, 3, 3, 3, 3, 3, 3, 3, 3]
y_dimensions = [39, 18, 13, 11, 10, 8, 6, 5, 4, 3, 16, 15, 12, 9, 8, 6, 5, 4, 3, 15, 11, 10, 9, 8, 7, 6, 5, 4, 3]
minimum_height = 103
----------
x_coordinates = [11, 31, 19, 31, 13, 7, 34, 26, 34, 23, 28, 23, 27, 35, 35, 25, 31, 30, 32, 34, 31, 16, 36, 13, 24, 32, 36, 35, 29]
y_coordinates = [27, 37, 87, 88, 67, 92, 59, 36, 33, 69, 55, 72, 84, 75, 67, 96, 71, 32, 99, 18, 77, 86, 93, 93, 87, 65, 88, 84, 99]
x_dimensions = [15, 5, 5, 5, 5, 5, 5, 5, 5, 5, 4, 4, 4, 4, 4, 4, 4, 4, 4, 3, 3, 3, 3, 3, 3, 3, 3, 3, 3]
y_dimensions = [39, 18, 13, 11, 10, 8, 6, 5, 4, 3, 16, 15, 12, 9, 8, 6, 5, 4, 3, 15, 11, 10, 9, 8, 7, 6, 5, 4, 3]
minimum_height = 102
----------
x_coordinates = [11, 28, 30, 34, 6, 17, 21, 27, 26, 31, 33, 35, 35, 31, 32, 24, 32, 30, 30, 34, 31, 28, 27, 36, 24, 34, 22, 25, 34]
y_coordinates = [8, 48, 35, 24, 30, 92, 70, 66, 97, 6, 48, 80, 36, 81, 67, 87, 75, 31, 28, 9, 90, 87, 74, 72, 79, 95, 96, 93, 64]
x_dimensions = [15, 5, 5, 5, 5, 5, 5, 5, 5, 5, 4, 4, 4, 4, 4, 4, 4, 4, 4, 3, 3, 3, 3, 3, 3, 3, 3, 3, 3]
y_dimensions = [39, 18, 13, 11, 10, 8, 6, 5, 4, 3, 16, 15, 12, 9, 8, 6, 5, 4, 3, 15, 11, 10, 9, 8, 7, 6, 5, 4, 3]
minimum_height = 101
----------
x_coordinates = [11, 29, 31, 33, 11, 11, 28, 26, 27, 22, 34, 20, 27, 35, 33, 24, 16, 31, 28, 36, 32, 34, 33, 13, 36, 36, 36, 25, 33]
y_coordinates = [6, 50, 36, 7, 45, 92, 79, 95, 85, 48, 49, 83, 38, 91, 68, 89, 91, 96, 90, 34, 85, 23, 76, 84, 84, 78, 18, 81, 33]
x_dimensions = [15, 5, 5, 5, 5, 5, 5, 5, 5, 5, 4, 4, 4, 4, 4, 4, 4, 4, 4, 3, 3, 3, 3, 3, 3, 3, 3, 3, 3]
y_dimensions = [39, 18, 13, 11, 10, 8, 6, 5, 4, 3, 16, 15, 12, 9, 8, 6, 5, 4, 3, 15, 11, 10, 9, 8, 7, 6, 5, 4, 3]
minimum_height = 100
----------
x_coordinates = [12, 5, 15, 33, 34, 0, 28, 29, 31, 23, 35, 10, 11, 21, 32, 35, 20, 17, 17, 35, 36, 33, 29, 25, 14, 36, 26, 27, 36]
y_coordinates = [13, 77, 75, 49, 17, 87, 77, 71, 94, 75, 60, 82, 70, 87, 86, 43, 82, 95, 92, 28, 88, 76, 85, 81, 92, 82, 90, 95, 79]
x_dimensions = [15, 5, 5, 5, 5, 5, 5, 5, 5, 5, 4, 4, 4, 4, 4, 4, 4, 4, 4, 3, 3, 3, 3, 3, 3, 3, 3, 3, 3]
y_dimensions = [39, 18, 13, 11, 10, 8, 6, 5, 4, 3, 16, 15, 12, 9, 8, 6, 5, 4, 3, 15, 11, 10, 9, 8, 7, 6, 5, 4, 3]
minimum_height = 99
----------
x_coordinates = [8, 9, 29, 33, 4, 1, 34, 29, 34, 25, 14, 2, 6, 21, 33, 11, 10, 26, 32, 36, 36, 18, 30, 26, 24, 15, 31, 29, 36]
y_coordinates = [13, 63, 71, 55, 63, 75, 80, 50, 86, 89, 75, 83, 82, 89, 90, 92, 87, 93, 68, 39, 69, 83, 89, 70, 79, 91, 84, 67, 66]
x_dimensions = [15, 5, 5, 5, 5, 5, 5, 5, 5, 5, 4, 4, 4, 4, 4, 4, 4, 4, 4, 3, 3, 3, 3, 3, 3, 3, 3, 3, 3]
y_dimensions = [39, 18, 13, 11, 10, 8, 6, 5, 4, 3, 16, 15, 12, 9, 8, 6, 5, 4, 3, 15, 11, 10, 9, 8, 7, 6, 5, 4, 3]
minimum_height = 98
----------
x_coordinates = [6, 14, 34, 31, 8, 22, 33, 12, 17, 22, 31, 27, 30, 21, 34, 35, 26, 8, 35, 34, 36, 19, 36, 23, 24, 27, 36, 29, 36]
y_coordinates = [15, 74, 63, 35, 62, 83, 46, 92, 93, 91, 81, 82, 69, 45, 27, 79, 77, 93, 76, 12, 52, 76, 88, 75, 61, 71, 41, 65, 85]
x_dimensions = [15, 5, 5, 5, 5, 5, 5, 5, 5, 5, 4, 4, 4, 4, 4, 4, 4, 4, 4, 3, 3, 3, 3, 3, 3, 3, 3, 3, 3]
y_dimensions = [39, 18, 13, 11, 10, 8, 6, 5, 4, 3, 16, 15, 12, 9, 8, 6, 5, 4, 3, 15, 11, 10, 9, 8, 7, 6, 5, 4, 3]
minimum_height = 97
----------
x_coordinates = [10, 10, 33, 34, 5, 23, 30, 10, 2, 19, 35, 31, 30, 15, 34, 24, 28, 11, 30, 34, 36, 20, 33, 7, 24, 27, 36, 32, 35]
y_coordinates = [28, 68, 8, 69, 63, 74, 90, 90, 88, 91, 80, 53, 72, 85, 45, 82, 84, 86, 68, 21, 58, 81, 36, 85, 88, 89, 39, 86, 55]
x_dimensions = [15, 5, 5, 5, 5, 5, 5, 5, 5, 5, 4, 4, 4, 4, 4, 4, 4, 4, 4, 3, 3, 3, 3, 3, 3, 3, 3, 3, 3]
y_dimensions = [39, 18, 13, 11, 10, 8, 6, 5, 4, 3, 16, 15, 12, 9, 8, 6, 5, 4, 3, 15, 11, 10, 9, 8, 7, 6, 5, 4, 3]
minimum_height = 96
----------
x_coordinates = [7, 28, 31, 13, 3, 17, 34, 25, 23, 12, 33, 33, 35, 22, 9, 26, 30, 13, 35, 34, 30, 21, 32, 29, 31, 28, 36, 36, 35]
y_coordinates = [11, 21, 39, 71, 55, 82, 85, 70, 89, 92, 23, 52, 73, 80, 82, 83, 83, 88, 70, 8, 63, 66, 74, 75, 88, 89, 47, 91, 67]
x_dimensions = [15, 5, 5, 5, 5, 5, 5, 5, 5, 5, 4, 4, 4, 4, 4, 4, 4, 4, 4, 3, 3, 3, 3, 3, 3, 3, 3, 3, 3]
y_dimensions = [39, 18, 13, 11, 10, 8, 6, 5, 4, 3, 16, 15, 12, 9, 8, 6, 5, 4, 3, 15, 11, 10, 9, 8, 7, 6, 5, 4, 3]
minimum_height = 95
----------
x_coordinates = [5, 28, 30, 25, 21, 18, 34, 30, 7, 30, 33, 35, 30, 33, 35, 12, 32, 19, 35, 15, 36, 23, 36, 28, 26, 29, 36, 16, 35]
y_coordinates = [5, 22, 9, 73, 26, 82, 79, 67, 89, 72, 23, 53, 75, 44, 68, 86, 89, 90, 76, 71, 8, 84, 85, 52, 84, 88, 39, 90, 20]
x_dimensions = [15, 5, 5, 5, 5, 5, 5, 5, 5, 5, 4, 4, 4, 4, 4, 4, 4, 4, 4, 3, 3, 3, 3, 3, 3, 3, 3, 3, 3]
y_dimensions = [39, 18, 13, 11, 10, 8, 6, 5, 4, 3, 16, 15, 12, 9, 8, 6, 5, 4, 3, 15, 11, 10, 9, 8, 7, 6, 5, 4, 3]
minimum_height = 94
----------
x_coordinates = [11, 27, 29, 15, 6, 7, 30, 10, 2, 31, 32, 34, 35, 20, 31, 24, 35, 27, 35, 36, 34, 33, 12, 25, 28, 34, 36, 33, 35]
y_coordinates = [19, 51, 24, 82, 19, 84, 87, 79, 89, 3, 37, 53, 74, 83, 79, 85, 86, 5, 68, 5, 26, 10, 84, 77, 80, 20, 47, 6, 71]
x_dimensions = [15, 5, 5, 5, 5, 5, 5, 5, 5, 5, 4, 4, 4, 4, 4, 4, 4, 4, 4, 3, 3, 3, 3, 3, 3, 3, 3, 3, 3]
y_dimensions = [39, 18, 13, 11, 10, 8, 6, 5, 4, 3, 16, 15, 12, 9, 8, 6, 5, 4, 3, 15, 11, 10, 9, 8, 7, 6, 5, 4, 3]
minimum_height = 93
----------
x_coordinates = [6, 31, 23, 18, 29, 13, 4, 8, 17, 26, 21, 28, 35, 32, 31, 9, 35, 23, 31, 36, 25, 25, 17, 12, 28, 36, 36, 27, 36]
y_coordinates = [9, 42, 79, 81, 27, 84, 86, 69, 48, 76, 54, 61, 75, 66, 80, 86, 87, 48, 77, 49, 65, 55, 72, 74, 85, 64, 44, 51, 72]
x_dimensions = [15, 5, 5, 5, 5, 5, 5, 5, 5, 5, 4, 4, 4, 4, 4, 4, 4, 4, 4, 3, 3, 3, 3, 3, 3, 3, 3, 3, 3]
y_dimensions = [39, 18, 13, 11, 10, 8, 6, 5, 4, 3, 16, 15, 12, 9, 8, 6, 5, 4, 3, 15, 11, 10, 9, 8, 7, 6, 5, 4, 3]
minimum_height = 92
----------
x_coordinates = [11, 26, 20, 29, 31, 26, 28, 12, 29, 16, 22, 31, 31, 35, 35, 19, 33, 18, 33, 25, 13, 9, 30, 17, 34, 36, 36, 19, 36]
y_coordinates = [10, 65, 60, 42, 21, 83, 57, 66, 53, 81, 73, 63, 78, 64, 83, 54, 58, 77, 38, 50, 71, 64, 33, 64, 51, 73, 41, 73, 80]
x_dimensions = [15, 5, 5, 5, 5, 5, 5, 5, 5, 5, 4, 4, 4, 4, 4, 4, 4, 4, 4, 3, 3, 3, 3, 3, 3, 3, 3, 3, 3]
y_dimensions = [39, 18, 13, 11, 10, 8, 6, 5, 4, 3, 16, 15, 12, 9, 8, 6, 5, 4, 3, 15, 11, 10, 9, 8, 7, 6, 5, 4, 3]
minimum_height = 91
----------
x_coordinates = [5, 32, 24, 33, 7, 32, 30, 12, 34, 28, 28, 32, 21, 17, 35, 24, 34, 23, 35, 36, 25, 22, 36, 28, 20, 19, 36, 27, 35]
y_coordinates = [19, 27, 43, 10, 77, 50, 84, 81, 63, 23, 57, 67, 78, 81, 82, 62, 58, 20, 21, 67, 72, 68, 1, 76, 57, 72, 45, 19, 24]
x_dimensions = [15, 5, 5, 5, 5, 5, 5, 5, 5, 5, 4, 4, 4, 4, 4, 4, 4, 4, 4, 3, 3, 3, 3, 3, 3, 3, 3, 3, 3]
y_dimensions = [39, 18, 13, 11, 10, 8, 6, 5, 4, 3, 16, 15, 12, 9, 8, 6, 5, 4, 3, 15, 11, 10, 9, 8, 7, 6, 5, 4, 3]
minimum_height = 90
----------
x_coordinates = [7, 27, 27, 17, 29, 30, 32, 22, 30, 28, 34, 35, 22, 35, 35, 35, 10, 24, 35, 32, 27, 26, 34, 36, 28, 14, 16, 28, 36]
y_coordinates = [14, 22, 44, 73, 67, 81, 21, 49, 77, 57, 58, 27, 76, 80, 50, 74, 78, 40, 18, 39, 78, 68, 5, 42, 60, 73, 56, 40, 15]
x_dimensions = [15, 5, 5, 5, 5, 5, 5, 5, 5, 5, 4, 4, 4, 4, 4, 4, 4, 4, 4, 3, 3, 3, 3, 3, 3, 3, 3, 3, 3]
y_dimensions = [39, 18, 13, 11, 10, 8, 6, 5, 4, 3, 16, 15, 12, 9, 8, 6, 5, 4, 3, 15, 11, 10, 9, 8, 7, 6, 5, 4, 3]
minimum_height = 89
----------
x_coordinates = [6, 16, 21, 34, 30, 31, 9, 9, 18, 30, 35, 17, 26, 2, 12, 23, 18, 29, 35, 14, 36, 27, 33, 6, 28, 3, 36, 34, 35]
y_coordinates = [6, 45, 65, 50, 70, 80, 76, 82, 83, 67, 61, 63, 59, 77, 49, 79, 78, 36, 34, 69, 77, 71, 41, 76, 81, 71, 45, 37, 31]
x_dimensions = [15, 5, 5, 5, 5, 5, 5, 5, 5, 5, 4, 4, 4, 4, 4, 4, 4, 4, 4, 3, 3, 3, 3, 3, 3, 3, 3, 3, 3]
y_dimensions = [39, 18, 13, 11, 10, 8, 6, 5, 4, 3, 16, 15, 12, 9, 8, 6, 5, 4, 3, 15, 11, 10, 9, 8, 7, 6, 5, 4, 3]
minimum_height = 88
----------
x_coordinates = [1, 31, 24, 13, 30, 32, 28, 18, 19, 14, 35, 6, 28, 35, 35, 24, 22, 2, 6, 29, 10, 3, 20, 11, 32, 18, 36, 9, 35]
y_coordinates = [6, 26, 68, 61, 71, 54, 81, 77, 83, 83, 62, 69, 44, 78, 46, 81, 60, 59, 61, 56, 61, 69, 51, 77, 63, 69, 41, 57, 23]
x_dimensions = [15, 5, 5, 5, 5, 5, 5, 5, 5, 5, 4, 4, 4, 4, 4, 4, 4, 4, 4, 3, 3, 3, 3, 3, 3, 3, 3, 3, 3]
y_dimensions = [39, 18, 13, 11, 10, 8, 6, 5, 4, 3, 16, 15, 12, 9, 8, 6, 5, 4, 3, 15, 11, 10, 9, 8, 7, 6, 5, 4, 3]
minimum_height = 87
----------
x_coordinates = [6, 21, 25, 8, 34, 17, 29, 25, 4, 30, 13, 14, 17, 30, 33, 9, 29, 5, 35, 36, 22, 2, 18, 27, 33, 5, 25, 1, 36]
y_coordinates = [7, 50, 68, 67, 73, 77, 57, 81, 82, 83, 70, 47, 65, 74, 48, 80, 63, 78, 83, 58, 72, 71, 55, 49, 66, 72, 44, 81, 45]
x_dimensions = [15, 5, 5, 5, 5, 5, 5, 5, 5, 5, 4, 4, 4, 4, 4, 4, 4, 4, 4, 3, 3, 3, 3, 3, 3, 3, 3, 3, 3]
y_dimensions = [39, 18, 13, 11, 10, 8, 6, 5, 4, 3, 16, 15, 12, 9, 8, 6, 5, 4, 3, 15, 11, 10, 9, 8, 7, 6, 5, 4, 3]
minimum_height = 86
----------
x_coordinates = [1, 23, 29, 30, 34, 20, 33, 2, 7, 28, 18, 8, 5, 35, 19, 22, 22, 25, 35, 33, 26, 12, 20, 15, 36, 9, 16, 15, 36]
y_coordinates = [6, 43, 71, 45, 75, 61, 38, 80, 80, 42, 69, 52, 68, 44, 43, 79, 74, 68, 53, 56, 73, 71, 52, 66, 68, 70, 50, 79, 65]
x_dimensions = [15, 5, 5, 5, 5, 5, 5, 5, 5, 5, 4, 4, 4, 4, 4, 4, 4, 4, 4, 3, 3, 3, 3, 3, 3, 3, 3, 3, 3]
y_dimensions = [39, 18, 13, 11, 10, 8, 6, 5, 4, 3, 16, 15, 12, 9, 8, 6, 5, 4, 3, 15, 11, 10, 9, 8, 7, 6, 5, 4, 3]
minimum_height = 85
----------
x_coordinates = [10, 3, 29, 34, 24, 34, 20, 16, 7, 23, 35, 13, 7, 31, 10, 12, 28, 32, 32, 33, 1, 4, 36, 32, 17, 35, 10, 21, 35]
y_coordinates = [0, 39, 71, 65, 74, 76, 68, 78, 80, 55, 40, 56, 68, 48, 39, 75, 66, 57, 62, 25, 73, 73, 56, 40, 70, 16, 55, 79, 22]
x_dimensions = [15, 5, 5, 5, 5, 5, 5, 5, 5, 5, 4, 4, 4, 4, 4, 4, 4, 4, 4, 3, 3, 3, 3, 3, 3, 3, 3, 3, 3]
y_dimensions = [39, 18, 13, 11, 10, 8, 6, 5, 4, 3, 16, 15, 12, 9, 8, 6, 5, 4, 3, 15, 11, 10, 9, 8, 7, 6, 5, 4, 3]
minimum_height = 84
----------
x_coordinates = [10, 14, 30, 25, 13, 20, 7, 21, 34, 15, 18, 10, 0, 35, 34, 35, 31, 19, 31, 34, 33, 22, 12, 28, 4, 36, 36, 22, 35]
y_coordinates = [3, 42, 70, 66, 73, 59, 69, 46, 43, 64, 67, 49, 66, 62, 24, 76, 65, 42, 62, 47, 32, 69, 64, 58, 69, 37, 71, 79, 21]
x_dimensions = [15, 5, 5, 5, 5, 5, 5, 5, 5, 5, 4, 4, 4, 4, 4, 4, 4, 4, 4, 3, 3, 3, 3, 3, 3, 3, 3, 3, 3]
y_dimensions = [39, 18, 13, 11, 10, 8, 6, 5, 4, 3, 16, 15, 12, 9, 8, 6, 5, 4, 3, 15, 11, 10, 9, 8, 7, 6, 5, 4, 3]
minimum_height = 83
----------
x_coordinates = [10, 22, 34, 29, 7, 24, 16, 26, 34, 29, 27, 5, 12, 35, 33, 31, 31, 24, 3, 36, 31, 36, 21, 9, 21, 36, 36, 23, 36]
y_coordinates = [3, 42, 69, 71, 72, 70, 68, 61, 41, 68, 45, 54, 62, 60, 9, 57, 63, 66, 71, 20, 44, 50, 73, 64, 66, 35, 45, 60, 17]
x_dimensions = [15, 5, 5, 5, 5, 5, 5, 5, 5, 5, 4, 4, 4, 4, 4, 4, 4, 4, 4, 3, 3, 3, 3, 3, 3, 3, 3, 3, 3]
y_dimensions = [39, 18, 13, 11, 10, 8, 6, 5, 4, 3, 16, 15, 12, 9, 8, 6, 5, 4, 3, 15, 11, 10, 9, 8, 7, 6, 5, 4, 3]
minimum_height = 82
----------
x_coordinates = [9, 8, 30, 31, 26, 29, 29, 26, 31, 25, 32, 12, 28, 13, 29, 35, 35, 21, 17, 36, 36, 24, 32, 33, 35, 36, 29, 25, 35]
y_coordinates = [2, 60, 68, 14, 15, 31, 25, 42, 39, 72, 43, 45, 56, 66, 5, 61, 74, 69, 67, 46, 35, 57, 59, 6, 67, 24, 51, 67, 3]
x_dimensions = [15, 5, 5, 5, 5, 5, 5, 5, 5, 5, 4, 4, 4, 4, 4, 4, 4, 4, 4, 3, 3, 3, 3, 3, 3, 3, 3, 3, 3]
y_dimensions = [39, 18, 13, 11, 10, 8, 6, 5, 4, 3, 16, 15, 12, 9, 8, 6, 5, 4, 3, 15, 11, 10, 9, 8, 7, 6, 5, 4, 3]
minimum_height = 81
----------
x_coordinates = [4, 30, 31, 26, 9, 22, 26, 31, 17, 16, 23, 35, 35, 35, 20, 31, 28, 27, 31, 11, 14, 27, 36, 26, 6, 36, 21, 29, 36]
y_coordinates = [12, 43, 20, 23, 70, 72, 66, 62, 69, 75, 48, 44, 68, 35, 38, 70, 34, 72, 67, 55, 63, 56, 59, 40, 67, 29, 64, 76, 26]
x_dimensions = [15, 5, 5, 5, 5, 5, 5, 5, 5, 5, 4, 4, 4, 4, 4, 4, 4, 4, 4, 3, 3, 3, 3, 3, 3, 3, 3, 3, 3]
y_dimensions = [39, 18, 13, 11, 10, 8, 6, 5, 4, 3, 16, 15, 12, 9, 8, 6, 5, 4, 3, 15, 11, 10, 9, 8, 7, 6, 5, 4, 3]
minimum_height = 80
----------
x_coordinates = [11, 34, 34, 32, 19, 8, 29, 33, 28, 28, 4, 30, 31, 24, 3, 32, 30, 32, 24, 16, 16, 35, 13, 29, 12, 36, 1, 34, 36]
y_coordinates = [3, 46, 4, 30, 63, 63, 60, 68, 66, 70, 63, 45, 18, 62, 40, 73, 13, 41, 71, 64, 53, 17, 63, 37, 72, 73, 63, 64, 43]
x_dimensions = [15, 5, 5, 5, 5, 5, 5, 5, 5, 5, 4, 4, 4, 4, 4, 4, 4, 4, 4, 3, 3, 3, 3, 3, 3, 3, 3, 3, 3]
y_dimensions = [39, 18, 13, 11, 10, 8, 6, 5, 4, 3, 16, 15, 12, 9, 8, 6, 5, 4, 3, 15, 11, 10, 9, 8, 7, 6, 5, 4, 3]
minimum_height = 79
----------
x_coordinates = [6, 27, 30, 33, 22, 31, 31, 34, 29, 29, 35, 32, 15, 23, 11, 35, 34, 35, 19, 19, 21, 36, 26, 36, 23, 36, 8, 36, 14]
y_coordinates = [14, 47, 7, 39, 59, 31, 65, 73, 74, 71, 15, 50, 64, 49, 64, 9, 0, 5, 72, 57, 38, 51, 69, 61, 70, 33, 70, 69, 60]
x_dimensions = [15, 5, 5, 5, 5, 5, 5, 5, 5, 5, 4, 4, 4, 4, 4, 4, 4, 4, 4, 3, 3, 3, 3, 3, 3, 3, 3, 3, 3]
y_dimensions = [39, 18, 13, 11, 10, 8, 6, 5, 4, 3, 16, 15, 12, 9, 8, 6, 5, 4, 3, 15, 11, 10, 9, 8, 7, 6, 5, 4, 3]
minimum_height = 78
----------
x_coordinates = [0, 33, 31, 17, 21, 26, 34, 34, 30, 29, 27, 35, 35, 25, 11, 23, 15, 31, 19, 18, 22, 36, 26, 31, 15, 32, 8, 18, 36]
y_coordinates = [13, 18, 5, 42, 67, 60, 66, 72, 56, 73, 35, 51, 39, 51, 65, 37, 35, 37, 35, 55, 50, 8, 68, 65, 69, 50, 69, 71, 36]
x_dimensions = [15, 5, 5, 5, 5, 5, 5, 5, 5, 5, 4, 4, 4, 4, 4, 4, 4, 4, 4, 3, 3, 3, 3, 3, 3, 3, 3, 3, 3]
y_dimensions = [39, 18, 13, 11, 10, 8, 6, 5, 4, 3, 16, 15, 12, 9, 8, 6, 5, 4, 3, 15, 11, 10, 9, 8, 7, 6, 5, 4, 3]
minimum_height = 77
----------
x_coordinates = [1, 34, 33, 25, 26, 26, 34, 3, 30, 34, 15, 22, 21, 30, 11, 19, 26, 33, 19, 19, 18, 34, 31, 8, 23, 16, 0, 12, 36]
y_coordinates = [16, 49, 14, 41, 58, 68, 67, 71, 45, 73, 57, 52, 40, 49, 64, 67, 53, 27, 73, 52, 40, 35, 66, 66, 69, 51, 70, 72, 32]
x_dimensions = [15, 5, 5, 5, 5, 5, 5, 5, 5, 5, 4, 4, 4, 4, 4, 4, 4, 4, 4, 3, 3, 3, 3, 3, 3, 3, 3, 3, 3]
y_dimensions = [39, 18, 13, 11, 10, 8, 6, 5, 4, 3, 16, 15, 12, 9, 8, 6, 5, 4, 3, 15, 11, 10, 9, 8, 7, 6, 5, 4, 3]
minimum_height = 76
----------
x_coordinates = [5, 14, 20, 24, 34, 27, 34, 4, 34, 33, 1, 30, 32, 35, 1, 26, 15, 32, 22, 33, 35, 36, 31, 11, 19, 29, 1, 29, 36]
y_coordinates = [13, 52, 14, 42, 49, 21, 69, 69, 22, 19, 37, 60, 26, 59, 14, 69, 70, 15, 67, 0, 38, 28, 51, 67, 67, 37, 69, 17, 16]
x_dimensions = [15, 5, 5, 5, 5, 5, 5, 5, 5, 5, 4, 4, 4, 4, 4, 4, 4, 4, 4, 3, 3, 3, 3, 3, 3, 3, 3, 3, 3]
y_dimensions = [39, 18, 13, 11, 10, 8, 6, 5, 4, 3, 16, 15, 12, 9, 8, 6, 5, 4, 3, 15, 11, 10, 9, 8, 7, 6, 5, 4, 3]
minimum_height = 75
----------
x_coordinates = [8, 0, 30, 22, 34, 25, 30, 17, 16, 12, 27, 33, 35, 35, 4, 24, 5, 26, 35, 34, 19, 36, 31, 9, 33, 31, 2, 22, 7]
y_coordinates = [0, 51, 37, 49, 52, 66, 68, 69, 65, 71, 50, 15, 40, 62, 14, 29, 67, 39, 71, 0, 49, 30, 59, 66, 30, 51, 69, 70, 39]
x_dimensions = [15, 5, 5, 5, 5, 5, 5, 5, 5, 5, 4, 4, 4, 4, 4, 4, 4, 4, 4, 3, 3, 3, 3, 3, 3, 3, 3, 3, 3]
y_dimensions = [39, 18, 13, 11, 10, 8, 6, 5, 4, 3, 16, 15, 12, 9, 8, 6, 5, 4, 3, 15, 11, 10, 9, 8, 7, 6, 5, 4, 3]
minimum_height = 74
----------
x_coordinates = [0, 23, 30, 18, 30, 14, 34, 23, 19, 24, 10, 35, 35, 32, 19, 31, 24, 32, 34, 34, 29, 28, 36, 22, 7, 36, 18, 31, 36]
y_coordinates = [13, 47, 37, 53, 51, 64, 21, 21, 68, 70, 57, 27, 48, 61, 16, 29, 65, 17, 70, 2, 62, 26, 60, 26, 66, 42, 25, 25, 18]
x_dimensions = [15, 5, 5, 5, 5, 5, 5, 5, 5, 5, 4, 4, 4, 4, 4, 4, 4, 4, 4, 3, 3, 3, 3, 3, 3, 3, 3, 3, 3]
y_dimensions = [39, 18, 13, 11, 10, 8, 6, 5, 4, 3, 16, 15, 12, 9, 8, 6, 5, 4, 3, 15, 11, 10, 9, 8, 7, 6, 5, 4, 3]
minimum_height = 73
----------
x_coordinates = [5, 17, 34, 26, 31, 12, 34, 20, 21, 23, 22, 30, 26, 35, 23, 33, 28, 5, 31, 35, 36, 25, 9, 21, 33, 36, 36, 32, 23]
y_coordinates = [9, 54, 39, 56, 53, 62, 28, 30, 43, 69, 47, 33, 44, 63, 14, 15, 67, 68, 64, 0, 52, 33, 62, 35, 21, 21, 34, 68, 66]
x_dimensions = [15, 5, 5, 5, 5, 5, 5, 5, 5, 5, 4, 4, 4, 4, 4, 4, 4, 4, 4, 3, 3, 3, 3, 3, 3, 3, 3, 3, 3]
y_dimensions = [39, 18, 13, 11, 10, 8, 6, 5, 4, 3, 16, 15, 12, 9, 8, 6, 5, 4, 3, 15, 11, 10, 9, 8, 7, 6, 5, 4, 3]
minimum_height = 72
----------
x_coordinates = [3, 25, 34, 12, 34, 26, 20, 24, 28, 24, 30, 31, 35, 17, 24, 34, 21, 29, 20, 35, 33, 16, 9, 26, 20, 31, 36, 31, 23]
y_coordinates = [1, 51, 48, 60, 61, 43, 47, 38, 19, 32, 52, 33, 34, 62, 12, 13, 66, 29, 17, 19, 0, 45, 60, 24, 10, 12, 8, 48, 28]
x_dimensions = [15, 5, 5, 5, 5, 5, 5, 5, 5, 5, 4, 4, 4, 4, 4, 4, 4, 4, 4, 3, 3, 3, 3, 3, 3, 3, 3, 3, 3]
y_dimensions = [39, 18, 13, 11, 10, 8, 6, 5, 4, 3, 16, 15, 12, 9, 8, 6, 5, 4, 3, 15, 11, 10, 9, 8, 7, 6, 5, 4, 3]
minimum_height = 71
----------
x_coordinates = [8, 21, 26, 16, 34, 29, 7, 28, 32, 28, 33, 35, 31, 12, 1, 35, 25, 33, 6, 33, 3, 11, 4, 36, 0, 5, 32, 32, 36]
y_coordinates = [4, 50, 49, 59, 60, 62, 59, 11, 16, 34, 0, 45, 48, 61, 34, 39, 41, 35, 43, 20, 43, 43, 59, 27, 44, 34, 39, 44, 23]
x_dimensions = [15, 5, 5, 5, 5, 5, 5, 5, 5, 5, 4, 4, 4, 4, 4, 4, 4, 4, 4, 3, 3, 3, 3, 3, 3, 3, 3, 3, 3]
y_dimensions = [39, 18, 13, 11, 10, 8, 6, 5, 4, 3, 16, 15, 12, 9, 8, 6, 5, 4, 3, 15, 11, 10, 9, 8, 7, 6, 5, 4, 3]
minimum_height = 70
----------
x_coordinates = [0, 26, 15, 30, 22, 30, 34, 25, 25, 28, 35, 35, 7, 11, 22, 35, 25, 30, 26, 34, 20, 27, 31, 33, 28, 31, 23, 32, 31]
y_coordinates = [15, 17, 51, 3, 56, 49, 63, 35, 10, 14, 0, 48, 57, 60, 23, 42, 5, 35, 47, 27, 41, 56, 60, 16, 40, 39, 47, 45, 32]
x_dimensions = [15, 5, 5, 5, 5, 5, 5, 5, 5, 5, 4, 4, 4, 4, 4, 4, 4, 4, 4, 3, 3, 3, 3, 3, 3, 3, 3, 3, 3]
y_dimensions = [39, 18, 13, 11, 10, 8, 6, 5, 4, 3, 16, 15, 12, 9, 8, 6, 5, 4, 3, 15, 11, 10, 9, 8, 7, 6, 5, 4, 3]
minimum_height = 69
----------
x_coordinates = [1, 16, 33, 34, 25, 30, 34, 20, 19, 21, 29, 23, 35, 27, 13, 35, 22, 35, 28, 20, 17, 26, 32, 34, 31, 28, 31, 36, 36]
y_coordinates = [8, 30, 1, 43, 21, 24, 37, 25, 21, 36, 32, 53, 25, 48, 56, 62, 31, 17, 65, 53, 53, 31, 15, 54, 58, 57, 53, 21, 14]
x_dimensions = [15, 5, 5, 5, 5, 5, 5, 5, 5, 5, 4, 4, 4, 4, 4, 4, 4, 4, 4, 3, 3, 3, 3, 3, 3, 3, 3, 3, 3]
y_dimensions = [39, 18, 13, 11, 10, 8, 6, 5, 4, 3, 16, 15, 12, 9, 8, 6, 5, 4, 3, 15, 11, 10, 9, 8, 7, 6, 5, 4, 3]
minimum_height = 68
----------
x_coordinates = [1, 25, 29, 34, 26, 30, 31, 22, 25, 21, 17, 23, 20, 35, 33, 35, 31, 22, 34, 36, 28, 33, 30, 36, 20, 14, 31, 36, 22]
y_coordinates = [10, 38, 6, 3, 57, 49, 33, 11, 34, 56, 48, 16, 31, 55, 24, 18, 19, 63, 64, 32, 23, 39, 40, 47, 18, 61, 61, 14, 46]
x_dimensions = [15, 5, 5, 5, 5, 5, 5, 5, 5, 5, 4, 4, 4, 4, 4, 4, 4, 4, 4, 3, 3, 3, 3, 3, 3, 3, 3, 3, 3]
y_dimensions = [39, 18, 13, 11, 10, 8, 6, 5, 4, 3, 16, 15, 12, 9, 8, 6, 5, 4, 3, 15, 11, 10, 9, 8, 7, 6, 5, 4, 3]
minimum_height = 67
----------
x_coordinates = [4, 27, 34, 7, 30, 31, 34, 34, 26, 30, 30, 18, 22, 23, 35, 31, 34, 34, 26, 27, 19, 15, 36, 12, 35, 4, 36, 32, 14]
y_coordinates = [2, 13, 14, 54, 0, 55, 40, 27, 31, 63, 39, 49, 38, 57, 32, 33, 50, 46, 45, 48, 38, 54, 57, 58, 7, 60, 2, 10, 45]
x_dimensions = [15, 5, 5, 5, 5, 5, 5, 5, 5, 5, 4, 4, 4, 4, 4, 4, 4, 4, 4, 3, 3, 3, 3, 3, 3, 3, 3, 3, 3]
y_dimensions = [39, 18, 13, 11, 10, 8, 6, 5, 4, 3, 16, 15, 12, 9, 8, 6, 5, 4, 3, 15, 11, 10, 9, 8, 7, 6, 5, 4, 3]
minimum_height = 66
----------
x_coordinates = [5, 34, 31, 13, 34, 34, 8, 27, 25, 30, 30, 18, 22, 22, 23, 28, 31, 32, 28, 26, 25, 36, 35, 10, 36, 26, 20, 32, 35]
y_coordinates = [2, 29, 16, 51, 47, 57, 46, 8, 2, 0, 46, 50, 43, 56, 7, 38, 3, 12, 13, 44, 32, 12, 0, 54, 22, 59, 8, 8, 9]
x_dimensions = [15, 5, 5, 5, 5, 5, 5, 5, 5, 5, 4, 4, 4, 4, 4, 4, 4, 4, 4, 3, 3, 3, 3, 3, 3, 3, 3, 3, 3]
y_dimensions = [39, 18, 13, 11, 10, 8, 6, 5, 4, 3, 16, 15, 12, 9, 8, 6, 5, 4, 3, 15, 11, 10, 9, 8, 7, 6, 5, 4, 3]
minimum_height = 65
----------
x_coordinates = [0, 15, 34, 7, 33, 31, 19, 24, 26, 30, 27, 31, 23, 29, 35, 35, 20, 35, 30, 28, 31, 34, 20, 12, 36, 24, 22, 31, 36]
y_coordinates = [12, 37, 41, 52, 28, 2, 58, 37, 5, 38, 48, 13, 46, 29, 20, 10, 37, 16, 45, 9, 53, 54, 47, 52, 3, 58, 23, 49, 38]
x_dimensions = [15, 5, 5, 5, 5, 5, 5, 5, 5, 5, 4, 4, 4, 4, 4, 4, 4, 4, 4, 3, 3, 3, 3, 3, 3, 3, 3, 3, 3]
y_dimensions = [39, 18, 13, 11, 10, 8, 6, 5, 4, 3, 16, 15, 12, 9, 8, 6, 5, 4, 3, 15, 11, 10, 9, 8, 7, 6, 5, 4, 3]
minimum_height = 64
----------
x_coordinates = [11, 29, 10, 6, 20, 31, 5, 20, 26, 6, 35, 33, 16, 25, 32, 5, 34, 35, 34, 2, 3, 36, 5, 26, 2, 32, 36, 32, 26]
y_coordinates = [9, 45, 49, 25, 48, 19, 50, 58, 20, 18, 36, 4, 51, 51, 27, 56, 52, 57, 1, 48, 17, 26, 41, 43, 35, 39, 21, 35, 60]
x_dimensions = [15, 5, 5, 5, 5, 5, 5, 5, 5, 5, 4, 4, 4, 4, 4, 4, 4, 4, 4, 3, 3, 3, 3, 3, 3, 3, 3, 3, 3]
y_dimensions = [39, 18, 13, 11, 10, 8, 6, 5, 4, 3, 16, 15, 12, 9, 8, 6, 5, 4, 3, 15, 11, 10, 9, 8, 7, 6, 5, 4, 3]
minimum_height = 63
----------
x_coordinates = [12, 3, 17, 28, 25, 30, 12, 34, 29, 29, 8, 28, 8, 35, 34, 34, 34, 32, 30, 32, 36, 33, 29, 22, 9, 0, 36, 35, 36]
y_coordinates = [7, 36, 46, 9, 47, 49, 47, 57, 4, 29, 41, 32, 26, 48, 0, 27, 18, 23, 1, 34, 37, 8, 20, 46, 17, 36, 13, 33, 24]
x_dimensions = [15, 5, 5, 5, 5, 5, 5, 5, 5, 5, 4, 4, 4, 4, 4, 4, 4, 4, 4, 3, 3, 3, 3, 3, 3, 3, 3, 3, 3]
y_dimensions = [39, 18, 13, 11, 10, 8, 6, 5, 4, 3, 16, 15, 12, 9, 8, 6, 5, 4, 3, 15, 11, 10, 9, 8, 7, 6, 5, 4, 3]
minimum_height = 62
----------
x_coordinates = [0, 26, 34, 30, 14, 29, 34, 5, 25, 4, 35, 22, 15, 10, 35, 19, 32, 31, 35, 2, 23, 36, 33, 29, 32, 19, 7, 36, 31]
y_coordinates = [7, 33, 48, 11, 50, 51, 0, 47, 5, 4, 32, 30, 38, 49, 11, 47, 6, 44, 19, 46, 45, 22, 22, 25, 31, 41, 52, 6, 48]
x_dimensions = [15, 5, 5, 5, 5, 5, 5, 5, 5, 5, 4, 4, 4, 4, 4, 4, 4, 4, 4, 3, 3, 3, 3, 3, 3, 3, 3, 3, 3]
y_dimensions = [39, 18, 13, 11, 10, 8, 6, 5, 4, 3, 16, 15, 12, 9, 8, 6, 5, 4, 3, 15, 11, 10, 9, 8, 7, 6, 5, 4, 3]
minimum_height = 61
----------
x_coordinates = [0, 34, 31, 2, 27, 34, 13, 22, 22, 18, 32, 23, 15, 26, 30, 29, 18, 32, 27, 36, 22, 28, 36, 36, 15, 19, 7, 10, 26]
y_coordinates = [10, 1, 19, 49, 35, 52, 53, 40, 18, 31, 32, 24, 38, 45, 11, 54, 53, 48, 22, 29, 47, 25, 20, 44, 31, 43, 51, 51, 54]
x_dimensions = [15, 5, 5, 5, 5, 5, 5, 5, 5, 5, 4, 4, 4, 4, 4, 4, 4, 4, 4, 3, 3, 3, 3, 3, 3, 3, 3, 3, 3]
y_dimensions = [39, 18, 13, 11, 10, 8, 6, 5, 4, 3, 16, 15, 12, 9, 8, 6, 5, 4, 3, 15, 11, 10, 9, 8, 7, 6, 5, 4, 3]
minimum_height = 60
----------
x_coordinates = [12, 3, 28, 3, 7, 34, 27, 33, 21, 31, 0, 31, 33, 35, 13, 31, 24, 32, 17, 36, 31, 21, 9, 4, 27, 26, 36, 27, 36]
y_coordinates = [7, 1, 46, 24, 39, 34, 40, 42, 2, 1, 39, 14, 47, 25, 46, 4, 46, 10, 46, 10, 29, 48, 28, 41, 33, 1, 5, 9, 2]
x_dimensions = [15, 5, 5, 5, 5, 5, 5, 5, 5, 5, 4, 4, 4, 4, 4, 4, 4, 4, 4, 3, 3, 3, 3, 3, 3, 3, 3, 3, 3]
y_dimensions = [39, 18, 13, 11, 10, 8, 6, 5, 4, 3, 16, 15, 12, 9, 8, 6, 5, 4, 3, 15, 11, 10, 9, 8, 7, 6, 5, 4, 3]
minimum_height = 59
----------
x_coordinates = [11, 6, 29, 28, 8, 2, 29, 30, 10, 6, 34, 35, 34, 7, 24, 30, 26, 31, 0, 33, 6, 5, 3, 26, 25, 22, 36, 27, 36]
y_coordinates = [9, 8, 45, 3, 48, 40, 38, 25, 1, 5, 42, 15, 30, 39, 50, 32, 29, 17, 55, 0, 28, 48, 29, 41, 2, 3, 10, 14, 7]
x_dimensions = [15, 5, 5, 5, 5, 5, 5, 5, 5, 5, 4, 4, 4, 4, 4, 4, 4, 4, 4, 3, 3, 3, 3, 3, 3, 3, 3, 3, 3]
y_dimensions = [39, 18, 13, 11, 10, 8, 6, 5, 4, 3, 16, 15, 12, 9, 8, 6, 5, 4, 3, 15, 11, 10, 9, 8, 7, 6, 5, 4, 3]
minimum_height = 58
----------
x_coordinates = [12, 7, 30, 2, 28, 14, 30, 34, 18, 18, 35, 34, 35, 11, 5, 34, 8, 3, 2, 28, 32, 9, 31, 26, 31, 26, 27, 0, 36]
y_coordinates = [9, 19, 38, 17, 11, 49, 51, 33, 2, 6, 41, 18, 0, 0, 49, 12, 37, 36, 46, 23, 0, 47, 22, 49, 31, 3, 40, 39, 38]
x_dimensions = [15, 5, 5, 5, 5, 5, 5, 5, 5, 5, 4, 4, 4, 4, 4, 4, 4, 4, 4, 3, 3, 3, 3, 3, 3, 3, 3, 3, 3]
y_dimensions = [39, 18, 13, 11, 10, 8, 6, 5, 4, 3, 16, 15, 12, 9, 8, 6, 5, 4, 3, 15, 11, 10, 9, 8, 7, 6, 5, 4, 3]
minimum_height = 57
----------
x_coordinates = [12, 7, 34, 26, 6, 15, 29, 33, 7, 5, 8, 33, 35, 13, 31, 4, 35, 35, 31, 3, 32, 23, 29, 11, 28, 2, 1, 28, 5]
y_coordinates = [0, 28, 43, 39, 46, 48, 50, 27, 5, 9, 12, 0, 15, 39, 32, 19, 38, 33, 40, 41, 16, 45, 14, 48, 27, 26, 21, 35, 25]
x_dimensions = [15, 5, 5, 5, 5, 5, 5, 5, 5, 5, 4, 4, 4, 4, 4, 4, 4, 4, 4, 3, 3, 3, 3, 3, 3, 3, 3, 3, 3]
y_dimensions = [39, 18, 13, 11, 10, 8, 6, 5, 4, 3, 16, 15, 12, 9, 8, 6, 5, 4, 3, 15, 11, 10, 9, 8, 7, 6, 5, 4, 3]
minimum_height = 56
----------
x_coordinates = [12, 7, 34, 28, 2, 27, 27, 29, 19, 2, 6, 32, 2, 28, 35, 9, 35, 11, 31, 4, 33, 28, 3, 36, 31, 24, 36, 32, 36]
y_coordinates = [7, 23, 29, 24, 23, 7, 1, 36, 3, 37, 6, 3, 2, 15, 42, 0, 50, 50, 48, 40, 18, 45, 14, 17, 41, 1, 12, 51, 5]
x_dimensions = [15, 5, 5, 5, 5, 5, 5, 5, 5, 5, 4, 4, 4, 4, 4, 4, 4, 4, 4, 3, 3, 3, 3, 3, 3, 3, 3, 3, 3]
y_dimensions = [39, 18, 13, 11, 10, 8, 6, 5, 4, 3, 16, 15, 12, 9, 8, 6, 5, 4, 3, 15, 11, 10, 9, 8, 7, 6, 5, 4, 3]
minimum_height = 55
----------
x_coordinates = [9, 24, 3, 34, 4, 27, 29, 3, 23, 31, 27, 32, 31, 35, 9, 35, 35, 20, 32, 36, 0, 30, 0, 17, 1, 7, 24, 36, 24]
y_coordinates = [7, 36, 29, 43, 42, 12, 38, 19, 3, 20, 20, 5, 26, 34, 46, 23, 29, 50, 2, 8, 36, 44, 22, 46, 47, 1, 30, 4, 27]
x_dimensions = [15, 5, 5, 5, 5, 5, 5, 5, 5, 5, 4, 4, 4, 4, 4, 4, 4, 4, 4, 3, 3, 3, 3, 3, 3, 3, 3, 3, 3]
y_dimensions = [39, 18, 13, 11, 10, 8, 6, 5, 4, 3, 16, 15, 12, 9, 8, 6, 5, 4, 3, 15, 11, 10, 9, 8, 7, 6, 5, 4, 3]
minimum_height = 54
----------
x_coordinates = [11, 30, 1, 34, 6, 29, 34, 1, 25, 33, 30, 26, 35, 4, 24, 27, 16, 32, 20, 27, 1, 8, 36, 7, 36, 22, 13, 36, 15]
y_coordinates = [6, 3, 29, 36, 20, 45, 47, 21, 2, 22, 29, 29, 10, 44, 45, 21, 48, 25, 50, 6, 42, 43, 1, 35, 29, 0, 48, 25, 45]
x_dimensions = [15, 5, 5, 5, 5, 5, 5, 5, 5, 5, 4, 4, 4, 4, 4, 4, 4, 4, 4, 3, 3, 3, 3, 3, 3, 3, 3, 3, 3]
y_dimensions = [39, 18, 13, 11, 10, 8, 6, 5, 4, 3, 16, 15, 12, 9, 8, 6, 5, 4, 3, 15, 11, 10, 9, 8, 7, 6, 5, 4, 3]
minimum_height = 53
----------
x_coordinates = [12, 4, 0, 2, 7, 34, 31, 17, 34, 0, 32, 28, 32, 8, 29, 26, 1, 32, 22, 29, 36, 9, 36, 5, 36, 21, 13, 36, 11]
y_coordinates = [6, 2, 31, 20, 23, 14, 46, 47, 22, 44, 30, 29, 2, 33, 18, 45, 47, 26, 47, 3, 41, 42, 5, 40, 34, 0, 47, 28, 3]
x_dimensions = [15, 5, 5, 5, 5, 5, 5, 5, 5, 5, 4, 4, 4, 4, 4, 4, 4, 4, 4, 3, 3, 3, 3, 3, 3, 3, 3, 3, 3]
y_dimensions = [39, 18, 13, 11, 10, 8, 6, 5, 4, 3, 16, 15, 12, 9, 8, 6, 5, 4, 3, 15, 11, 10, 9, 8, 7, 6, 5, 4, 3]
minimum_height = 52
----------
x_coordinates = [12, 7, 3, 11, 22, 33, 33, 30, 31, 5, 35, 27, 3, 31, 29, 35, 2, 8, 29, 0, 34, 31, 0, 8, 9, 27, 29, 36, 31]
y_coordinates = [1, 11, 34, 40, 41, 4, 12, 19, 0, 48, 35, 33, 17, 39, 11, 18, 10, 36, 48, 23, 24, 28, 42, 40, 29, 23, 6, 0, 25]
x_dimensions = [15, 5, 5, 5, 5, 5, 5, 5, 5, 5, 4, 4, 4, 4, 4, 4, 4, 4, 4, 3, 3, 3, 3, 3, 3, 3, 3, 3, 3]
y_dimensions = [39, 18, 13, 11, 10, 8, 6, 5, 4, 3, 16, 15, 12, 9, 8, 6, 5, 4, 3, 15, 11, 10, 9, 8, 7, 6, 5, 4, 3]
minimum_height = 51
----------
x_coordinates = [12, 4, 6, 22, 1, 7, 33, 34, 33, 17, 32, 27, 35, 28, 31, 30, 0, 31, 18, 29, 36, 3, 11, 0, 36, 0, 9, 36, 9]
y_coordinates = [0, 9, 36, 39, 38, 28, 4, 32, 0, 47, 13, 35, 37, 20, 37, 29, 9, 46, 44, 5, 21, 28, 41, 24, 14, 32, 9, 10, 25]
x_dimensions = [15, 5, 5, 5, 5, 5, 5, 5, 5, 5, 4, 4, 4, 4, 4, 4, 4, 4, 4, 3, 3, 3, 3, 3, 3, 3, 3, 3, 3]
y_dimensions = [39, 18, 13, 11, 10, 8, 6, 5, 4, 3, 16, 15, 12, 9, 8, 6, 5, 4, 3, 15, 11, 10, 9, 8, 7, 6, 5, 4, 3]
minimum_height = 50
----------
x_coordinates = [12, 0, 7, 27, 2, 5, 12, 7, 23, 30, 35, 28, 6, 35, 32, 31, 30, 35, 24, 32, 36, 3, 27, 0, 36, 20, 28, 17, 28]
y_coordinates = [2, 7, 31, 12, 39, 8, 43, 44, 41, 8, 13, 34, 19, 29, 38, 28, 3, 9, 45, 11, 38, 29, 3, 31, 2, 43, 25, 43, 31]
x_dimensions = [15, 5, 5, 5, 5, 5, 5, 5, 5, 5, 4, 4, 4, 4, 4, 4, 4, 4, 4, 3, 3, 3, 3, 3, 3, 3, 3, 3, 3]
y_dimensions = [39, 18, 13, 11, 10, 8, 6, 5, 4, 3, 16, 15, 12, 9, 8, 6, 5, 4, 3, 15, 11, 10, 9, 8, 7, 6, 5, 4, 3]
minimum_height = 49
----------
x_coordinates = [12, 0, 30, 27, 34, 5, 21, 8, 7, 29, 27, 32, 5, 2, 35, 32, 1, 34, 26, 36, 6, 27, 31, 9, 0, 5, 36, 3, 35]
y_coordinates = [2, 8, 35, 3, 19, 5, 41, 43, 1, 0, 18, 4, 13, 33, 40, 29, 43, 0, 45, 4, 31, 34, 20, 28, 26, 42, 31, 28, 37]
x_dimensions = [15, 5, 5, 5, 5, 5, 5, 5, 5, 5, 4, 4, 4, 4, 4, 4, 4, 4, 4, 3, 3, 3, 3, 3, 3, 3, 3, 3, 3]
y_dimensions = [39, 18, 13, 11, 10, 8, 6, 5, 4, 3, 16, 15, 12, 9, 8, 6, 5, 4, 3, 15, 11, 10, 9, 8, 7, 6, 5, 4, 3]
minimum_height = 48
----------
x_coordinates = [12, 7, 34, 7, 5, 29, 0, 24, 34, 27, 3, 30, 28, 29, 32, 32, 14, 2, 2, 36, 0, 33, 27, 36, 18, 21, 0, 36, 36]
y_coordinates = [0, 18, 0, 36, 8, 0, 7, 40, 13, 23, 31, 8, 26, 38, 23, 31, 39, 25, 22, 17, 30, 37, 12, 32, 39, 40, 42, 43, 40]
x_dimensions = [15, 5, 5, 5, 5, 5, 5, 5, 5, 5, 4, 4, 4, 4, 4, 4, 4, 4, 4, 3, 3, 3, 3, 3, 3, 3, 3, 3, 3]
y_dimensions = [39, 18, 13, 11, 10, 8, 6, 5, 4, 3, 16, 15, 12, 9, 8, 6, 5, 4, 3, 15, 11, 10, 9, 8, 7, 6, 5, 4, 3]
minimum_height = 47
----------
x_coordinates = [12, 7, 30, 1, 0, 30, 21, 3, 26, 34, 0, 35, 6, 30, 35, 35, 28, 8, 28, 32, 4, 36, 27, 5, 27, 27, 27, 36, 0]
y_coordinates = [0, 23, 10, 13, 3, 23, 39, 41, 39, 4, 24, 17, 11, 1, 32, 40, 31, 3, 36, 31, 30, 7, 22, 3, 2, 9, 16, 0, 40]
x_dimensions = [15, 5, 5, 5, 5, 5, 5, 5, 5, 5, 4, 4, 4, 4, 4, 4, 4, 4, 4, 3, 3, 3, 3, 3, 3, 3, 3, 3, 3]
y_dimensions = [39, 18, 13, 11, 10, 8, 6, 5, 4, 3, 16, 15, 12, 9, 8, 6, 5, 4, 3, 15, 11, 10, 9, 8, 7, 6, 5, 4, 3]
minimum_height = 46
----------
x_coordinates = [12, 7, 29, 1, 5, 34, 7, 12, 34, 27, 0, 31, 27, 28, 35, 35, 24, 17, 1, 32, 6, 36, 4, 9, 36, 27, 21, 4, 9]
y_coordinates = [1, 27, 2, 18, 6, 6, 0, 40, 2, 33, 29, 15, 15, 36, 24, 39, 40, 41, 14, 30, 16, 14, 35, 16, 32, 27, 40, 1, 24]
x_dimensions = [15, 5, 5, 5, 5, 5, 5, 5, 5, 5, 4, 4, 4, 4, 4, 4, 4, 4, 4, 3, 3, 3, 3, 3, 3, 3, 3, 3, 3]
y_dimensions = [39, 18, 13, 11, 10, 8, 6, 5, 4, 3, 16, 15, 12, 9, 8, 6, 5, 4, 3, 15, 11, 10, 9, 8, 7, 6, 5, 4, 3]
minimum_height = 45
----------
x_coordinates = [12, 3, 34, 29, 27, 29, 7, 22, 7, 4, 8, 35, 8, 0, 3, 4, 4, 18, 29, 33, 0, 36, 27, 30, 32, 0, 36, 1, 9]
y_coordinates = [0, 20, 1, 2, 22, 13, 0, 39, 6, 12, 15, 14, 31, 11, 3, 38, 15, 40, 32, 29, 0, 34, 35, 36, 22, 30, 29, 40, 10]
x_dimensions = [15, 5, 5, 5, 5, 5, 5, 5, 5, 5, 4, 4, 4, 4, 4, 4, 4, 4, 4, 3, 3, 3, 3, 3, 3, 3, 3, 3, 3]
y_dimensions = [39, 18, 13, 11, 10, 8, 6, 5, 4, 3, 16, 15, 12, 9, 8, 6, 5, 4, 3, 15, 11, 10, 9, 8, 7, 6, 5, 4, 3]
minimum_height = 44
----------
x_coordinates = [0, 19, 22, 34, 15, 31, 33, 21, 28, 10, 27, 35, 31, 15, 30, 20, 27, 27, 26, 24, 19, 16, 16, 31, 24, 36, 36, 4, 7]
y_coordinates = [0, 14, 0, 21, 33, 35, 0, 38, 3, 40, 27, 6, 7, 12, 19, 32, 10, 15, 20, 23, 3, 2, 24, 27, 13, 37, 32, 39, 39]
x_dimensions = [15, 5, 5, 5, 5, 5, 5, 5, 5, 5, 4, 4, 4, 4, 4, 4, 4, 4, 4, 3, 3, 3, 3, 3, 3, 3, 3, 3, 3]
y_dimensions = [39, 18, 13, 11, 10, 8, 6, 5, 4, 3, 16, 15, 12, 9, 8, 6, 5, 4, 3, 15, 11, 10, 9, 8, 7, 6, 5, 4, 3]
minimum_height = 43
----------
x_coordinates = [3, 30, 21, 19, 25, 34, 34, 30, 29, 13, 35, 26, 35, 27, 18, 22, 18, 18, 27, 31, 24, 18, 22, 0, 0, 0, 0, 18, 0]
y_coordinates = [0, 19, 12, 0, 32, 6, 0, 37, 0, 39, 14, 17, 30, 5, 29, 25, 37, 25, 14, 4, 1, 11, 31, 34, 13, 28, 23, 21, 20]
x_dimensions = [15, 5, 5, 5, 5, 5, 5, 5, 5, 5, 4, 4, 4, 4, 4, 4, 4, 4, 4, 3, 3, 3, 3, 3, 3, 3, 3, 3, 3]
y_dimensions = [39, 18, 13, 11, 10, 8, 6, 5, 4, 3, 16, 15, 12, 9, 8, 6, 5, 4, 3, 15, 11, 10, 9, 8, 7, 6, 5, 4, 3]
minimum_height = 42
----------
x_coordinates = [9, 4, 34, 4, 24, 29, 29, 24, 34, 29, 0, 24, 0, 32, 28, 28, 32, 0, 5, 36, 24, 33, 30, 27, 36, 0, 6, 3, 3]
y_coordinates = [1, 11, 28, 30, 31, 33, 27, 26, 24, 24, 25, 11, 13, 15, 16, 10, 10, 9, 8, 9, 0, 0, 1, 2, 2, 3, 3, 4, 1]
x_dimensions = [15, 5, 5, 5, 5, 5, 5, 5, 5, 5, 4, 4, 4, 4, 4, 4, 4, 4, 4, 3, 3, 3, 3, 3, 3, 3, 3, 3, 3]
y_dimensions = [39, 18, 13, 11, 10, 8, 6, 5, 4, 3, 16, 15, 12, 9, 8, 6, 5, 4, 3, 15, 11, 10, 9, 8, 7, 6, 5, 4, 3]
minimum_height = 41
----------
x_coordinates = [0, 23, 23, 18, 15, 15, 31, 24, 31, 27, 35, 31, 35, 20, 19, 15, 15, 28, 19, 32, 36, 28, 28, 29, 20, 15, 28, 24, 15]
y_coordinates = [0, 13, 0, 11, 22, 32, 0, 31, 6, 37, 12, 10, 28, 31, 3, 5, 0, 25, 0, 25, 1, 6, 16, 29, 24, 11, 1, 36, 19]
x_dimensions = [15, 5, 5, 5, 5, 5, 5, 5, 5, 5, 4, 4, 4, 4, 4, 4, 4, 4, 4, 3, 3, 3, 3, 3, 3, 3, 3, 3, 3]
y_dimensions = [39, 18, 13, 11, 10, 8, 6, 5, 4, 3, 16, 15, 12, 9, 8, 6, 5, 4, 3, 15, 11, 10, 9, 8, 7, 6, 5, 4, 3]
minimum_height = 40
----------
% Pruned 49995 learnt clauses
% Pruned 50000 learnt clauses
% Pruned 50000 learnt clauses
% Pruned 49993 learnt clauses
% Pruned 50000 learnt clauses
% Pruned 50000 learnt clauses
% Pruned 49993 learnt clauses
% Pruned 50000 learnt clauses
% Pruned 50000 learnt clauses
% Pruned 50000 learnt clauses
% Pruned 49974 learnt clauses
% Pruned 50000 learnt clauses
% Pruned 50000 learnt clauses
% Pruned 49994 learnt clauses
% Pruned 49990 learnt clauses
% Pruned 50000 learnt clauses
% Pruned 50000 learnt clauses
% Pruned 50000 learnt clauses
% Pruned 50000 learnt clauses
% Pruned 49994 learnt clauses
% Pruned 50000 learnt clauses
% Pruned 50000 learnt clauses
% Pruned 50000 learnt clauses
% Pruned 49992 learnt clauses
% Pruned 49991 learnt clauses
% Pruned 50000 learnt clauses
% Pruned 50000 learnt clauses
% Pruned 49992 learnt clauses
% Pruned 49991 learnt clauses
% Pruned 50000 learnt clauses
% Pruned 50000 learnt clauses
% Pruned 49994 learnt clauses
% Pruned 49991 learnt clauses
% Pruned 50000 learnt clauses
% Pruned 50000 learnt clauses
% Pruned 49994 learnt clauses
% Pruned 50000 learnt clauses
% Pruned 50000 learnt clauses
% Pruned 50000 learnt clauses
% Pruned 50000 learnt clauses
% Pruned 49997 learnt clauses
% Pruned 50000 learnt clauses
% Pruned 50000 learnt clauses
% Pruned 49992 learnt clauses
% Pruned 50000 learnt clauses
% Pruned 49998 learnt clauses
% Pruned 49996 learnt clauses
% Pruned 49996 learnt clauses
% Pruned 50000 learnt clauses
% Pruned 50000 learnt clauses
% Pruned 50000 learnt clauses
% Pruned 49990 learnt clauses
% Pruned 49991 learnt clauses
% Pruned 49987 learnt clauses
% Pruned 50000 learnt clauses
% Pruned 50000 learnt clauses
% Pruned 49994 learnt clauses
% Pruned 49991 learnt clauses
% Pruned 49989 learnt clauses
x_coordinates = [9, 0, 0, 24, 27, 4, 27, 27, 27, 31, 5, 5, 35, 35, 0, 35, 35, 35, 27, 24, 29, 32, 32, 32, 24, 24, 32, 32, 36]
y_coordinates = [0, 0, 18, 13, 29, 31, 3, 24, 9, 0, 0, 16, 27, 18, 31, 3, 9, 14, 0, 24, 13, 29, 12, 21, 6, 0, 7, 3, 0]
x_dimensions = [15, 5, 5, 5, 5, 5, 5, 5, 5, 5, 4, 4, 4, 4, 4, 4, 4, 4, 4, 3, 3, 3, 3, 3, 3, 3, 3, 3, 3]
y_dimensions = [39, 18, 13, 11, 10, 8, 6, 5, 4, 3, 16, 15, 12, 9, 8, 6, 5, 4, 3, 15, 11, 10, 9, 8, 7, 6, 5, 4, 3]
minimum_height = 39
----------
==========
%%%mzn-stat: nodes=4665878
%%%mzn-stat: failures=3043969
%%%mzn-stat: restarts=42173
%%%mzn-stat: variables=12692
%%%mzn-stat: intVars=133
%%%mzn-stat: boolVariables=12557
%%%mzn-stat: propagators=3509
%%%mzn-stat: propagations=1560787154
%%%mzn-stat: peakDepth=217
%%%mzn-stat: nogoods=3043969
%%%mzn-stat: backjumps=399313
%%%mzn-stat: peakMem=0.00
%%%mzn-stat: time=1045.309
%%%mzn-stat: initTime=0.036
%%%mzn-stat: solveTime=1045.273
%%%mzn-stat: objective=39
%%%mzn-stat: optTime=1045.273
%%%mzn-stat: baseMem=0.00
%%%mzn-stat: trailMem=0.05
%%%mzn-stat: randomSeed=1657198664
x_coordinates = [3, 12, 31, 25, 19, 22, 17, 27, 5, 22, 10, 1, 26, 24, 28, 35, 29, 14, 25, 32, 14, 18, 21, 36, 27, 36, 31, 36, 27]
y_coordinates = [11, 102, 56, 74, 81, 113, 117, 119, 120, 121, 120, 111, 100, 124, 124, 131, 132, 131, 134, 117, 120, 123, 124, 117, 112, 125, 18, 72, 12]
x_dimensions = [15, 5, 5, 5, 5, 5, 5, 5, 5, 5, 4, 4, 4, 4, 4, 4, 4, 4, 4, 3, 3, 3, 3, 3, 3, 3, 3, 3, 3]
y_dimensions = [39, 18, 13, 11, 10, 8, 6, 5, 4, 3, 16, 15, 12, 9, 8, 6, 5, 4, 3, 15, 11, 10, 9, 8, 7, 6, 5, 4, 3]
minimum_height = 137
----------
x_coordinates = [11, 1, 27, 23, 7, 29, 3, 24, 34, 29, 20, 16, 32, 8, 12, 32, 7, 16, 33, 36, 25, 10, 0, 13, 28, 5, 35, 29, 26]
y_coordinates = [24, 49, 61, 102, 64, 128, 130, 127, 127, 125, 120, 116, 107, 127, 128, 119, 112, 132, 73, 111, 116, 117, 127, 120, 118, 124, 131, 111, 133]
x_dimensions = [15, 5, 5, 5, 5, 5, 5, 5, 5, 5, 4, 4, 4, 4, 4, 4, 4, 4, 4, 3, 3, 3, 3, 3, 3, 3, 3, 3, 3]
y_dimensions = [39, 18, 13, 11, 10, 8, 6, 5, 4, 3, 16, 15, 12, 9, 8, 6, 5, 4, 3, 15, 11, 10, 9, 8, 7, 6, 5, 4, 3]
minimum_height = 136
----------
x_coordinates = [3, 19, 31, 26, 20, 34, 6, 24, 29, 19, 11, 15, 35, 2, 30, 35, 4, 3, 29, 33, 1, 21, 8, 27, 32, 24, 33, 29, 18]
y_coordinates = [48, 58, 62, 59, 100, 125, 129, 130, 131, 129, 119, 117, 107, 126, 123, 119, 121, 104, 13, 92, 115, 119, 120, 122, 116, 124, 78, 75, 132]
x_dimensions = [15, 5, 5, 5, 5, 5, 5, 5, 5, 5, 4, 4, 4, 4, 4, 4, 4, 4, 4, 3, 3, 3, 3, 3, 3, 3, 3, 3, 3]
y_dimensions = [39, 18, 13, 11, 10, 8, 6, 5, 4, 3, 16, 15, 12, 9, 8, 6, 5, 4, 3, 15, 11, 10, 9, 8, 7, 6, 5, 4, 3]
minimum_height = 135
----------
x_coordinates = [3, 33, 28, 4, 11, 31, 17, 25, 34, 25, 13, 30, 4, 34, 5, 1, 35, 12, 9, 33, 10, 36, 22, 1, 33, 27, 32, 18, 32]
y_coordinates = [47, 59, 85, 93, 87, 107, 124, 129, 125, 126, 114, 115, 114, 116, 126, 128, 129, 130, 127, 92, 116, 106, 125, 120, 85, 120, 13, 115, 131]
x_dimensions = [15, 5, 5, 5, 5, 5, 5, 5, 5, 5, 4, 4, 4, 4, 4, 4, 4, 4, 4, 3, 3, 3, 3, 3, 3, 3, 3, 3, 3]
y_dimensions = [39, 18, 13, 11, 10, 8, 6, 5, 4, 3, 16, 15, 12, 9, 8, 6, 5, 4, 3, 15, 11, 10, 9, 8, 7, 6, 5, 4, 3]
minimum_height = 134
----------
x_coordinates = [11, 25, 26, 32, 27, 21, 21, 26, 30, 26, 17, 31, 12, 35, 13, 9, 29, 18, 35, 36, 22, 25, 25, 6, 0, 27, 34, 5, 3]
y_coordinates = [47, 29, 84, 81, 73, 119, 127, 125, 108, 130, 117, 118, 113, 117, 125, 126, 113, 111, 129, 97, 108, 109, 100, 125, 124, 119, 112, 113, 125]
x_dimensions = [15, 5, 5, 5, 5, 5, 5, 5, 5, 5, 4, 4, 4, 4, 4, 4, 4, 4, 4, 3, 3, 3, 3, 3, 3, 3, 3, 3, 3]
y_dimensions = [39, 18, 13, 11, 10, 8, 6, 5, 4, 3, 16, 15, 12, 9, 8, 6, 5, 4, 3, 15, 11, 10, 9, 8, 7, 6, 5, 4, 3]
minimum_height = 133
----------
x_coordinates = [10, 19, 24, 20, 2, 34, 12, 29, 32, 34, 13, 17, 1, 24, 8, 4, 25, 8, 33, 33, 8, 28, 21, 5, 36, 33, 1, 3, 11]
y_coordinates = [32, 98, 102, 74, 19, 108, 126, 126, 116, 129, 110, 117, 112, 118, 119, 126, 127, 128, 90, 93, 108, 115, 123, 118, 122, 120, 124, 108, 107]
x_dimensions = [15, 5, 5, 5, 5, 5, 5, 5, 5, 5, 4, 4, 4, 4, 4, 4, 4, 4, 4, 3, 3, 3, 3, 3, 3, 3, 3, 3, 3]
y_dimensions = [39, 18, 13, 11, 10, 8, 6, 5, 4, 3, 16, 15, 12, 9, 8, 6, 5, 4, 3, 15, 11, 10, 9, 8, 7, 6, 5, 4, 3]
minimum_height = 132
----------
x_coordinates = [11, 26, 25, 21, 19, 32, 15, 34, 32, 33, 14, 18, 28, 25, 29, 35, 33, 9, 30, 33, 11, 7, 22, 36, 35, 31, 32, 5, 13]
y_coordinates = [4, 77, 64, 85, 74, 96, 105, 109, 92, 128, 111, 113, 95, 119, 123, 114, 104, 127, 109, 77, 116, 117, 122, 120, 65, 112, 118, 29, 127]
x_dimensions = [15, 5, 5, 5, 5, 5, 5, 5, 5, 5, 4, 4, 4, 4, 4, 4, 4, 4, 4, 3, 3, 3, 3, 3, 3, 3, 3, 3, 3]
y_dimensions = [39, 18, 13, 11, 10, 8, 6, 5, 4, 3, 16, 15, 12, 9, 8, 6, 5, 4, 3, 15, 11, 10, 9, 8, 7, 6, 5, 4, 3]
minimum_height = 131
----------
x_coordinates = [4, 28, 23, 23, 9, 12, 33, 17, 30, 34, 22, 29, 4, 26, 33, 35, 33, 18, 35, 33, 29, 9, 28, 36, 28, 31, 32, 32, 31]
y_coordinates = [33, 61, 78, 59, 81, 120, 89, 120, 126, 113, 112, 88, 115, 121, 100, 116, 108, 112, 96, 70, 103, 120, 79, 122, 114, 115, 121, 37, 85]
x_dimensions = [15, 5, 5, 5, 5, 5, 5, 5, 5, 5, 4, 4, 4, 4, 4, 4, 4, 4, 4, 3, 3, 3, 3, 3, 3, 3, 3, 3, 3]
y_dimensions = [39, 18, 13, 11, 10, 8, 6, 5, 4, 3, 16, 15, 12, 9, 8, 6, 5, 4, 3, 15, 11, 10, 9, 8, 7, 6, 5, 4, 3]
minimum_height = 130
----------
x_coordinates = [8, 25, 23, 24, 26, 34, 34, 31, 34, 20, 29, 30, 9, 28, 34, 35, 27, 26, 30, 34, 29, 13, 22, 36, 17, 32, 32, 31, 22]
y_coordinates = [27, 105, 61, 74, 41, 91, 107, 124, 84, 122, 59, 98, 112, 89, 99, 115, 123, 98, 86, 69, 75, 119, 113, 121, 120, 118, 113, 30, 106]
x_dimensions = [15, 5, 5, 5, 5, 5, 5, 5, 5, 5, 4, 4, 4, 4, 4, 4, 4, 4, 4, 3, 3, 3, 3, 3, 3, 3, 3, 3, 3]
y_dimensions = [39, 18, 13, 11, 10, 8, 6, 5, 4, 3, 16, 15, 12, 9, 8, 6, 5, 4, 3, 15, 11, 10, 9, 8, 7, 6, 5, 4, 3]
minimum_height = 129
----------
x_coordinates = [9, 25, 29, 34, 28, 34, 34, 34, 34, 24, 30, 34, 9, 26, 35, 17, 31, 29, 35, 34, 29, 13, 23, 36, 21, 33, 33, 35, 26]
y_coordinates = [31, 106, 75, 78, 45, 57, 65, 89, 71, 125, 93, 94, 116, 88, 109, 121, 112, 124, 75, 42, 64, 118, 70, 120, 121, 122, 117, 38, 69]
x_dimensions = [15, 5, 5, 5, 5, 5, 5, 5, 5, 5, 4, 4, 4, 4, 4, 4, 4, 4, 4, 3, 3, 3, 3, 3, 3, 3, 3, 3, 3]
y_dimensions = [39, 18, 13, 11, 10, 8, 6, 5, 4, 3, 16, 15, 12, 9, 8, 6, 5, 4, 3, 15, 11, 10, 9, 8, 7, 6, 5, 4, 3]
minimum_height = 128
----------
x_coordinates = [8, 26, 29, 34, 16, 34, 34, 34, 34, 31, 30, 21, 8, 26, 35, 22, 35, 9, 31, 35, 30, 13, 35, 19, 16, 36, 33, 6, 31]
y_coordinates = [28, 109, 78, 76, 108, 97, 113, 87, 72, 124, 91, 103, 111, 69, 105, 121, 92, 123, 109, 47, 67, 117, 63, 118, 120, 121, 119, 123, 112]
x_dimensions = [15, 5, 5, 5, 5, 5, 5, 5, 5, 5, 4, 4, 4, 4, 4, 4, 4, 4, 4, 3, 3, 3, 3, 3, 3, 3, 3, 3, 3]
y_dimensions = [39, 18, 13, 11, 10, 8, 6, 5, 4, 3, 16, 15, 12, 9, 8, 6, 5, 4, 3, 15, 11, 10, 9, 8, 7, 6, 5, 4, 3]
minimum_height = 127
----------
x_coordinates = [11, 27, 34, 25, 20, 34, 34, 34, 34, 22, 30, 18, 1, 6, 23, 11, 35, 32, 10, 35, 31, 5, 35, 8, 15, 36, 33, 19, 32]
y_coordinates = [40, 108, 81, 92, 90, 99, 75, 94, 71, 120, 92, 106, 113, 93, 112, 119, 66, 122, 93, 51, 74, 116, 107, 118, 119, 119, 117, 121, 111]
x_dimensions = [15, 5, 5, 5, 5, 5, 5, 5, 5, 5, 4, 4, 4, 4, 4, 4, 4, 4, 4, 3, 3, 3, 3, 3, 3, 3, 3, 3, 3]
y_dimensions = [39, 18, 13, 11, 10, 8, 6, 5, 4, 3, 16, 15, 12, 9, 8, 6, 5, 4, 3, 15, 11, 10, 9, 8, 7, 6, 5, 4, 3]
minimum_height = 126
----------
x_coordinates = [10, 26, 12, 21, 11, 34, 31, 4, 34, 14, 31, 0, 8, 17, 35, 20, 17, 19, 16, 34, 30, 25, 36, 23, 16, 23, 11, 23, 9]
y_coordinates = [40, 107, 107, 108, 86, 95, 103, 118, 91, 122, 109, 108, 101, 107, 117, 90, 116, 121, 103, 76, 92, 90, 108, 100, 94, 119, 120, 86, 116]
x_dimensions = [15, 5, 5, 5, 5, 5, 5, 5, 5, 5, 4, 4, 4, 4, 4, 4, 4, 4, 4, 3, 3, 3, 3, 3, 3, 3, 3, 3, 3]
y_dimensions = [39, 18, 13, 11, 10, 8, 6, 5, 4, 3, 16, 15, 12, 9, 8, 6, 5, 4, 3, 15, 11, 10, 9, 8, 7, 6, 5, 4, 3]
minimum_height = 125
----------
x_coordinates = [11, 27, 17, 22, 10, 34, 7, 13, 12, 12, 32, 31, 20, 21, 32, 35, 35, 8, 24, 34, 18, 32, 36, 36, 34, 33, 36, 36, 4]
y_coordinates = [15, 99, 111, 110, 61, 64, 114, 106, 115, 120, 100, 49, 88, 101, 116, 93, 79, 120, 121, 34, 100, 90, 110, 85, 72, 84, 119, 99, 118]
x_dimensions = [15, 5, 5, 5, 5, 5, 5, 5, 5, 5, 4, 4, 4, 4, 4, 4, 4, 4, 4, 3, 3, 3, 3, 3, 3, 3, 3, 3, 3]
y_dimensions = [39, 18, 13, 11, 10, 8, 6, 5, 4, 3, 16, 15, 12, 9, 8, 6, 5, 4, 3, 15, 11, 10, 9, 8, 7, 6, 5, 4, 3]
minimum_height = 124
----------
x_coordinates = [11, 29, 31, 30, 6, 25, 30, 34, 34, 34, 14, 18, 26, 23, 35, 21, 35, 24, 24, 34, 29, 33, 27, 34, 34, 36, 22, 31, 34]
y_coordinates = [41, 81, 35, 99, 40, 103, 110, 118, 73, 80, 107, 108, 69, 114, 104, 100, 98, 82, 111, 48, 58, 63, 114, 83, 91, 112, 106, 119, 77]
x_dimensions = [15, 5, 5, 5, 5, 5, 5, 5, 5, 5, 4, 4, 4, 4, 4, 4, 4, 4, 4, 3, 3, 3, 3, 3, 3, 3, 3, 3, 3]
y_dimensions = [39, 18, 13, 11, 10, 8, 6, 5, 4, 3, 16, 15, 12, 9, 8, 6, 5, 4, 3, 15, 11, 10, 9, 8, 7, 6, 5, 4, 3]
minimum_height = 123
----------
x_coordinates = [1, 30, 9, 31, 16, 31, 31, 14, 15, 19, 20, 5, 27, 33, 35, 1, 16, 1, 30, 36, 13, 24, 28, 27, 36, 27, 33, 35, 34]
y_coordinates = [41, 104, 109, 61, 44, 87, 95, 117, 103, 117, 100, 107, 89, 78, 113, 108, 110, 114, 101, 63, 91, 110, 80, 103, 94, 113, 73, 109, 101]
x_dimensions = [15, 5, 5, 5, 5, 5, 5, 5, 5, 5, 4, 4, 4, 4, 4, 4, 4, 4, 4, 3, 3, 3, 3, 3, 3, 3, 3, 3, 3]
y_dimensions = [39, 18, 13, 11, 10, 8, 6, 5, 4, 3, 16, 15, 12, 9, 8, 6, 5, 4, 3, 15, 11, 10, 9, 8, 7, 6, 5, 4, 3]
minimum_height = 122
----------
x_coordinates = [7, 26, 28, 30, 34, 16, 34, 26, 13, 24, 31, 2, 18, 35, 14, 22, 6, 21, 32, 34, 16, 35, 36, 34, 36, 10, 29, 34, 33]
y_coordinates = [38, 92, 79, 63, 29, 101, 57, 110, 109, 115, 100, 106, 109, 93, 113, 108, 108, 91, 118, 42, 90, 102, 112, 85, 78, 112, 116, 74, 81]
x_dimensions = [15, 5, 5, 5, 5, 5, 5, 5, 5, 5, 4, 4, 4, 4, 4, 4, 4, 4, 4, 3, 3, 3, 3, 3, 3, 3, 3, 3, 3]
y_dimensions = [39, 18, 13, 11, 10, 8, 6, 5, 4, 3, 16, 15, 12, 9, 8, 6, 5, 4, 3, 15, 11, 10, 9, 8, 7, 6, 5, 4, 3]
minimum_height = 121
----------
x_coordinates = [7, 17, 26, 31, 19, 23, 32, 21, 28, 30, 35, 7, 31, 28, 32, 22, 14, 16, 35, 34, 11, 33, 36, 32, 13, 18, 34, 35, 14]
y_coordinates = [33, 96, 107, 67, 23, 98, 52, 115, 94, 78, 104, 103, 107, 98, 59, 109, 114, 79, 86, 37, 105, 89, 91, 99, 97, 114, 81, 100, 105]
x_dimensions = [15, 5, 5, 5, 5, 5, 5, 5, 5, 5, 4, 4, 4, 4, 4, 4, 4, 4, 4, 3, 3, 3, 3, 3, 3, 3, 3, 3, 3]
y_dimensions = [39, 18, 13, 11, 10, 8, 6, 5, 4, 3, 16, 15, 12, 9, 8, 6, 5, 4, 3, 15, 11, 10, 9, 8, 7, 6, 5, 4, 3]
minimum_height = 120
----------
x_coordinates = [11, 22, 27, 13, 26, 27, 31, 4, 28, 34, 32, 9, 35, 28, 18, 32, 17, 2, 2, 36, 21, 6, 36, 36, 16, 17, 33, 36, 19]
y_coordinates = [33, 101, 85, 108, 19, 98, 69, 94, 115, 116, 95, 94, 76, 106, 110, 89, 95, 113, 106, 61, 90, 108, 98, 108, 100, 89, 111, 94, 106]
x_dimensions = [15, 5, 5, 5, 5, 5, 5, 5, 5, 5, 4, 4, 4, 4, 4, 4, 4, 4, 4, 3, 3, 3, 3, 3, 3, 3, 3, 3, 3]
y_dimensions = [39, 18, 13, 11, 10, 8, 6, 5, 4, 3, 16, 15, 12, 9, 8, 6, 5, 4, 3, 15, 11, 10, 9, 8, 7, 6, 5, 4, 3]
minimum_height = 119
----------
x_coordinates = [2, 18, 30, 4, 25, 27, 31, 19, 30, 34, 35, 9, 35, 31, 15, 24, 33, 30, 14, 36, 27, 34, 24, 26, 15, 17, 28, 36, 26]
y_coordinates = [25, 92, 88, 100, 60, 101, 49, 110, 64, 72, 100, 103, 60, 109, 110, 112, 55, 73, 107, 85, 90, 75, 99, 82, 99, 59, 113, 51, 109]
x_dimensions = [15, 5, 5, 5, 5, 5, 5, 5, 5, 5, 4, 4, 4, 4, 4, 4, 4, 4, 4, 3, 3, 3, 3, 3, 3, 3, 3, 3, 3]
y_dimensions = [39, 18, 13, 11, 10, 8, 6, 5, 4, 3, 16, 15, 12, 9, 8, 6, 5, 4, 3, 15, 11, 10, 9, 8, 7, 6, 5, 4, 3]
minimum_height = 118
----------
x_coordinates = [1, 24, 16, 5, 4, 28, 32, 19, 29, 34, 35, 15, 35, 35, 21, 33, 32, 33, 22, 13, 25, 10, 32, 29, 26, 23, 33, 34, 36]
y_coordinates = [38, 80, 97, 104, 24, 109, 57, 92, 95, 93, 96, 80, 81, 63, 109, 47, 76, 72, 103, 95, 106, 105, 100, 101, 98, 74, 112, 53, 114]
x_dimensions = [15, 5, 5, 5, 5, 5, 5, 5, 5, 5, 4, 4, 4, 4, 4, 4, 4, 4, 4, 3, 3, 3, 3, 3, 3, 3, 3, 3, 3]
y_dimensions = [39, 18, 13, 11, 10, 8, 6, 5, 4, 3, 16, 15, 12, 9, 8, 6, 5, 4, 3, 15, 11, 10, 9, 8, 7, 6, 5, 4, 3]
minimum_height = 117
----------
x_coordinates = [2, 18, 6, 1, 17, 30, 34, 5, 30, 34, 35, 11, 35, 34, 31, 29, 34, 32, 23, 36, 27, 36, 24, 27, 15, 29, 34, 36, 32]
y_coordinates = [38, 96, 97, 99, 32, 105, 58, 110, 101, 87, 100, 99, 64, 44, 93, 80, 82, 76, 99, 29, 97, 90, 107, 108, 104, 86, 53, 78, 113]
x_dimensions = [15, 5, 5, 5, 5, 5, 5, 5, 5, 5, 4, 4, 4, 4, 4, 4, 4, 4, 4, 3, 3, 3, 3, 3, 3, 3, 3, 3, 3]
y_dimensions = [39, 18, 13, 11, 10, 8, 6, 5, 4, 3, 16, 15, 12, 9, 8, 6, 5, 4, 3, 15, 11, 10, 9, 8, 7, 6, 5, 4, 3]
minimum_height = 116
----------
x_coordinates = [6, 21, 29, 3, 7, 34, 34, 11, 25, 34, 35, 12, 35, 32, 16, 31, 35, 32, 4, 26, 20, 8, 26, 31, 23, 18, 36, 34, 17]
y_coordinates = [37, 81, 94, 99, 87, 106, 51, 109, 111, 103, 87, 94, 70, 61, 102, 86, 82, 57, 110, 87, 102, 101, 102, 107, 103, 86, 60, 43, 112]
x_dimensions = [15, 5, 5, 5, 5, 5, 5, 5, 5, 5, 4, 4, 4, 4, 4, 4, 4, 4, 4, 3, 3, 3, 3, 3, 3, 3, 3, 3, 3]
y_dimensions = [39, 18, 13, 11, 10, 8, 6, 5, 4, 3, 16, 15, 12, 9, 8, 6, 5, 4, 3, 15, 11, 10, 9, 8, 7, 6, 5, 4, 3]
minimum_height = 115
----------
x_coordinates = [11, 10, 29, 4, 1, 34, 34, 25, 12, 34, 33, 17, 8, 32, 21, 30, 32, 31, 0, 36, 23, 34, 26, 33, 9, 24, 35, 36, 33]
y_coordinates = [30, 86, 95, 102, 75, 106, 56, 109, 105, 76, 40, 95, 70, 62, 105, 108, 82, 72, 104, 81, 94, 96, 100, 87, 104, 86, 71, 62, 79]
x_dimensions = [15, 5, 5, 5, 5, 5, 5, 5, 5, 5, 4, 4, 4, 4, 4, 4, 4, 4, 4, 3, 3, 3, 3, 3, 3, 3, 3, 3, 3]
y_dimensions = [39, 18, 13, 11, 10, 8, 6, 5, 4, 3, 16, 15, 12, 9, 8, 6, 5, 4, 3, 15, 11, 10, 9, 8, 7, 6, 5, 4, 3]
minimum_height = 114
----------
x_coordinates = [6, 18, 34, 16, 2, 12, 34, 30, 15, 26, 35, 23, 19, 8, 27, 31, 9, 1, 35, 23, 31, 15, 27, 36, 16, 13, 5, 34, 36]
y_coordinates = [23, 95, 97, 72, 62, 94, 64, 92, 68, 89, 70, 98, 83, 91, 105, 85, 86, 94, 110, 83, 101, 103, 93, 89, 87, 88, 90, 60, 86]
x_dimensions = [15, 5, 5, 5, 5, 5, 5, 5, 5, 5, 4, 4, 4, 4, 4, 4, 4, 4, 4, 3, 3, 3, 3, 3, 3, 3, 3, 3, 3]
y_dimensions = [39, 18, 13, 11, 10, 8, 6, 5, 4, 3, 16, 15, 12, 9, 8, 6, 5, 4, 3, 15, 11, 10, 9, 8, 7, 6, 5, 4, 3]
minimum_height = 113
----------
x_coordinates = [9, 32, 30, 34, 16, 33, 32, 34, 28, 34, 34, 29, 23, 35, 29, 13, 35, 12, 26, 27, 33, 36, 31, 17, 31, 28, 33, 34, 20]
y_coordinates = [20, 48, 99, 15, 102, 82, 26, 90, 69, 95, 32, 73, 89, 98, 40, 94, 107, 100, 109, 94, 66, 72, 90, 94, 19, 88, 77, 9, 97]
x_dimensions = [15, 5, 5, 5, 5, 5, 5, 5, 5, 5, 4, 4, 4, 4, 4, 4, 4, 4, 4, 3, 3, 3, 3, 3, 3, 3, 3, 3, 3]
y_dimensions = [39, 18, 13, 11, 10, 8, 6, 5, 4, 3, 16, 15, 12, 9, 8, 6, 5, 4, 3, 15, 11, 10, 9, 8, 7, 6, 5, 4, 3]
minimum_height = 112
----------
x_coordinates = [2, 22, 30, 17, 21, 22, 31, 27, 34, 31, 34, 35, 19, 23, 35, 26, 35, 12, 35, 34, 32, 19, 32, 16, 21, 28, 20, 34, 16]
y_coordinates = [34, 65, 86, 63, 46, 83, 30, 100, 71, 108, 36, 83, 92, 102, 75, 94, 98, 102, 104, 52, 75, 74, 99, 99, 56, 105, 104, 67, 96]
x_dimensions = [15, 5, 5, 5, 5, 5, 5, 5, 5, 5, 4, 4, 4, 4, 4, 4, 4, 4, 4, 3, 3, 3, 3, 3, 3, 3, 3, 3, 3]
y_dimensions = [39, 18, 13, 11, 10, 8, 6, 5, 4, 3, 16, 15, 12, 9, 8, 6, 5, 4, 3, 15, 11, 10, 9, 8, 7, 6, 5, 4, 3]
minimum_height = 111
----------
x_coordinates = [0, 24, 33, 20, 25, 23, 31, 31, 28, 34, 29, 34, 33, 16, 31, 35, 35, 35, 33, 31, 28, 26, 25, 13, 27, 12, 31, 36, 36]
y_coordinates = [32, 59, 55, 96, 10, 88, 37, 105, 77, 44, 51, 80, 68, 101, 97, 99, 47, 95, 52, 82, 94, 49, 101, 94, 81, 104, 46, 40, 106]
x_dimensions = [15, 5, 5, 5, 5, 5, 5, 5, 5, 5, 4, 4, 4, 4, 4, 4, 4, 4, 4, 3, 3, 3, 3, 3, 3, 3, 3, 3, 3]
y_dimensions = [39, 18, 13, 11, 10, 8, 6, 5, 4, 3, 16, 15, 12, 9, 8, 6, 5, 4, 3, 15, 11, 10, 9, 8, 7, 6, 5, 4, 3]
minimum_height = 110
----------
x_coordinates = [0, 26, 33, 34, 13, 34, 34, 24, 28, 32, 22, 22, 29, 18, 32, 25, 35, 27, 21, 30, 31, 30, 33, 35, 32, 22, 19, 36, 30]
y_coordinates = [26, 81, 53, 98, 99, 90, 33, 67, 40, 79, 72, 88, 44, 100, 71, 103, 66, 99, 64, 56, 95, 30, 42, 82, 83, 103, 78, 39, 106]
x_dimensions = [15, 5, 5, 5, 5, 5, 5, 5, 5, 5, 4, 4, 4, 4, 4, 4, 4, 4, 4, 3, 3, 3, 3, 3, 3, 3, 3, 3, 3]
y_dimensions = [39, 18, 13, 11, 10, 8, 6, 5, 4, 3, 16, 15, 12, 9, 8, 6, 5, 4, 3, 15, 11, 10, 9, 8, 7, 6, 5, 4, 3]
minimum_height = 109
----------
x_coordinates = [11, 19, 34, 24, 2, 33, 34, 18, 24, 34, 29, 15, 18, 7, 15, 34, 35, 11, 35, 31, 32, 31, 33, 36, 31, 28, 28, 34, 18]
y_coordinates = [25, 89, 78, 90, 42, 91, 46, 65, 104, 75, 90, 93, 73, 99, 85, 69, 64, 100, 56, 68, 57, 47, 99, 100, 83, 82, 77, 52, 70]
x_dimensions = [15, 5, 5, 5, 5, 5, 5, 5, 5, 5, 4, 4, 4, 4, 4, 4, 4, 4, 4, 3, 3, 3, 3, 3, 3, 3, 3, 3, 3]
y_dimensions = [39, 18, 13, 11, 10, 8, 6, 5, 4, 3, 16, 15, 12, 9, 8, 6, 5, 4, 3, 15, 11, 10, 9, 8, 7, 6, 5, 4, 3]
minimum_height = 108
----------
x_coordinates = [1, 24, 32, 28, 16, 10, 34, 19, 30, 32, 31, 20, 30, 33, 35, 29, 32, 15, 16, 36, 34, 30, 33, 21, 35, 34, 18, 35, 36]
y_coordinates = [15, 89, 14, 41, 20, 99, 31, 94, 52, 104, 74, 79, 56, 37, 78, 98, 90, 98, 91, 86, 57, 31, 95, 99, 50, 68, 102, 46, 101]
x_dimensions = [15, 5, 5, 5, 5, 5, 5, 5, 5, 5, 4, 4, 4, 4, 4, 4, 4, 4, 4, 3, 3, 3, 3, 3, 3, 3, 3, 3, 3]
y_dimensions = [39, 18, 13, 11, 10, 8, 6, 5, 4, 3, 16, 15, 12, 9, 8, 6, 5, 4, 3, 15, 11, 10, 9, 8, 7, 6, 5, 4, 3]
minimum_height = 107
----------
x_coordinates = [4, 30, 21, 26, 12, 26, 34, 19, 31, 16, 35, 16, 20, 32, 31, 22, 31, 18, 29, 36, 30, 34, 33, 36, 35, 34, 13, 34, 34]
y_coordinates = [15, 12, 87, 85, 59, 98, 30, 52, 102, 99, 75, 79, 74, 93, 80, 100, 88, 102, 61, 91, 69, 36, 53, 54, 68, 62, 98, 46, 50]
x_dimensions = [15, 5, 5, 5, 5, 5, 5, 5, 5, 5, 4, 4, 4, 4, 4, 4, 4, 4, 4, 3, 3, 3, 3, 3, 3, 3, 3, 3, 3]
y_dimensions = [39, 18, 13, 11, 10, 8, 6, 5, 4, 3, 16, 15, 12, 9, 8, 6, 5, 4, 3, 15, 11, 10, 9, 8, 7, 6, 5, 4, 3]
minimum_height = 106
----------
x_coordinates = [5, 30, 22, 31, 3, 34, 33, 18, 34, 17, 35, 15, 21, 35, 31, 24, 26, 27, 35, 34, 19, 31, 34, 36, 36, 36, 14, 29, 33]
y_coordinates = [5, 69, 86, 58, 65, 14, 37, 57, 92, 98, 76, 83, 65, 96, 97, 99, 61, 91, 43, 22, 86, 87, 46, 55, 69, 63, 98, 42, 55]
x_dimensions = [15, 5, 5, 5, 5, 5, 5, 5, 5, 5, 4, 4, 4, 4, 4, 4, 4, 4, 4, 3, 3, 3, 3, 3, 3, 3, 3, 3, 3]
y_dimensions = [39, 18, 13, 11, 10, 8, 6, 5, 4, 3, 16, 15, 12, 9, 8, 6, 5, 4, 3, 15, 11, 10, 9, 8, 7, 6, 5, 4, 3]
minimum_height = 105
----------
x_coordinates = [8, 28, 5, 34, 23, 12, 31, 6, 29, 20, 17, 13, 24, 25, 32, 35, 13, 35, 30, 35, 21, 32, 36, 35, 19, 10, 17, 36, 29]
y_coordinates = [30, 63, 89, 84, 65, 69, 43, 75, 81, 98, 82, 79, 75, 94, 96, 70, 94, 51, 93, 55, 84, 50, 95, 76, 75, 94, 98, 47, 97]
x_dimensions = [15, 5, 5, 5, 5, 5, 5, 5, 5, 5, 4, 4, 4, 4, 4, 4, 4, 4, 4, 3, 3, 3, 3, 3, 3, 3, 3, 3, 3]
y_dimensions = [39, 18, 13, 11, 10, 8, 6, 5, 4, 3, 16, 15, 12, 9, 8, 6, 5, 4, 3, 15, 11, 10, 9, 8, 7, 6, 5, 4, 3]
minimum_height = 104
----------
x_coordinates = [7, 29, 9, 31, 22, 14, 33, 18, 30, 22, 23, 15, 19, 27, 33, 18, 35, 14, 31, 35, 26, 32, 36, 28, 25, 36, 35, 30, 27]
y_coordinates = [4, 57, 89, 85, 40, 73, 42, 56, 99, 100, 84, 82, 76, 90, 49, 97, 98, 97, 96, 59, 66, 75, 89, 82, 77, 74, 80, 47, 99]
x_dimensions = [15, 5, 5, 5, 5, 5, 5, 5, 5, 5, 4, 4, 4, 4, 4, 4, 4, 4, 4, 3, 3, 3, 3, 3, 3, 3, 3, 3, 3]
y_dimensions = [39, 18, 13, 11, 10, 8, 6, 5, 4, 3, 16, 15, 12, 9, 8, 6, 5, 4, 3, 15, 11, 10, 9, 8, 7, 6, 5, 4, 3]
minimum_height = 103
----------
x_coordinates = [11, 31, 19, 31, 13, 7, 34, 26, 34, 23, 28, 23, 27, 35, 35, 25, 31, 30, 32, 34, 31, 16, 36, 13, 24, 32, 36, 35, 29]
y_coordinates = [27, 37, 87, 88, 67, 92, 59, 36, 33, 69, 55, 72, 84, 75, 67, 96, 71, 32, 99, 18, 77, 86, 93, 93, 87, 65, 88, 84, 99]
x_dimensions = [15, 5, 5, 5, 5, 5, 5, 5, 5, 5, 4, 4, 4, 4, 4, 4, 4, 4, 4, 3, 3, 3, 3, 3, 3, 3, 3, 3, 3]
y_dimensions = [39, 18, 13, 11, 10, 8, 6, 5, 4, 3, 16, 15, 12, 9, 8, 6, 5, 4, 3, 15, 11, 10, 9, 8, 7, 6, 5, 4, 3]
minimum_height = 102
----------
x_coordinates = [11, 28, 30, 34, 6, 17, 21, 27, 26, 31, 33, 35, 35, 31, 32, 24, 32, 30, 30, 34, 31, 28, 27, 36, 24, 34, 22, 25, 34]
y_coordinates = [8, 48, 35, 24, 30, 92, 70, 66, 97, 6, 48, 80, 36, 81, 67, 87, 75, 31, 28, 9, 90, 87, 74, 72, 79, 95, 96, 93, 64]
x_dimensions = [15, 5, 5, 5, 5, 5, 5, 5, 5, 5, 4, 4, 4, 4, 4, 4, 4, 4, 4, 3, 3, 3, 3, 3, 3, 3, 3, 3, 3]
y_dimensions = [39, 18, 13, 11, 10, 8, 6, 5, 4, 3, 16, 15, 12, 9, 8, 6, 5, 4, 3, 15, 11, 10, 9, 8, 7, 6, 5, 4, 3]
minimum_height = 101
----------
x_coordinates = [11, 29, 31, 33, 11, 11, 28, 26, 27, 22, 34, 20, 27, 35, 33, 24, 16, 31, 28, 36, 32, 34, 33, 13, 36, 36, 36, 25, 33]
y_coordinates = [6, 50, 36, 7, 45, 92, 79, 95, 85, 48, 49, 83, 38, 91, 68, 89, 91, 96, 90, 34, 85, 23, 76, 84, 84, 78, 18, 81, 33]
x_dimensions = [15, 5, 5, 5, 5, 5, 5, 5, 5, 5, 4, 4, 4, 4, 4, 4, 4, 4, 4, 3, 3, 3, 3, 3, 3, 3, 3, 3, 3]
y_dimensions = [39, 18, 13, 11, 10, 8, 6, 5, 4, 3, 16, 15, 12, 9, 8, 6, 5, 4, 3, 15, 11, 10, 9, 8, 7, 6, 5, 4, 3]
minimum_height = 100
----------
x_coordinates = [12, 5, 15, 33, 34, 0, 28, 29, 31, 23, 35, 10, 11, 21, 32, 35, 20, 17, 17, 35, 36, 33, 29, 25, 14, 36, 26, 27, 36]
y_coordinates = [13, 77, 75, 49, 17, 87, 77, 71, 94, 75, 60, 82, 70, 87, 86, 43, 82, 95, 92, 28, 88, 76, 85, 81, 92, 82, 90, 95, 79]
x_dimensions = [15, 5, 5, 5, 5, 5, 5, 5, 5, 5, 4, 4, 4, 4, 4, 4, 4, 4, 4, 3, 3, 3, 3, 3, 3, 3, 3, 3, 3]
y_dimensions = [39, 18, 13, 11, 10, 8, 6, 5, 4, 3, 16, 15, 12, 9, 8, 6, 5, 4, 3, 15, 11, 10, 9, 8, 7, 6, 5, 4, 3]
minimum_height = 99
----------
x_coordinates = [8, 9, 29, 33, 4, 1, 34, 29, 34, 25, 14, 2, 6, 21, 33, 11, 10, 26, 32, 36, 36, 18, 30, 26, 24, 15, 31, 29, 36]
y_coordinates = [13, 63, 71, 55, 63, 75, 80, 50, 86, 89, 75, 83, 82, 89, 90, 92, 87, 93, 68, 39, 69, 83, 89, 70, 79, 91, 84, 67, 66]
x_dimensions = [15, 5, 5, 5, 5, 5, 5, 5, 5, 5, 4, 4, 4, 4, 4, 4, 4, 4, 4, 3, 3, 3, 3, 3, 3, 3, 3, 3, 3]
y_dimensions = [39, 18, 13, 11, 10, 8, 6, 5, 4, 3, 16, 15, 12, 9, 8, 6, 5, 4, 3, 15, 11, 10, 9, 8, 7, 6, 5, 4, 3]
minimum_height = 98
----------
x_coordinates = [6, 14, 34, 31, 8, 22, 33, 12, 17, 22, 31, 27, 30, 21, 34, 35, 26, 8, 35, 34, 36, 19, 36, 23, 24, 27, 36, 29, 36]
y_coordinates = [15, 74, 63, 35, 62, 83, 46, 92, 93, 91, 81, 82, 69, 45, 27, 79, 77, 93, 76, 12, 52, 76, 88, 75, 61, 71, 41, 65, 85]
x_dimensions = [15, 5, 5, 5, 5, 5, 5, 5, 5, 5, 4, 4, 4, 4, 4, 4, 4, 4, 4, 3, 3, 3, 3, 3, 3, 3, 3, 3, 3]
y_dimensions = [39, 18, 13, 11, 10, 8, 6, 5, 4, 3, 16, 15, 12, 9, 8, 6, 5, 4, 3, 15, 11, 10, 9, 8, 7, 6, 5, 4, 3]
minimum_height = 97
----------
x_coordinates = [10, 10, 33, 34, 5, 23, 30, 10, 2, 19, 35, 31, 30, 15, 34, 24, 28, 11, 30, 34, 36, 20, 33, 7, 24, 27, 36, 32, 35]
y_coordinates = [28, 68, 8, 69, 63, 74, 90, 90, 88, 91, 80, 53, 72, 85, 45, 82, 84, 86, 68, 21, 58, 81, 36, 85, 88, 89, 39, 86, 55]
x_dimensions = [15, 5, 5, 5, 5, 5, 5, 5, 5, 5, 4, 4, 4, 4, 4, 4, 4, 4, 4, 3, 3, 3, 3, 3, 3, 3, 3, 3, 3]
y_dimensions = [39, 18, 13, 11, 10, 8, 6, 5, 4, 3, 16, 15, 12, 9, 8, 6, 5, 4, 3, 15, 11, 10, 9, 8, 7, 6, 5, 4, 3]
minimum_height = 96
----------
x_coordinates = [7, 28, 31, 13, 3, 17, 34, 25, 23, 12, 33, 33, 35, 22, 9, 26, 30, 13, 35, 34, 30, 21, 32, 29, 31, 28, 36, 36, 35]
y_coordinates = [11, 21, 39, 71, 55, 82, 85, 70, 89, 92, 23, 52, 73, 80, 82, 83, 83, 88, 70, 8, 63, 66, 74, 75, 88, 89, 47, 91, 67]
x_dimensions = [15, 5, 5, 5, 5, 5, 5, 5, 5, 5, 4, 4, 4, 4, 4, 4, 4, 4, 4, 3, 3, 3, 3, 3, 3, 3, 3, 3, 3]
y_dimensions = [39, 18, 13, 11, 10, 8, 6, 5, 4, 3, 16, 15, 12, 9, 8, 6, 5, 4, 3, 15, 11, 10, 9, 8, 7, 6, 5, 4, 3]
minimum_height = 95
----------
x_coordinates = [5, 28, 30, 25, 21, 18, 34, 30, 7, 30, 33, 35, 30, 33, 35, 12, 32, 19, 35, 15, 36, 23, 36, 28, 26, 29, 36, 16, 35]
y_coordinates = [5, 22, 9, 73, 26, 82, 79, 67, 89, 72, 23, 53, 75, 44, 68, 86, 89, 90, 76, 71, 8, 84, 85, 52, 84, 88, 39, 90, 20]
x_dimensions = [15, 5, 5, 5, 5, 5, 5, 5, 5, 5, 4, 4, 4, 4, 4, 4, 4, 4, 4, 3, 3, 3, 3, 3, 3, 3, 3, 3, 3]
y_dimensions = [39, 18, 13, 11, 10, 8, 6, 5, 4, 3, 16, 15, 12, 9, 8, 6, 5, 4, 3, 15, 11, 10, 9, 8, 7, 6, 5, 4, 3]
minimum_height = 94
----------
x_coordinates = [11, 27, 29, 15, 6, 7, 30, 10, 2, 31, 32, 34, 35, 20, 31, 24, 35, 27, 35, 36, 34, 33, 12, 25, 28, 34, 36, 33, 35]
y_coordinates = [19, 51, 24, 82, 19, 84, 87, 79, 89, 3, 37, 53, 74, 83, 79, 85, 86, 5, 68, 5, 26, 10, 84, 77, 80, 20, 47, 6, 71]
x_dimensions = [15, 5, 5, 5, 5, 5, 5, 5, 5, 5, 4, 4, 4, 4, 4, 4, 4, 4, 4, 3, 3, 3, 3, 3, 3, 3, 3, 3, 3]
y_dimensions = [39, 18, 13, 11, 10, 8, 6, 5, 4, 3, 16, 15, 12, 9, 8, 6, 5, 4, 3, 15, 11, 10, 9, 8, 7, 6, 5, 4, 3]
minimum_height = 93
----------
x_coordinates = [6, 31, 23, 18, 29, 13, 4, 8, 17, 26, 21, 28, 35, 32, 31, 9, 35, 23, 31, 36, 25, 25, 17, 12, 28, 36, 36, 27, 36]
y_coordinates = [9, 42, 79, 81, 27, 84, 86, 69, 48, 76, 54, 61, 75, 66, 80, 86, 87, 48, 77, 49, 65, 55, 72, 74, 85, 64, 44, 51, 72]
x_dimensions = [15, 5, 5, 5, 5, 5, 5, 5, 5, 5, 4, 4, 4, 4, 4, 4, 4, 4, 4, 3, 3, 3, 3, 3, 3, 3, 3, 3, 3]
y_dimensions = [39, 18, 13, 11, 10, 8, 6, 5, 4, 3, 16, 15, 12, 9, 8, 6, 5, 4, 3, 15, 11, 10, 9, 8, 7, 6, 5, 4, 3]
minimum_height = 92
----------
x_coordinates = [11, 26, 20, 29, 31, 26, 28, 12, 29, 16, 22, 31, 31, 35, 35, 19, 33, 18, 33, 25, 13, 9, 30, 17, 34, 36, 36, 19, 36]
y_coordinates = [10, 65, 60, 42, 21, 83, 57, 66, 53, 81, 73, 63, 78, 64, 83, 54, 58, 77, 38, 50, 71, 64, 33, 64, 51, 73, 41, 73, 80]
x_dimensions = [15, 5, 5, 5, 5, 5, 5, 5, 5, 5, 4, 4, 4, 4, 4, 4, 4, 4, 4, 3, 3, 3, 3, 3, 3, 3, 3, 3, 3]
y_dimensions = [39, 18, 13, 11, 10, 8, 6, 5, 4, 3, 16, 15, 12, 9, 8, 6, 5, 4, 3, 15, 11, 10, 9, 8, 7, 6, 5, 4, 3]
minimum_height = 91
----------
x_coordinates = [5, 32, 24, 33, 7, 32, 30, 12, 34, 28, 28, 32, 21, 17, 35, 24, 34, 23, 35, 36, 25, 22, 36, 28, 20, 19, 36, 27, 35]
y_coordinates = [19, 27, 43, 10, 77, 50, 84, 81, 63, 23, 57, 67, 78, 81, 82, 62, 58, 20, 21, 67, 72, 68, 1, 76, 57, 72, 45, 19, 24]
x_dimensions = [15, 5, 5, 5, 5, 5, 5, 5, 5, 5, 4, 4, 4, 4, 4, 4, 4, 4, 4, 3, 3, 3, 3, 3, 3, 3, 3, 3, 3]
y_dimensions = [39, 18, 13, 11, 10, 8, 6, 5, 4, 3, 16, 15, 12, 9, 8, 6, 5, 4, 3, 15, 11, 10, 9, 8, 7, 6, 5, 4, 3]
minimum_height = 90
----------
x_coordinates = [7, 27, 27, 17, 29, 30, 32, 22, 30, 28, 34, 35, 22, 35, 35, 35, 10, 24, 35, 32, 27, 26, 34, 36, 28, 14, 16, 28, 36]
y_coordinates = [14, 22, 44, 73, 67, 81, 21, 49, 77, 57, 58, 27, 76, 80, 50, 74, 78, 40, 18, 39, 78, 68, 5, 42, 60, 73, 56, 40, 15]
x_dimensions = [15, 5, 5, 5, 5, 5, 5, 5, 5, 5, 4, 4, 4, 4, 4, 4, 4, 4, 4, 3, 3, 3, 3, 3, 3, 3, 3, 3, 3]
y_dimensions = [39, 18, 13, 11, 10, 8, 6, 5, 4, 3, 16, 15, 12, 9, 8, 6, 5, 4, 3, 15, 11, 10, 9, 8, 7, 6, 5, 4, 3]
minimum_height = 89
----------
x_coordinates = [6, 16, 21, 34, 30, 31, 9, 9, 18, 30, 35, 17, 26, 2, 12, 23, 18, 29, 35, 14, 36, 27, 33, 6, 28, 3, 36, 34, 35]
y_coordinates = [6, 45, 65, 50, 70, 80, 76, 82, 83, 67, 61, 63, 59, 77, 49, 79, 78, 36, 34, 69, 77, 71, 41, 76, 81, 71, 45, 37, 31]
x_dimensions = [15, 5, 5, 5, 5, 5, 5, 5, 5, 5, 4, 4, 4, 4, 4, 4, 4, 4, 4, 3, 3, 3, 3, 3, 3, 3, 3, 3, 3]
y_dimensions = [39, 18, 13, 11, 10, 8, 6, 5, 4, 3, 16, 15, 12, 9, 8, 6, 5, 4, 3, 15, 11, 10, 9, 8, 7, 6, 5, 4, 3]
minimum_height = 88
----------
x_coordinates = [1, 31, 24, 13, 30, 32, 28, 18, 19, 14, 35, 6, 28, 35, 35, 24, 22, 2, 6, 29, 10, 3, 20, 11, 32, 18, 36, 9, 35]
y_coordinates = [6, 26, 68, 61, 71, 54, 81, 77, 83, 83, 62, 69, 44, 78, 46, 81, 60, 59, 61, 56, 61, 69, 51, 77, 63, 69, 41, 57, 23]
x_dimensions = [15, 5, 5, 5, 5, 5, 5, 5, 5, 5, 4, 4, 4, 4, 4, 4, 4, 4, 4, 3, 3, 3, 3, 3, 3, 3, 3, 3, 3]
y_dimensions = [39, 18, 13, 11, 10, 8, 6, 5, 4, 3, 16, 15, 12, 9, 8, 6, 5, 4, 3, 15, 11, 10, 9, 8, 7, 6, 5, 4, 3]
minimum_height = 87
----------
x_coordinates = [6, 21, 25, 8, 34, 17, 29, 25, 4, 30, 13, 14, 17, 30, 33, 9, 29, 5, 35, 36, 22, 2, 18, 27, 33, 5, 25, 1, 36]
y_coordinates = [7, 50, 68, 67, 73, 77, 57, 81, 82, 83, 70, 47, 65, 74, 48, 80, 63, 78, 83, 58, 72, 71, 55, 49, 66, 72, 44, 81, 45]
x_dimensions = [15, 5, 5, 5, 5, 5, 5, 5, 5, 5, 4, 4, 4, 4, 4, 4, 4, 4, 4, 3, 3, 3, 3, 3, 3, 3, 3, 3, 3]
y_dimensions = [39, 18, 13, 11, 10, 8, 6, 5, 4, 3, 16, 15, 12, 9, 8, 6, 5, 4, 3, 15, 11, 10, 9, 8, 7, 6, 5, 4, 3]
minimum_height = 86
----------
x_coordinates = [1, 23, 29, 30, 34, 20, 33, 2, 7, 28, 18, 8, 5, 35, 19, 22, 22, 25, 35, 33, 26, 12, 20, 15, 36, 9, 16, 15, 36]
y_coordinates = [6, 43, 71, 45, 75, 61, 38, 80, 80, 42, 69, 52, 68, 44, 43, 79, 74, 68, 53, 56, 73, 71, 52, 66, 68, 70, 50, 79, 65]
x_dimensions = [15, 5, 5, 5, 5, 5, 5, 5, 5, 5, 4, 4, 4, 4, 4, 4, 4, 4, 4, 3, 3, 3, 3, 3, 3, 3, 3, 3, 3]
y_dimensions = [39, 18, 13, 11, 10, 8, 6, 5, 4, 3, 16, 15, 12, 9, 8, 6, 5, 4, 3, 15, 11, 10, 9, 8, 7, 6, 5, 4, 3]
minimum_height = 85
----------
x_coordinates = [10, 3, 29, 34, 24, 34, 20, 16, 7, 23, 35, 13, 7, 31, 10, 12, 28, 32, 32, 33, 1, 4, 36, 32, 17, 35, 10, 21, 35]
y_coordinates = [0, 39, 71, 65, 74, 76, 68, 78, 80, 55, 40, 56, 68, 48, 39, 75, 66, 57, 62, 25, 73, 73, 56, 40, 70, 16, 55, 79, 22]
x_dimensions = [15, 5, 5, 5, 5, 5, 5, 5, 5, 5, 4, 4, 4, 4, 4, 4, 4, 4, 4, 3, 3, 3, 3, 3, 3, 3, 3, 3, 3]
y_dimensions = [39, 18, 13, 11, 10, 8, 6, 5, 4, 3, 16, 15, 12, 9, 8, 6, 5, 4, 3, 15, 11, 10, 9, 8, 7, 6, 5, 4, 3]
minimum_height = 84
----------
x_coordinates = [10, 14, 30, 25, 13, 20, 7, 21, 34, 15, 18, 10, 0, 35, 34, 35, 31, 19, 31, 34, 33, 22, 12, 28, 4, 36, 36, 22, 35]
y_coordinates = [3, 42, 70, 66, 73, 59, 69, 46, 43, 64, 67, 49, 66, 62, 24, 76, 65, 42, 62, 47, 32, 69, 64, 58, 69, 37, 71, 79, 21]
x_dimensions = [15, 5, 5, 5, 5, 5, 5, 5, 5, 5, 4, 4, 4, 4, 4, 4, 4, 4, 4, 3, 3, 3, 3, 3, 3, 3, 3, 3, 3]
y_dimensions = [39, 18, 13, 11, 10, 8, 6, 5, 4, 3, 16, 15, 12, 9, 8, 6, 5, 4, 3, 15, 11, 10, 9, 8, 7, 6, 5, 4, 3]
minimum_height = 83
----------
x_coordinates = [10, 22, 34, 29, 7, 24, 16, 26, 34, 29, 27, 5, 12, 35, 33, 31, 31, 24, 3, 36, 31, 36, 21, 9, 21, 36, 36, 23, 36]
y_coordinates = [3, 42, 69, 71, 72, 70, 68, 61, 41, 68, 45, 54, 62, 60, 9, 57, 63, 66, 71, 20, 44, 50, 73, 64, 66, 35, 45, 60, 17]
x_dimensions = [15, 5, 5, 5, 5, 5, 5, 5, 5, 5, 4, 4, 4, 4, 4, 4, 4, 4, 4, 3, 3, 3, 3, 3, 3, 3, 3, 3, 3]
y_dimensions = [39, 18, 13, 11, 10, 8, 6, 5, 4, 3, 16, 15, 12, 9, 8, 6, 5, 4, 3, 15, 11, 10, 9, 8, 7, 6, 5, 4, 3]
minimum_height = 82
----------
x_coordinates = [9, 8, 30, 31, 26, 29, 29, 26, 31, 25, 32, 12, 28, 13, 29, 35, 35, 21, 17, 36, 36, 24, 32, 33, 35, 36, 29, 25, 35]
y_coordinates = [2, 60, 68, 14, 15, 31, 25, 42, 39, 72, 43, 45, 56, 66, 5, 61, 74, 69, 67, 46, 35, 57, 59, 6, 67, 24, 51, 67, 3]
x_dimensions = [15, 5, 5, 5, 5, 5, 5, 5, 5, 5, 4, 4, 4, 4, 4, 4, 4, 4, 4, 3, 3, 3, 3, 3, 3, 3, 3, 3, 3]
y_dimensions = [39, 18, 13, 11, 10, 8, 6, 5, 4, 3, 16, 15, 12, 9, 8, 6, 5, 4, 3, 15, 11, 10, 9, 8, 7, 6, 5, 4, 3]
minimum_height = 81
----------
x_coordinates = [4, 30, 31, 26, 9, 22, 26, 31, 17, 16, 23, 35, 35, 35, 20, 31, 28, 27, 31, 11, 14, 27, 36, 26, 6, 36, 21, 29, 36]
y_coordinates = [12, 43, 20, 23, 70, 72, 66, 62, 69, 75, 48, 44, 68, 35, 38, 70, 34, 72, 67, 55, 63, 56, 59, 40, 67, 29, 64, 76, 26]
x_dimensions = [15, 5, 5, 5, 5, 5, 5, 5, 5, 5, 4, 4, 4, 4, 4, 4, 4, 4, 4, 3, 3, 3, 3, 3, 3, 3, 3, 3, 3]
y_dimensions = [39, 18, 13, 11, 10, 8, 6, 5, 4, 3, 16, 15, 12, 9, 8, 6, 5, 4, 3, 15, 11, 10, 9, 8, 7, 6, 5, 4, 3]
minimum_height = 80
----------
x_coordinates = [11, 34, 34, 32, 19, 8, 29, 33, 28, 28, 4, 30, 31, 24, 3, 32, 30, 32, 24, 16, 16, 35, 13, 29, 12, 36, 1, 34, 36]
y_coordinates = [3, 46, 4, 30, 63, 63, 60, 68, 66, 70, 63, 45, 18, 62, 40, 73, 13, 41, 71, 64, 53, 17, 63, 37, 72, 73, 63, 64, 43]
x_dimensions = [15, 5, 5, 5, 5, 5, 5, 5, 5, 5, 4, 4, 4, 4, 4, 4, 4, 4, 4, 3, 3, 3, 3, 3, 3, 3, 3, 3, 3]
y_dimensions = [39, 18, 13, 11, 10, 8, 6, 5, 4, 3, 16, 15, 12, 9, 8, 6, 5, 4, 3, 15, 11, 10, 9, 8, 7, 6, 5, 4, 3]
minimum_height = 79
----------
x_coordinates = [6, 27, 30, 33, 22, 31, 31, 34, 29, 29, 35, 32, 15, 23, 11, 35, 34, 35, 19, 19, 21, 36, 26, 36, 23, 36, 8, 36, 14]
y_coordinates = [14, 47, 7, 39, 59, 31, 65, 73, 74, 71, 15, 50, 64, 49, 64, 9, 0, 5, 72, 57, 38, 51, 69, 61, 70, 33, 70, 69, 60]
x_dimensions = [15, 5, 5, 5, 5, 5, 5, 5, 5, 5, 4, 4, 4, 4, 4, 4, 4, 4, 4, 3, 3, 3, 3, 3, 3, 3, 3, 3, 3]
y_dimensions = [39, 18, 13, 11, 10, 8, 6, 5, 4, 3, 16, 15, 12, 9, 8, 6, 5, 4, 3, 15, 11, 10, 9, 8, 7, 6, 5, 4, 3]
minimum_height = 78
----------
x_coordinates = [0, 33, 31, 17, 21, 26, 34, 34, 30, 29, 27, 35, 35, 25, 11, 23, 15, 31, 19, 18, 22, 36, 26, 31, 15, 32, 8, 18, 36]
y_coordinates = [13, 18, 5, 42, 67, 60, 66, 72, 56, 73, 35, 51, 39, 51, 65, 37, 35, 37, 35, 55, 50, 8, 68, 65, 69, 50, 69, 71, 36]
x_dimensions = [15, 5, 5, 5, 5, 5, 5, 5, 5, 5, 4, 4, 4, 4, 4, 4, 4, 4, 4, 3, 3, 3, 3, 3, 3, 3, 3, 3, 3]
y_dimensions = [39, 18, 13, 11, 10, 8, 6, 5, 4, 3, 16, 15, 12, 9, 8, 6, 5, 4, 3, 15, 11, 10, 9, 8, 7, 6, 5, 4, 3]
minimum_height = 77
----------
x_coordinates = [1, 34, 33, 25, 26, 26, 34, 3, 30, 34, 15, 22, 21, 30, 11, 19, 26, 33, 19, 19, 18, 34, 31, 8, 23, 16, 0, 12, 36]
y_coordinates = [16, 49, 14, 41, 58, 68, 67, 71, 45, 73, 57, 52, 40, 49, 64, 67, 53, 27, 73, 52, 40, 35, 66, 66, 69, 51, 70, 72, 32]
x_dimensions = [15, 5, 5, 5, 5, 5, 5, 5, 5, 5, 4, 4, 4, 4, 4, 4, 4, 4, 4, 3, 3, 3, 3, 3, 3, 3, 3, 3, 3]
y_dimensions = [39, 18, 13, 11, 10, 8, 6, 5, 4, 3, 16, 15, 12, 9, 8, 6, 5, 4, 3, 15, 11, 10, 9, 8, 7, 6, 5, 4, 3]
minimum_height = 76
----------
x_coordinates = [5, 14, 20, 24, 34, 27, 34, 4, 34, 33, 1, 30, 32, 35, 1, 26, 15, 32, 22, 33, 35, 36, 31, 11, 19, 29, 1, 29, 36]
y_coordinates = [13, 52, 14, 42, 49, 21, 69, 69, 22, 19, 37, 60, 26, 59, 14, 69, 70, 15, 67, 0, 38, 28, 51, 67, 67, 37, 69, 17, 16]
x_dimensions = [15, 5, 5, 5, 5, 5, 5, 5, 5, 5, 4, 4, 4, 4, 4, 4, 4, 4, 4, 3, 3, 3, 3, 3, 3, 3, 3, 3, 3]
y_dimensions = [39, 18, 13, 11, 10, 8, 6, 5, 4, 3, 16, 15, 12, 9, 8, 6, 5, 4, 3, 15, 11, 10, 9, 8, 7, 6, 5, 4, 3]
minimum_height = 75
----------
x_coordinates = [8, 0, 30, 22, 34, 25, 30, 17, 16, 12, 27, 33, 35, 35, 4, 24, 5, 26, 35, 34, 19, 36, 31, 9, 33, 31, 2, 22, 7]
y_coordinates = [0, 51, 37, 49, 52, 66, 68, 69, 65, 71, 50, 15, 40, 62, 14, 29, 67, 39, 71, 0, 49, 30, 59, 66, 30, 51, 69, 70, 39]
x_dimensions = [15, 5, 5, 5, 5, 5, 5, 5, 5, 5, 4, 4, 4, 4, 4, 4, 4, 4, 4, 3, 3, 3, 3, 3, 3, 3, 3, 3, 3]
y_dimensions = [39, 18, 13, 11, 10, 8, 6, 5, 4, 3, 16, 15, 12, 9, 8, 6, 5, 4, 3, 15, 11, 10, 9, 8, 7, 6, 5, 4, 3]
minimum_height = 74
----------
x_coordinates = [0, 23, 30, 18, 30, 14, 34, 23, 19, 24, 10, 35, 35, 32, 19, 31, 24, 32, 34, 34, 29, 28, 36, 22, 7, 36, 18, 31, 36]
y_coordinates = [13, 47, 37, 53, 51, 64, 21, 21, 68, 70, 57, 27, 48, 61, 16, 29, 65, 17, 70, 2, 62, 26, 60, 26, 66, 42, 25, 25, 18]
x_dimensions = [15, 5, 5, 5, 5, 5, 5, 5, 5, 5, 4, 4, 4, 4, 4, 4, 4, 4, 4, 3, 3, 3, 3, 3, 3, 3, 3, 3, 3]
y_dimensions = [39, 18, 13, 11, 10, 8, 6, 5, 4, 3, 16, 15, 12, 9, 8, 6, 5, 4, 3, 15, 11, 10, 9, 8, 7, 6, 5, 4, 3]
minimum_height = 73
----------
x_coordinates = [5, 17, 34, 26, 31, 12, 34, 20, 21, 23, 22, 30, 26, 35, 23, 33, 28, 5, 31, 35, 36, 25, 9, 21, 33, 36, 36, 32, 23]
y_coordinates = [9, 54, 39, 56, 53, 62, 28, 30, 43, 69, 47, 33, 44, 63, 14, 15, 67, 68, 64, 0, 52, 33, 62, 35, 21, 21, 34, 68, 66]
x_dimensions = [15, 5, 5, 5, 5, 5, 5, 5, 5, 5, 4, 4, 4, 4, 4, 4, 4, 4, 4, 3, 3, 3, 3, 3, 3, 3, 3, 3, 3]
y_dimensions = [39, 18, 13, 11, 10, 8, 6, 5, 4, 3, 16, 15, 12, 9, 8, 6, 5, 4, 3, 15, 11, 10, 9, 8, 7, 6, 5, 4, 3]
minimum_height = 72
----------
x_coordinates = [3, 25, 34, 12, 34, 26, 20, 24, 28, 24, 30, 31, 35, 17, 24, 34, 21, 29, 20, 35, 33, 16, 9, 26, 20, 31, 36, 31, 23]
y_coordinates = [1, 51, 48, 60, 61, 43, 47, 38, 19, 32, 52, 33, 34, 62, 12, 13, 66, 29, 17, 19, 0, 45, 60, 24, 10, 12, 8, 48, 28]
x_dimensions = [15, 5, 5, 5, 5, 5, 5, 5, 5, 5, 4, 4, 4, 4, 4, 4, 4, 4, 4, 3, 3, 3, 3, 3, 3, 3, 3, 3, 3]
y_dimensions = [39, 18, 13, 11, 10, 8, 6, 5, 4, 3, 16, 15, 12, 9, 8, 6, 5, 4, 3, 15, 11, 10, 9, 8, 7, 6, 5, 4, 3]
minimum_height = 71
----------
x_coordinates = [8, 21, 26, 16, 34, 29, 7, 28, 32, 28, 33, 35, 31, 12, 1, 35, 25, 33, 6, 33, 3, 11, 4, 36, 0, 5, 32, 32, 36]
y_coordinates = [4, 50, 49, 59, 60, 62, 59, 11, 16, 34, 0, 45, 48, 61, 34, 39, 41, 35, 43, 20, 43, 43, 59, 27, 44, 34, 39, 44, 23]
x_dimensions = [15, 5, 5, 5, 5, 5, 5, 5, 5, 5, 4, 4, 4, 4, 4, 4, 4, 4, 4, 3, 3, 3, 3, 3, 3, 3, 3, 3, 3]
y_dimensions = [39, 18, 13, 11, 10, 8, 6, 5, 4, 3, 16, 15, 12, 9, 8, 6, 5, 4, 3, 15, 11, 10, 9, 8, 7, 6, 5, 4, 3]
minimum_height = 70
----------
x_coordinates = [0, 26, 15, 30, 22, 30, 34, 25, 25, 28, 35, 35, 7, 11, 22, 35, 25, 30, 26, 34, 20, 27, 31, 33, 28, 31, 23, 32, 31]
y_coordinates = [15, 17, 51, 3, 56, 49, 63, 35, 10, 14, 0, 48, 57, 60, 23, 42, 5, 35, 47, 27, 41, 56, 60, 16, 40, 39, 47, 45, 32]
x_dimensions = [15, 5, 5, 5, 5, 5, 5, 5, 5, 5, 4, 4, 4, 4, 4, 4, 4, 4, 4, 3, 3, 3, 3, 3, 3, 3, 3, 3, 3]
y_dimensions = [39, 18, 13, 11, 10, 8, 6, 5, 4, 3, 16, 15, 12, 9, 8, 6, 5, 4, 3, 15, 11, 10, 9, 8, 7, 6, 5, 4, 3]
minimum_height = 69
----------
x_coordinates = [1, 16, 33, 34, 25, 30, 34, 20, 19, 21, 29, 23, 35, 27, 13, 35, 22, 35, 28, 20, 17, 26, 32, 34, 31, 28, 31, 36, 36]
y_coordinates = [8, 30, 1, 43, 21, 24, 37, 25, 21, 36, 32, 53, 25, 48, 56, 62, 31, 17, 65, 53, 53, 31, 15, 54, 58, 57, 53, 21, 14]
x_dimensions = [15, 5, 5, 5, 5, 5, 5, 5, 5, 5, 4, 4, 4, 4, 4, 4, 4, 4, 4, 3, 3, 3, 3, 3, 3, 3, 3, 3, 3]
y_dimensions = [39, 18, 13, 11, 10, 8, 6, 5, 4, 3, 16, 15, 12, 9, 8, 6, 5, 4, 3, 15, 11, 10, 9, 8, 7, 6, 5, 4, 3]
minimum_height = 68
----------
x_coordinates = [1, 25, 29, 34, 26, 30, 31, 22, 25, 21, 17, 23, 20, 35, 33, 35, 31, 22, 34, 36, 28, 33, 30, 36, 20, 14, 31, 36, 22]
y_coordinates = [10, 38, 6, 3, 57, 49, 33, 11, 34, 56, 48, 16, 31, 55, 24, 18, 19, 63, 64, 32, 23, 39, 40, 47, 18, 61, 61, 14, 46]
x_dimensions = [15, 5, 5, 5, 5, 5, 5, 5, 5, 5, 4, 4, 4, 4, 4, 4, 4, 4, 4, 3, 3, 3, 3, 3, 3, 3, 3, 3, 3]
y_dimensions = [39, 18, 13, 11, 10, 8, 6, 5, 4, 3, 16, 15, 12, 9, 8, 6, 5, 4, 3, 15, 11, 10, 9, 8, 7, 6, 5, 4, 3]
minimum_height = 67
----------
x_coordinates = [4, 27, 34, 7, 30, 31, 34, 34, 26, 30, 30, 18, 22, 23, 35, 31, 34, 34, 26, 27, 19, 15, 36, 12, 35, 4, 36, 32, 14]
y_coordinates = [2, 13, 14, 54, 0, 55, 40, 27, 31, 63, 39, 49, 38, 57, 32, 33, 50, 46, 45, 48, 38, 54, 57, 58, 7, 60, 2, 10, 45]
x_dimensions = [15, 5, 5, 5, 5, 5, 5, 5, 5, 5, 4, 4, 4, 4, 4, 4, 4, 4, 4, 3, 3, 3, 3, 3, 3, 3, 3, 3, 3]
y_dimensions = [39, 18, 13, 11, 10, 8, 6, 5, 4, 3, 16, 15, 12, 9, 8, 6, 5, 4, 3, 15, 11, 10, 9, 8, 7, 6, 5, 4, 3]
minimum_height = 66
----------
x_coordinates = [5, 34, 31, 13, 34, 34, 8, 27, 25, 30, 30, 18, 22, 22, 23, 28, 31, 32, 28, 26, 25, 36, 35, 10, 36, 26, 20, 32, 35]
y_coordinates = [2, 29, 16, 51, 47, 57, 46, 8, 2, 0, 46, 50, 43, 56, 7, 38, 3, 12, 13, 44, 32, 12, 0, 54, 22, 59, 8, 8, 9]
x_dimensions = [15, 5, 5, 5, 5, 5, 5, 5, 5, 5, 4, 4, 4, 4, 4, 4, 4, 4, 4, 3, 3, 3, 3, 3, 3, 3, 3, 3, 3]
y_dimensions = [39, 18, 13, 11, 10, 8, 6, 5, 4, 3, 16, 15, 12, 9, 8, 6, 5, 4, 3, 15, 11, 10, 9, 8, 7, 6, 5, 4, 3]
minimum_height = 65
----------
x_coordinates = [0, 15, 34, 7, 33, 31, 19, 24, 26, 30, 27, 31, 23, 29, 35, 35, 20, 35, 30, 28, 31, 34, 20, 12, 36, 24, 22, 31, 36]
y_coordinates = [12, 37, 41, 52, 28, 2, 58, 37, 5, 38, 48, 13, 46, 29, 20, 10, 37, 16, 45, 9, 53, 54, 47, 52, 3, 58, 23, 49, 38]
x_dimensions = [15, 5, 5, 5, 5, 5, 5, 5, 5, 5, 4, 4, 4, 4, 4, 4, 4, 4, 4, 3, 3, 3, 3, 3, 3, 3, 3, 3, 3]
y_dimensions = [39, 18, 13, 11, 10, 8, 6, 5, 4, 3, 16, 15, 12, 9, 8, 6, 5, 4, 3, 15, 11, 10, 9, 8, 7, 6, 5, 4, 3]
minimum_height = 64
----------
x_coordinates = [11, 29, 10, 6, 20, 31, 5, 20, 26, 6, 35, 33, 16, 25, 32, 5, 34, 35, 34, 2, 3, 36, 5, 26, 2, 32, 36, 32, 26]
y_coordinates = [9, 45, 49, 25, 48, 19, 50, 58, 20, 18, 36, 4, 51, 51, 27, 56, 52, 57, 1, 48, 17, 26, 41, 43, 35, 39, 21, 35, 60]
x_dimensions = [15, 5, 5, 5, 5, 5, 5, 5, 5, 5, 4, 4, 4, 4, 4, 4, 4, 4, 4, 3, 3, 3, 3, 3, 3, 3, 3, 3, 3]
y_dimensions = [39, 18, 13, 11, 10, 8, 6, 5, 4, 3, 16, 15, 12, 9, 8, 6, 5, 4, 3, 15, 11, 10, 9, 8, 7, 6, 5, 4, 3]
minimum_height = 63
----------
x_coordinates = [12, 3, 17, 28, 25, 30, 12, 34, 29, 29, 8, 28, 8, 35, 34, 34, 34, 32, 30, 32, 36, 33, 29, 22, 9, 0, 36, 35, 36]
y_coordinates = [7, 36, 46, 9, 47, 49, 47, 57, 4, 29, 41, 32, 26, 48, 0, 27, 18, 23, 1, 34, 37, 8, 20, 46, 17, 36, 13, 33, 24]
x_dimensions = [15, 5, 5, 5, 5, 5, 5, 5, 5, 5, 4, 4, 4, 4, 4, 4, 4, 4, 4, 3, 3, 3, 3, 3, 3, 3, 3, 3, 3]
y_dimensions = [39, 18, 13, 11, 10, 8, 6, 5, 4, 3, 16, 15, 12, 9, 8, 6, 5, 4, 3, 15, 11, 10, 9, 8, 7, 6, 5, 4, 3]
minimum_height = 62
----------
x_coordinates = [0, 26, 34, 30, 14, 29, 34, 5, 25, 4, 35, 22, 15, 10, 35, 19, 32, 31, 35, 2, 23, 36, 33, 29, 32, 19, 7, 36, 31]
y_coordinates = [7, 33, 48, 11, 50, 51, 0, 47, 5, 4, 32, 30, 38, 49, 11, 47, 6, 44, 19, 46, 45, 22, 22, 25, 31, 41, 52, 6, 48]
x_dimensions = [15, 5, 5, 5, 5, 5, 5, 5, 5, 5, 4, 4, 4, 4, 4, 4, 4, 4, 4, 3, 3, 3, 3, 3, 3, 3, 3, 3, 3]
y_dimensions = [39, 18, 13, 11, 10, 8, 6, 5, 4, 3, 16, 15, 12, 9, 8, 6, 5, 4, 3, 15, 11, 10, 9, 8, 7, 6, 5, 4, 3]
minimum_height = 61
----------
x_coordinates = [0, 34, 31, 2, 27, 34, 13, 22, 22, 18, 32, 23, 15, 26, 30, 29, 18, 32, 27, 36, 22, 28, 36, 36, 15, 19, 7, 10, 26]
y_coordinates = [10, 1, 19, 49, 35, 52, 53, 40, 18, 31, 32, 24, 38, 45, 11, 54, 53, 48, 22, 29, 47, 25, 20, 44, 31, 43, 51, 51, 54]
x_dimensions = [15, 5, 5, 5, 5, 5, 5, 5, 5, 5, 4, 4, 4, 4, 4, 4, 4, 4, 4, 3, 3, 3, 3, 3, 3, 3, 3, 3, 3]
y_dimensions = [39, 18, 13, 11, 10, 8, 6, 5, 4, 3, 16, 15, 12, 9, 8, 6, 5, 4, 3, 15, 11, 10, 9, 8, 7, 6, 5, 4, 3]
minimum_height = 60
----------
x_coordinates = [12, 3, 28, 3, 7, 34, 27, 33, 21, 31, 0, 31, 33, 35, 13, 31, 24, 32, 17, 36, 31, 21, 9, 4, 27, 26, 36, 27, 36]
y_coordinates = [7, 1, 46, 24, 39, 34, 40, 42, 2, 1, 39, 14, 47, 25, 46, 4, 46, 10, 46, 10, 29, 48, 28, 41, 33, 1, 5, 9, 2]
x_dimensions = [15, 5, 5, 5, 5, 5, 5, 5, 5, 5, 4, 4, 4, 4, 4, 4, 4, 4, 4, 3, 3, 3, 3, 3, 3, 3, 3, 3, 3]
y_dimensions = [39, 18, 13, 11, 10, 8, 6, 5, 4, 3, 16, 15, 12, 9, 8, 6, 5, 4, 3, 15, 11, 10, 9, 8, 7, 6, 5, 4, 3]
minimum_height = 59
----------
x_coordinates = [11, 6, 29, 28, 8, 2, 29, 30, 10, 6, 34, 35, 34, 7, 24, 30, 26, 31, 0, 33, 6, 5, 3, 26, 25, 22, 36, 27, 36]
y_coordinates = [9, 8, 45, 3, 48, 40, 38, 25, 1, 5, 42, 15, 30, 39, 50, 32, 29, 17, 55, 0, 28, 48, 29, 41, 2, 3, 10, 14, 7]
x_dimensions = [15, 5, 5, 5, 5, 5, 5, 5, 5, 5, 4, 4, 4, 4, 4, 4, 4, 4, 4, 3, 3, 3, 3, 3, 3, 3, 3, 3, 3]
y_dimensions = [39, 18, 13, 11, 10, 8, 6, 5, 4, 3, 16, 15, 12, 9, 8, 6, 5, 4, 3, 15, 11, 10, 9, 8, 7, 6, 5, 4, 3]
minimum_height = 58
----------
x_coordinates = [12, 7, 30, 2, 28, 14, 30, 34, 18, 18, 35, 34, 35, 11, 5, 34, 8, 3, 2, 28, 32, 9, 31, 26, 31, 26, 27, 0, 36]
y_coordinates = [9, 19, 38, 17, 11, 49, 51, 33, 2, 6, 41, 18, 0, 0, 49, 12, 37, 36, 46, 23, 0, 47, 22, 49, 31, 3, 40, 39, 38]
x_dimensions = [15, 5, 5, 5, 5, 5, 5, 5, 5, 5, 4, 4, 4, 4, 4, 4, 4, 4, 4, 3, 3, 3, 3, 3, 3, 3, 3, 3, 3]
y_dimensions = [39, 18, 13, 11, 10, 8, 6, 5, 4, 3, 16, 15, 12, 9, 8, 6, 5, 4, 3, 15, 11, 10, 9, 8, 7, 6, 5, 4, 3]
minimum_height = 57
----------
x_coordinates = [12, 7, 34, 26, 6, 15, 29, 33, 7, 5, 8, 33, 35, 13, 31, 4, 35, 35, 31, 3, 32, 23, 29, 11, 28, 2, 1, 28, 5]
y_coordinates = [0, 28, 43, 39, 46, 48, 50, 27, 5, 9, 12, 0, 15, 39, 32, 19, 38, 33, 40, 41, 16, 45, 14, 48, 27, 26, 21, 35, 25]
x_dimensions = [15, 5, 5, 5, 5, 5, 5, 5, 5, 5, 4, 4, 4, 4, 4, 4, 4, 4, 4, 3, 3, 3, 3, 3, 3, 3, 3, 3, 3]
y_dimensions = [39, 18, 13, 11, 10, 8, 6, 5, 4, 3, 16, 15, 12, 9, 8, 6, 5, 4, 3, 15, 11, 10, 9, 8, 7, 6, 5, 4, 3]
minimum_height = 56
----------
x_coordinates = [12, 7, 34, 28, 2, 27, 27, 29, 19, 2, 6, 32, 2, 28, 35, 9, 35, 11, 31, 4, 33, 28, 3, 36, 31, 24, 36, 32, 36]
y_coordinates = [7, 23, 29, 24, 23, 7, 1, 36, 3, 37, 6, 3, 2, 15, 42, 0, 50, 50, 48, 40, 18, 45, 14, 17, 41, 1, 12, 51, 5]
x_dimensions = [15, 5, 5, 5, 5, 5, 5, 5, 5, 5, 4, 4, 4, 4, 4, 4, 4, 4, 4, 3, 3, 3, 3, 3, 3, 3, 3, 3, 3]
y_dimensions = [39, 18, 13, 11, 10, 8, 6, 5, 4, 3, 16, 15, 12, 9, 8, 6, 5, 4, 3, 15, 11, 10, 9, 8, 7, 6, 5, 4, 3]
minimum_height = 55
----------
x_coordinates = [9, 24, 3, 34, 4, 27, 29, 3, 23, 31, 27, 32, 31, 35, 9, 35, 35, 20, 32, 36, 0, 30, 0, 17, 1, 7, 24, 36, 24]
y_coordinates = [7, 36, 29, 43, 42, 12, 38, 19, 3, 20, 20, 5, 26, 34, 46, 23, 29, 50, 2, 8, 36, 44, 22, 46, 47, 1, 30, 4, 27]
x_dimensions = [15, 5, 5, 5, 5, 5, 5, 5, 5, 5, 4, 4, 4, 4, 4, 4, 4, 4, 4, 3, 3, 3, 3, 3, 3, 3, 3, 3, 3]
y_dimensions = [39, 18, 13, 11, 10, 8, 6, 5, 4, 3, 16, 15, 12, 9, 8, 6, 5, 4, 3, 15, 11, 10, 9, 8, 7, 6, 5, 4, 3]
minimum_height = 54
----------
x_coordinates = [11, 30, 1, 34, 6, 29, 34, 1, 25, 33, 30, 26, 35, 4, 24, 27, 16, 32, 20, 27, 1, 8, 36, 7, 36, 22, 13, 36, 15]
y_coordinates = [6, 3, 29, 36, 20, 45, 47, 21, 2, 22, 29, 29, 10, 44, 45, 21, 48, 25, 50, 6, 42, 43, 1, 35, 29, 0, 48, 25, 45]
x_dimensions = [15, 5, 5, 5, 5, 5, 5, 5, 5, 5, 4, 4, 4, 4, 4, 4, 4, 4, 4, 3, 3, 3, 3, 3, 3, 3, 3, 3, 3]
y_dimensions = [39, 18, 13, 11, 10, 8, 6, 5, 4, 3, 16, 15, 12, 9, 8, 6, 5, 4, 3, 15, 11, 10, 9, 8, 7, 6, 5, 4, 3]
minimum_height = 53
----------
x_coordinates = [12, 4, 0, 2, 7, 34, 31, 17, 34, 0, 32, 28, 32, 8, 29, 26, 1, 32, 22, 29, 36, 9, 36, 5, 36, 21, 13, 36, 11]
y_coordinates = [6, 2, 31, 20, 23, 14, 46, 47, 22, 44, 30, 29, 2, 33, 18, 45, 47, 26, 47, 3, 41, 42, 5, 40, 34, 0, 47, 28, 3]
x_dimensions = [15, 5, 5, 5, 5, 5, 5, 5, 5, 5, 4, 4, 4, 4, 4, 4, 4, 4, 4, 3, 3, 3, 3, 3, 3, 3, 3, 3, 3]
y_dimensions = [39, 18, 13, 11, 10, 8, 6, 5, 4, 3, 16, 15, 12, 9, 8, 6, 5, 4, 3, 15, 11, 10, 9, 8, 7, 6, 5, 4, 3]
minimum_height = 52
----------
