x_coordinates = [10, 9, 21, 22, 24, 13, 1, 5, 25, 32, 29, 10, 20, 34, 26, 30, 27, 14, 33, 19, 17, 21, 31, 24, 32, 34, 34]
y_coordinates = [23, 67, 66, 88, 95, 96, 75, 77, 51, 44, 70, 85, 77, 78, 61, 75, 79, 78, 66, 88, 77, 80, 92, 79, 57, 62, 8]
x_dimensions = [12, 5, 5, 5, 5, 5, 4, 4, 4, 4, 4, 4, 4, 3, 3, 3, 3, 3, 3, 3, 3, 3, 3, 3, 3, 3, 3]
y_dimensions = [37, 14, 10, 6, 4, 3, 24, 22, 10, 6, 5, 4, 3, 21, 18, 17, 14, 13, 12, 11, 9, 8, 7, 6, 5, 4, 3]
minimum_height = 99
----------
x_coordinates = [7, 32, 31, 19, 28, 3, 23, 19, 1, 22, 33, 9, 24, 13, 27, 34, 30, 19, 5, 24, 16, 27, 32, 32, 31, 33, 33]
y_coordinates = [24, 27, 59, 92, 94, 94, 39, 56, 73, 78, 93, 77, 95, 77, 68, 76, 80, 79, 74, 84, 89, 86, 52, 69, 75, 44, 48]
x_dimensions = [12, 5, 5, 5, 5, 5, 4, 4, 4, 4, 4, 4, 4, 3, 3, 3, 3, 3, 3, 3, 3, 3, 3, 3, 3, 3, 3]
y_dimensions = [37, 14, 10, 6, 4, 3, 24, 22, 10, 6, 5, 4, 3, 21, 18, 17, 14, 13, 12, 11, 9, 8, 7, 6, 5, 4, 3]
minimum_height = 98
----------
x_coordinates = [2, 19, 25, 23, 29, 28, 23, 26, 30, 26, 25, 16, 27, 22, 30, 11, 34, 20, 24, 14, 17, 27, 33, 33, 26, 32, 14]
y_coordinates = [25, 70, 61, 91, 52, 20, 2, 26, 87, 83, 48, 47, 58, 49, 69, 80, 82, 84, 71, 81, 85, 75, 69, 76, 53, 47, 52]
x_dimensions = [12, 5, 5, 5, 5, 5, 4, 4, 4, 4, 4, 4, 4, 3, 3, 3, 3, 3, 3, 3, 3, 3, 3, 3, 3, 3, 3]
y_dimensions = [37, 14, 10, 6, 4, 3, 24, 22, 10, 6, 5, 4, 3, 21, 18, 17, 14, 13, 12, 11, 9, 8, 7, 6, 5, 4, 3]
minimum_height = 97
----------
x_coordinates = [5, 19, 27, 32, 1, 5, 33, 12, 31, 27, 21, 17, 18, 24, 31, 6, 16, 23, 24, 21, 30, 28, 9, 34, 16, 34, 14]
y_coordinates = [26, 75, 68, 71, 76, 12, 34, 70, 58, 87, 91, 67, 72, 55, 78, 77, 82, 42, 76, 61, 49, 79, 76, 77, 75, 83, 66]
x_dimensions = [12, 5, 5, 5, 5, 5, 4, 4, 4, 4, 4, 4, 4, 3, 3, 3, 3, 3, 3, 3, 3, 3, 3, 3, 3, 3, 3]
y_dimensions = [37, 14, 10, 6, 4, 3, 24, 22, 10, 6, 5, 4, 3, 21, 18, 17, 14, 13, 12, 11, 9, 8, 7, 6, 5, 4, 3]
minimum_height = 96
----------
x_coordinates = [7, 21, 32, 25, 32, 21, 31, 17, 33, 33, 33, 20, 30, 30, 34, 8, 14, 26, 29, 26, 34, 31, 11, 34, 29, 31, 20]
y_coordinates = [12, 80, 85, 65, 55, 36, 31, 64, 21, 59, 65, 60, 10, 60, 3, 78, 81, 82, 81, 71, 70, 13, 80, 79, 55, 6, 47]
x_dimensions = [12, 5, 5, 5, 5, 5, 4, 4, 4, 4, 4, 4, 4, 3, 3, 3, 3, 3, 3, 3, 3, 3, 3, 3, 3, 3, 3]
y_dimensions = [37, 14, 10, 6, 4, 3, 24, 22, 10, 6, 5, 4, 3, 21, 18, 17, 14, 13, 12, 11, 9, 8, 7, 6, 5, 4, 3]
minimum_height = 95
----------
x_coordinates = [12, 22, 28, 13, 21, 7, 33, 32, 33, 24, 30, 33, 20, 30, 32, 1, 25, 7, 10, 7, 27, 27, 4, 18, 19, 34, 9]
y_coordinates = [26, 76, 58, 88, 90, 60, 65, 15, 55, 64, 89, 11, 67, 68, 37, 77, 50, 70, 82, 83, 85, 42, 87, 88, 83, 89, 47]
x_dimensions = [12, 5, 5, 5, 5, 5, 4, 4, 4, 4, 4, 4, 4, 3, 3, 3, 3, 3, 3, 3, 3, 3, 3, 3, 3, 3, 3]
y_dimensions = [37, 14, 10, 6, 4, 3, 24, 22, 10, 6, 5, 4, 3, 21, 18, 17, 14, 13, 12, 11, 9, 8, 7, 6, 5, 4, 3]
minimum_height = 94
----------
x_coordinates = [9, 22, 28, 11, 17, 15, 33, 32, 33, 24, 30, 33, 21, 30, 32, 2, 25, 14, 16, 5, 27, 27, 19, 8, 18, 34, 4]
y_coordinates = [26, 79, 62, 87, 77, 21, 69, 10, 59, 68, 36, 32, 74, 72, 41, 76, 54, 68, 81, 80, 84, 46, 86, 87, 72, 37, 47]
x_dimensions = [12, 5, 5, 5, 5, 5, 4, 4, 4, 4, 4, 4, 4, 3, 3, 3, 3, 3, 3, 3, 3, 3, 3, 3, 3, 3, 3]
y_dimensions = [37, 14, 10, 6, 4, 3, 24, 22, 10, 6, 5, 4, 3, 21, 18, 17, 14, 13, 12, 11, 9, 8, 7, 6, 5, 4, 3]
minimum_height = 93
----------
x_coordinates = [10, 26, 32, 12, 21, 1, 28, 7, 31, 24, 31, 33, 21, 34, 32, 17, 24, 25, 25, 23, 30, 25, 18, 20, 25, 20, 31]
y_coordinates = [6, 78, 67, 84, 88, 86, 48, 70, 77, 66, 87, 24, 74, 28, 49, 68, 44, 19, 32, 77, 36, 58, 85, 79, 72, 55, 45]
x_dimensions = [12, 5, 5, 5, 5, 5, 4, 4, 4, 4, 4, 4, 4, 3, 3, 3, 3, 3, 3, 3, 3, 3, 3, 3, 3, 3, 3]
y_dimensions = [37, 14, 10, 6, 4, 3, 24, 22, 10, 6, 5, 4, 3, 21, 18, 17, 14, 13, 12, 11, 9, 8, 7, 6, 5, 4, 3]
minimum_height = 92
----------
x_coordinates = [11, 29, 32, 20, 25, 29, 28, 17, 33, 23, 33, 27, 20, 31, 24, 30, 25, 34, 27, 33, 17, 14, 21, 21, 27, 34, 34]
y_coordinates = [5, 6, 32, 84, 85, 3, 20, 59, 81, 41, 76, 64, 81, 44, 64, 73, 19, 19, 68, 65, 81, 80, 74, 68, 80, 54, 62]
x_dimensions = [12, 5, 5, 5, 5, 5, 4, 4, 4, 4, 4, 4, 4, 3, 3, 3, 3, 3, 3, 3, 3, 3, 3, 3, 3, 3, 3]
y_dimensions = [37, 14, 10, 6, 4, 3, 24, 22, 10, 6, 5, 4, 3, 21, 18, 17, 14, 13, 12, 11, 9, 8, 7, 6, 5, 4, 3]
minimum_height = 91
----------
x_coordinates = [3, 29, 27, 20, 30, 8, 12, 3, 13, 16, 4, 0, 21, 34, 25, 31, 26, 34, 34, 34, 10, 28, 22, 17, 31, 31, 9]
y_coordinates = [3, 40, 54, 82, 29, 78, 54, 55, 80, 63, 77, 77, 79, 46, 72, 64, 32, 33, 78, 67, 81, 80, 72, 77, 81, 86, 75]
x_dimensions = [12, 5, 5, 5, 5, 5, 4, 4, 4, 4, 4, 4, 4, 3, 3, 3, 3, 3, 3, 3, 3, 3, 3, 3, 3, 3, 3]
y_dimensions = [37, 14, 10, 6, 4, 3, 24, 22, 10, 6, 5, 4, 3, 21, 18, 17, 14, 13, 12, 11, 9, 8, 7, 6, 5, 4, 3]
minimum_height = 90
----------
x_coordinates = [4, 26, 30, 16, 32, 21, 26, 28, 33, 22, 22, 22, 16, 7, 32, 34, 30, 10, 20, 25, 13, 31, 34, 23, 33, 4, 27]
y_coordinates = [1, 75, 48, 83, 85, 84, 50, 25, 58, 57, 46, 80, 78, 67, 18, 68, 61, 74, 67, 34, 80, 77, 36, 73, 43, 84, 47]
x_dimensions = [12, 5, 5, 5, 5, 5, 4, 4, 4, 4, 4, 4, 4, 3, 3, 3, 3, 3, 3, 3, 3, 3, 3, 3, 3, 3, 3]
y_dimensions = [37, 14, 10, 6, 4, 3, 24, 22, 10, 6, 5, 4, 3, 21, 18, 17, 14, 13, 12, 11, 9, 8, 7, 6, 5, 4, 3]
minimum_height = 89
----------
x_coordinates = [3, 30, 32, 11, 14, 22, 27, 30, 27, 23, 19, 30, 1, 24, 8, 19, 34, 5, 22, 2, 16, 34, 11, 31, 34, 11, 34]
y_coordinates = [10, 12, 59, 82, 73, 85, 52, 30, 76, 67, 66, 26, 81, 46, 68, 71, 74, 74, 73, 70, 79, 29, 69, 75, 69, 76, 47]
x_dimensions = [12, 5, 5, 5, 5, 5, 4, 4, 4, 4, 4, 4, 4, 3, 3, 3, 3, 3, 3, 3, 3, 3, 3, 3, 3, 3, 3]
y_dimensions = [37, 14, 10, 6, 4, 3, 24, 22, 10, 6, 5, 4, 3, 21, 18, 17, 14, 13, 12, 11, 9, 8, 7, 6, 5, 4, 3]
minimum_height = 88
----------
x_coordinates = [2, 29, 32, 15, 32, 20, 28, 30, 29, 32, 33, 28, 19, 9, 21, 34, 34, 24, 25, 22, 12, 32, 31, 33, 19, 34, 34]
y_coordinates = [16, 39, 60, 81, 56, 84, 53, 10, 77, 70, 76, 6, 52, 64, 55, 21, 42, 52, 75, 73, 76, 1, 32, 81, 75, 38, 9]
x_dimensions = [12, 5, 5, 5, 5, 5, 4, 4, 4, 4, 4, 4, 4, 3, 3, 3, 3, 3, 3, 3, 3, 3, 3, 3, 3, 3, 3]
y_dimensions = [37, 14, 10, 6, 4, 3, 24, 22, 10, 6, 5, 4, 3, 21, 18, 17, 14, 13, 12, 11, 9, 8, 7, 6, 5, 4, 3]
minimum_height = 87
----------
x_coordinates = [2, 15, 32, 20, 28, 29, 28, 19, 31, 33, 29, 29, 32, 9, 34, 31, 22, 25, 25, 27, 12, 34, 32, 34, 33, 31, 4]
y_coordinates = [20, 72, 64, 80, 79, 83, 55, 36, 21, 74, 32, 12, 54, 65, 36, 37, 65, 53, 74, 42, 77, 13, 57, 80, 31, 17, 83]
x_dimensions = [12, 5, 5, 5, 5, 5, 4, 4, 4, 4, 4, 4, 4, 3, 3, 3, 3, 3, 3, 3, 3, 3, 3, 3, 3, 3, 3]
y_dimensions = [37, 14, 10, 6, 4, 3, 24, 22, 10, 6, 5, 4, 3, 21, 18, 17, 14, 13, 12, 11, 9, 8, 7, 6, 5, 4, 3]
minimum_height = 86
----------
x_coordinates = [2, 28, 21, 9, 27, 32, 29, 30, 30, 14, 30, 26, 33, 20, 33, 34, 34, 25, 26, 27, 3, 34, 6, 18, 17, 26, 33]
y_coordinates = [24, 24, 73, 79, 81, 82, 57, 2, 38, 78, 48, 18, 79, 45, 56, 39, 25, 33, 65, 46, 76, 17, 73, 79, 45, 77, 76]
x_dimensions = [12, 5, 5, 5, 5, 5, 4, 4, 4, 4, 4, 4, 4, 3, 3, 3, 3, 3, 3, 3, 3, 3, 3, 3, 3, 3, 3]
y_dimensions = [37, 14, 10, 6, 4, 3, 24, 22, 10, 6, 5, 4, 3, 21, 18, 17, 14, 13, 12, 11, 9, 8, 7, 6, 5, 4, 3]
minimum_height = 85
----------
x_coordinates = [12, 29, 21, 25, 28, 32, 29, 31, 33, 25, 7, 28, 17, 11, 14, 34, 23, 26, 33, 28, 19, 34, 33, 25, 26, 20, 8]
y_coordinates = [14, 29, 66, 19, 54, 26, 60, 3, 55, 76, 64, 25, 75, 62, 64, 38, 52, 63, 65, 43, 57, 30, 77, 46, 58, 51, 75]
x_dimensions = [12, 5, 5, 5, 5, 5, 4, 4, 4, 4, 4, 4, 4, 3, 3, 3, 3, 3, 3, 3, 3, 3, 3, 3, 3, 3, 3]
y_dimensions = [37, 14, 10, 6, 4, 3, 24, 22, 10, 6, 5, 4, 3, 21, 18, 17, 14, 13, 12, 11, 9, 8, 7, 6, 5, 4, 3]
minimum_height = 84
----------
x_coordinates = [12, 0, 21, 12, 29, 31, 33, 5, 26, 26, 26, 8, 17, 32, 9, 34, 23, 31, 30, 29, 25, 34, 30, 25, 30, 32, 20]
y_coordinates = [20, 54, 73, 72, 55, 28, 59, 58, 67, 77, 62, 54, 72, 3, 65, 42, 59, 31, 66, 44, 50, 33, 59, 27, 78, 24, 57]
x_dimensions = [12, 5, 5, 5, 5, 5, 4, 4, 4, 4, 4, 4, 4, 3, 3, 3, 3, 3, 3, 3, 3, 3, 3, 3, 3, 3, 3]
y_dimensions = [37, 14, 10, 6, 4, 3, 24, 22, 10, 6, 5, 4, 3, 21, 18, 17, 14, 13, 12, 11, 9, 8, 7, 6, 5, 4, 3]
minimum_height = 83
----------
x_coordinates = [12, 4, 30, 25, 29, 19, 30, 11, 27, 33, 26, 8, 30, 2, 8, 29, 24, 5, 34, 32, 5, 32, 34, 26, 31, 30, 23]
y_coordinates = [22, 33, 34, 33, 68, 66, 10, 60, 72, 57, 62, 55, 65, 60, 60, 44, 67, 56, 70, 46, 71, 2, 63, 56, 77, 61, 10]
x_dimensions = [12, 5, 5, 5, 5, 5, 4, 4, 4, 4, 4, 4, 4, 3, 3, 3, 3, 3, 3, 3, 3, 3, 3, 3, 3, 3, 3]
y_dimensions = [37, 14, 10, 6, 4, 3, 24, 22, 10, 6, 5, 4, 3, 21, 18, 17, 14, 13, 12, 11, 9, 8, 7, 6, 5, 4, 3]
minimum_height = 82
----------
x_coordinates = [12, 27, 31, 28, 32, 16, 8, 33, 27, 12, 30, 31, 33, 5, 7, 30, 24, 4, 33, 34, 1, 15, 21, 34, 33, 32, 26]
y_coordinates = [21, 62, 35, 24, 71, 74, 39, 9, 30, 75, 76, 0, 45, 29, 63, 45, 67, 62, 59, 48, 72, 61, 70, 75, 4, 31, 47]
x_dimensions = [12, 5, 5, 5, 5, 5, 4, 4, 4, 4, 4, 4, 4, 3, 3, 3, 3, 3, 3, 3, 3, 3, 3, 3, 3, 3, 3]
y_dimensions = [37, 14, 10, 6, 4, 3, 24, 22, 10, 6, 5, 4, 3, 21, 18, 17, 14, 13, 12, 11, 9, 8, 7, 6, 5, 4, 3]
minimum_height = 81
----------
x_coordinates = [11, 28, 32, 32, 20, 29, 29, 12, 28, 19, 33, 33, 31, 29, 34, 25, 16, 32, 34, 23, 22, 26, 27, 17, 34, 34, 9]
y_coordinates = [21, 63, 43, 53, 75, 77, 0, 58, 32, 60, 71, 18, 27, 42, 0, 63, 58, 30, 59, 52, 66, 55, 25, 74, 22, 76, 58]
x_dimensions = [12, 5, 5, 5, 5, 5, 4, 4, 4, 4, 4, 4, 4, 3, 3, 3, 3, 3, 3, 3, 3, 3, 3, 3, 3, 3, 3]
y_dimensions = [37, 14, 10, 6, 4, 3, 24, 22, 10, 6, 5, 4, 3, 21, 18, 17, 14, 13, 12, 11, 9, 8, 7, 6, 5, 4, 3]
minimum_height = 80
----------
x_coordinates = [12, 29, 2, 13, 18, 18, 18, 30, 33, 22, 3, 7, 14, 30, 5, 26, 2, 34, 11, 8, 23, 34, 26, 25, 34, 34, 0]
y_coordinates = [10, 65, 62, 55, 74, 71, 47, 22, 48, 60, 72, 70, 70, 44, 44, 55, 48, 58, 61, 57, 67, 71, 72, 43, 38, 43, 72]
x_dimensions = [12, 5, 5, 5, 5, 5, 4, 4, 4, 4, 4, 4, 4, 3, 3, 3, 3, 3, 3, 3, 3, 3, 3, 3, 3, 3, 3]
y_dimensions = [37, 14, 10, 6, 4, 3, 24, 22, 10, 6, 5, 4, 3, 21, 18, 17, 14, 13, 12, 11, 9, 8, 7, 6, 5, 4, 3]
minimum_height = 79
----------
x_coordinates = [4, 32, 29, 26, 20, 28, 28, 16, 14, 21, 10, 24, 28, 34, 26, 31, 18, 34, 32, 27, 25, 31, 25, 33, 34, 31, 11]
y_coordinates = [17, 15, 57, 28, 14, 71, 4, 14, 66, 66, 73, 74, 75, 51, 49, 37, 64, 38, 3, 35, 14, 29, 67, 72, 33, 67, 66]
x_dimensions = [12, 5, 5, 5, 5, 5, 4, 4, 4, 4, 4, 4, 4, 3, 3, 3, 3, 3, 3, 3, 3, 3, 3, 3, 3, 3, 3]
y_dimensions = [37, 14, 10, 6, 4, 3, 24, 22, 10, 6, 5, 4, 3, 21, 18, 17, 14, 13, 12, 11, 9, 8, 7, 6, 5, 4, 3]
minimum_height = 78
----------
x_coordinates = [12, 30, 32, 32, 23, 31, 7, 24, 20, 21, 8, 21, 33, 28, 29, 6, 9, 17, 33, 31, 9, 34, 25, 34, 33, 34, 6]
y_coordinates = [20, 14, 55, 49, 16, 28, 19, 42, 57, 67, 72, 73, 41, 56, 38, 48, 55, 64, 2, 66, 46, 66, 70, 35, 44, 31, 68]
x_dimensions = [12, 5, 5, 5, 5, 5, 4, 4, 4, 4, 4, 4, 4, 3, 3, 3, 3, 3, 3, 3, 3, 3, 3, 3, 3, 3, 3]
y_dimensions = [37, 14, 10, 6, 4, 3, 24, 22, 10, 6, 5, 4, 3, 21, 18, 17, 14, 13, 12, 11, 9, 8, 7, 6, 5, 4, 3]
minimum_height = 77
----------
x_coordinates = [12, 3, 32, 29, 7, 24, 28, 30, 19, 17, 11, 17, 33, 34, 30, 24, 11, 33, 14, 32, 27, 34, 21, 34, 8, 27, 8]
y_coordinates = [19, 61, 41, 70, 50, 69, 28, 4, 56, 66, 57, 72, 38, 0, 52, 50, 62, 51, 64, 27, 53, 65, 69, 21, 66, 63, 63]
x_dimensions = [12, 5, 5, 5, 5, 5, 4, 4, 4, 4, 4, 4, 4, 3, 3, 3, 3, 3, 3, 3, 3, 3, 3, 3, 3, 3, 3]
y_dimensions = [37, 14, 10, 6, 4, 3, 24, 22, 10, 6, 5, 4, 3, 21, 18, 17, 14, 13, 12, 11, 9, 8, 7, 6, 5, 4, 3]
minimum_height = 76
----------
x_coordinates = [12, 28, 2, 32, 7, 1, 24, 28, 32, 33, 8, 32, 33, 34, 6, 9, 5, 18, 33, 21, 25, 34, 31, 31, 31, 32, 23]
y_coordinates = [18, 61, 41, 36, 40, 60, 41, 21, 26, 16, 44, 22, 1, 42, 55, 49, 15, 60, 63, 60, 32, 8, 43, 50, 56, 4, 15]
x_dimensions = [12, 5, 5, 5, 5, 5, 4, 4, 4, 4, 4, 4, 4, 3, 3, 3, 3, 3, 3, 3, 3, 3, 3, 3, 3, 3, 3]
y_dimensions = [37, 14, 10, 6, 4, 3, 24, 22, 10, 6, 5, 4, 3, 21, 18, 17, 14, 13, 12, 11, 9, 8, 7, 6, 5, 4, 3]
minimum_height = 75
----------
x_coordinates = [7, 29, 29, 16, 27, 29, 25, 12, 21, 31, 2, 31, 33, 9, 33, 30, 34, 6, 19, 9, 27, 34, 34, 6, 32, 34, 32]
y_coordinates = [5, 57, 47, 56, 41, 71, 50, 52, 52, 33, 69, 29, 18, 53, 0, 12, 47, 52, 62, 42, 17, 21, 67, 68, 39, 61, 44]
x_dimensions = [12, 5, 5, 5, 5, 5, 4, 4, 4, 4, 4, 4, 4, 3, 3, 3, 3, 3, 3, 3, 3, 3, 3, 3, 3, 3, 3]
y_dimensions = [37, 14, 10, 6, 4, 3, 24, 22, 10, 6, 5, 4, 3, 21, 18, 17, 14, 13, 12, 11, 9, 8, 7, 6, 5, 4, 3]
minimum_height = 74
----------
x_coordinates = [11, 22, 27, 32, 17, 31, 26, 7, 31, 31, 15, 3, 6, 30, 32, 26, 34, 4, 28, 24, 29, 23, 34, 19, 34, 34, 23]
y_coordinates = [17, 59, 50, 54, 59, 70, 24, 50, 60, 22, 68, 68, 46, 28, 4, 6, 33, 53, 61, 48, 13, 21, 47, 67, 28, 0, 45]
x_dimensions = [12, 5, 5, 5, 5, 5, 4, 4, 4, 4, 4, 4, 4, 3, 3, 3, 3, 3, 3, 3, 3, 3, 3, 3, 3, 3, 3]
y_dimensions = [37, 14, 10, 6, 4, 3, 24, 22, 10, 6, 5, 4, 3, 21, 18, 17, 14, 13, 12, 11, 9, 8, 7, 6, 5, 4, 3]
minimum_height = 73
----------
x_coordinates = [1, 1, 29, 21, 29, 24, 25, 13, 17, 33, 6, 32, 27, 19, 28, 31, 22, 12, 34, 10, 28, 34, 30, 7, 33, 32, 34]
y_coordinates = [17, 58, 61, 63, 57, 69, 39, 50, 62, 45, 56, 24, 36, 41, 18, 28, 49, 4, 60, 56, 7, 35, 50, 61, 51, 16, 56]
x_dimensions = [12, 5, 5, 5, 5, 5, 4, 4, 4, 4, 4, 4, 4, 3, 3, 3, 3, 3, 3, 3, 3, 3, 3, 3, 3, 3, 3]
y_dimensions = [37, 14, 10, 6, 4, 3, 24, 22, 10, 6, 5, 4, 3, 21, 18, 17, 14, 13, 12, 11, 9, 8, 7, 6, 5, 4, 3]
minimum_height = 72
----------
x_coordinates = [5, 0, 32, 23, 28, 18, 28, 18, 32, 19, 32, 31, 33, 25, 21, 34, 22, 1, 32, 15, 27, 17, 31, 31, 4, 34, 24]
y_coordinates = [16, 38, 52, 64, 67, 68, 41, 39, 42, 62, 62, 3, 67, 40, 21, 25, 40, 52, 13, 60, 31, 31, 34, 7, 64, 9, 37]
x_dimensions = [12, 5, 5, 5, 5, 5, 4, 4, 4, 4, 4, 4, 4, 3, 3, 3, 3, 3, 3, 3, 3, 3, 3, 3, 3, 3, 3]
y_dimensions = [37, 14, 10, 6, 4, 3, 24, 22, 10, 6, 5, 4, 3, 21, 18, 17, 14, 13, 12, 11, 9, 8, 7, 6, 5, 4, 3]
minimum_height = 71
----------
x_coordinates = [3, 28, 2, 32, 28, 6, 24, 33, 33, 14, 33, 22, 7, 32, 29, 18, 26, 21, 13, 18, 26, 17, 21, 32, 11, 15, 28]
y_coordinates = [14, 46, 56, 64, 60, 67, 46, 32, 54, 63, 0, 29, 62, 5, 25, 42, 32, 57, 51, 59, 23, 31, 50, 26, 63, 27, 67]
x_dimensions = [12, 5, 5, 5, 5, 5, 4, 4, 4, 4, 4, 4, 4, 3, 3, 3, 3, 3, 3, 3, 3, 3, 3, 3, 3, 3, 3]
y_dimensions = [37, 14, 10, 6, 4, 3, 24, 22, 10, 6, 5, 4, 3, 21, 18, 17, 14, 13, 12, 11, 9, 8, 7, 6, 5, 4, 3]
minimum_height = 70
----------
x_coordinates = [4, 29, 32, 21, 29, 29, 25, 17, 2, 33, 28, 22, 22, 26, 33, 23, 34, 34, 14, 26, 25, 16, 8, 16, 34, 16, 11]
y_coordinates = [15, 50, 27, 60, 65, 38, 2, 45, 56, 21, 26, 35, 66, 36, 3, 43, 37, 51, 56, 58, 26, 20, 59, 30, 64, 36, 63]
x_dimensions = [12, 5, 5, 5, 5, 5, 4, 4, 4, 4, 4, 4, 4, 3, 3, 3, 3, 3, 3, 3, 3, 3, 3, 3, 3, 3, 3]
y_dimensions = [37, 14, 10, 6, 4, 3, 24, 22, 10, 6, 5, 4, 3, 21, 18, 17, 14, 13, 12, 11, 9, 8, 7, 6, 5, 4, 3]
minimum_height = 69
----------
x_coordinates = [11, 32, 24, 9, 32, 24, 27, 33, 23, 31, 23, 23, 5, 30, 20, 29, 14, 2, 3, 31, 26, 34, 24, 17, 6, 31, 34]
y_coordinates = [2, 50, 55, 50, 64, 65, 27, 7, 26, 40, 49, 45, 45, 6, 45, 51, 39, 39, 53, 29, 17, 32, 38, 44, 49, 46, 47]
x_dimensions = [12, 5, 5, 5, 5, 5, 4, 4, 4, 4, 4, 4, 4, 3, 3, 3, 3, 3, 3, 3, 3, 3, 3, 3, 3, 3, 3]
y_dimensions = [37, 14, 10, 6, 4, 3, 24, 22, 10, 6, 5, 4, 3, 21, 18, 17, 14, 13, 12, 11, 9, 8, 7, 6, 5, 4, 3]
minimum_height = 68
----------
x_coordinates = [10, 15, 24, 10, 32, 24, 29, 30, 26, 33, 28, 20, 10, 21, 25, 33, 14, 18, 7, 34, 27, 33, 22, 31, 11, 33, 34]
y_coordinates = [1, 38, 45, 47, 36, 64, 43, 8, 17, 44, 38, 42, 64, 46, 27, 50, 53, 52, 54, 25, 7, 0, 24, 30, 53, 40, 22]
x_dimensions = [12, 5, 5, 5, 5, 5, 4, 4, 4, 4, 4, 4, 4, 3, 3, 3, 3, 3, 3, 3, 3, 3, 3, 3, 3, 3, 3]
y_dimensions = [37, 14, 10, 6, 4, 3, 24, 22, 10, 6, 5, 4, 3, 21, 18, 17, 14, 13, 12, 11, 9, 8, 7, 6, 5, 4, 3]
minimum_height = 67
----------
x_coordinates = [1, 14, 28, 9, 29, 25, 29, 13, 8, 30, 33, 30, 4, 22, 33, 34, 25, 6, 3, 33, 28, 34, 31, 27, 19, 26, 32]
y_coordinates = [6, 45, 46, 58, 56, 63, 22, 14, 43, 60, 44, 11, 50, 43, 15, 49, 48, 53, 54, 33, 1, 7, 4, 10, 52, 42, 1]
x_dimensions = [12, 5, 5, 5, 5, 5, 4, 4, 4, 4, 4, 4, 4, 3, 3, 3, 3, 3, 3, 3, 3, 3, 3, 3, 3, 3, 3]
y_dimensions = [37, 14, 10, 6, 4, 3, 24, 22, 10, 6, 5, 4, 3, 21, 18, 17, 14, 13, 12, 11, 9, 8, 7, 6, 5, 4, 3]
minimum_height = 66
----------
x_coordinates = [8, 23, 27, 19, 14, 3, 30, 30, 8, 33, 29, 32, 22, 34, 34, 26, 27, 24, 21, 18, 15, 33, 11, 12, 20, 27, 34]
y_coordinates = [7, 16, 55, 59, 60, 54, 31, 0, 46, 55, 26, 61, 43, 1, 30, 30, 0, 52, 46, 46, 51, 22, 58, 47, 29, 47, 52]
x_dimensions = [12, 5, 5, 5, 5, 5, 4, 4, 4, 4, 4, 4, 4, 3, 3, 3, 3, 3, 3, 3, 3, 3, 3, 3, 3, 3, 3]
y_dimensions = [37, 14, 10, 6, 4, 3, 24, 22, 10, 6, 5, 4, 3, 21, 18, 17, 14, 13, 12, 11, 9, 8, 7, 6, 5, 4, 3]
minimum_height = 65
----------
x_coordinates = [7, 27, 27, 22, 12, 7, 33, 19, 1, 29, 16, 9, 33, 32, 30, 26, 23, 34, 31, 13, 5, 10, 7, 16, 24, 20, 34]
y_coordinates = [2, 15, 30, 15, 39, 39, 37, 30, 53, 58, 55, 59, 61, 16, 40, 47, 39, 3, 3, 51, 54, 51, 47, 49, 28, 52, 0]
x_dimensions = [12, 5, 5, 5, 5, 5, 4, 4, 4, 4, 4, 4, 4, 3, 3, 3, 3, 3, 3, 3, 3, 3, 3, 3, 3, 3, 3]
y_dimensions = [37, 14, 10, 6, 4, 3, 24, 22, 10, 6, 5, 4, 3, 21, 18, 17, 14, 13, 12, 11, 9, 8, 7, 6, 5, 4, 3]
minimum_height = 64
----------
x_coordinates = [10, 29, 29, 32, 4, 14, 29, 6, 22, 33, 25, 25, 0, 34, 22, 34, 19, 13, 16, 25, 26, 9, 26, 4, 3, 16, 34]
y_coordinates = [2, 25, 15, 7, 59, 58, 39, 31, 33, 57, 43, 59, 57, 19, 45, 40, 49, 45, 39, 48, 34, 55, 27, 53, 38, 54, 14]
x_dimensions = [12, 5, 5, 5, 5, 5, 4, 4, 4, 4, 4, 4, 4, 3, 3, 3, 3, 3, 3, 3, 3, 3, 3, 3, 3, 3, 3]
y_dimensions = [37, 14, 10, 6, 4, 3, 24, 22, 10, 6, 5, 4, 3, 21, 18, 17, 14, 13, 12, 11, 9, 8, 7, 6, 5, 4, 3]
minimum_height = 63
----------
x_coordinates = [11, 28, 32, 27, 27, 32, 30, 23, 21, 10, 26, 28, 31, 33, 25, 15, 10, 8, 18, 34, 34, 25, 27, 23, 20, 22, 34]
y_coordinates = [0, 24, 3, 18, 8, 13, 38, 2, 37, 56, 50, 12, 0, 16, 32, 45, 42, 2, 45, 49, 37, 24, 55, 54, 57, 49, 46]
x_dimensions = [12, 5, 5, 5, 5, 5, 4, 4, 4, 4, 4, 4, 4, 3, 3, 3, 3, 3, 3, 3, 3, 3, 3, 3, 3, 3, 3]
y_dimensions = [37, 14, 10, 6, 4, 3, 24, 22, 10, 6, 5, 4, 3, 21, 18, 17, 14, 13, 12, 11, 9, 8, 7, 6, 5, 4, 3]
minimum_height = 62
----------
x_coordinates = [11, 25, 6, 29, 14, 26, 32, 23, 33, 4, 30, 29, 22, 30, 34, 20, 8, 23, 17, 26, 27, 33, 23, 11, 17, 19, 13]
y_coordinates = [3, 1, 22, 49, 57, 21, 0, 28, 33, 55, 56, 24, 58, 28, 43, 40, 47, 15, 40, 50, 39, 25, 51, 54, 52, 57, 51]
x_dimensions = [12, 5, 5, 5, 5, 5, 4, 4, 4, 4, 4, 4, 4, 3, 3, 3, 3, 3, 3, 3, 3, 3, 3, 3, 3, 3, 3]
y_dimensions = [37, 14, 10, 6, 4, 3, 24, 22, 10, 6, 5, 4, 3, 21, 18, 17, 14, 13, 12, 11, 9, 8, 7, 6, 5, 4, 3]
minimum_height = 61
----------
x_coordinates = [11, 28, 26, 12, 17, 27, 33, 24, 24, 5, 27, 32, 7, 31, 34, 3, 6, 23, 21, 28, 28, 9, 34, 30, 22, 34, 32]
y_coordinates = [6, 6, 20, 51, 55, 57, 4, 30, 7, 54, 52, 56, 29, 29, 35, 37, 40, 17, 43, 31, 43, 51, 28, 0, 55, 0, 53]
x_dimensions = [12, 5, 5, 5, 5, 5, 4, 4, 4, 4, 4, 4, 4, 3, 3, 3, 3, 3, 3, 3, 3, 3, 3, 3, 3, 3, 3]
y_dimensions = [37, 14, 10, 6, 4, 3, 24, 22, 10, 6, 5, 4, 3, 21, 18, 17, 14, 13, 12, 11, 9, 8, 7, 6, 5, 4, 3]
minimum_height = 60
----------
x_coordinates = [7, 2, 27, 6, 23, 28, 33, 29, 26, 20, 32, 28, 25, 33, 17, 3, 22, 25, 24, 26, 28, 30, 31, 19, 24, 22, 34]
y_coordinates = [4, 25, 10, 50, 22, 20, 0, 32, 0, 53, 54, 55, 51, 31, 41, 42, 38, 27, 10, 40, 23, 2, 24, 21, 54, 26, 25]
x_dimensions = [12, 5, 5, 5, 5, 5, 4, 4, 4, 4, 4, 4, 4, 3, 3, 3, 3, 3, 3, 3, 3, 3, 3, 3, 3, 3, 3]
y_dimensions = [37, 14, 10, 6, 4, 3, 24, 22, 10, 6, 5, 4, 3, 21, 18, 17, 14, 13, 12, 11, 9, 8, 7, 6, 5, 4, 3]
minimum_height = 59
----------
x_coordinates = [1, 22, 11, 10, 25, 32, 33, 30, 27, 24, 29, 29, 23, 34, 7, 4, 22, 27, 19, 27, 16, 34, 31, 19, 15, 13, 16]
y_coordinates = [3, 27, 40, 51, 43, 55, 0, 33, 20, 14, 11, 16, 55, 32, 40, 41, 41, 30, 42, 47, 42, 24, 26, 31, 53, 29, 29]
x_dimensions = [12, 5, 5, 5, 5, 5, 4, 4, 4, 4, 4, 4, 4, 3, 3, 3, 3, 3, 3, 3, 3, 3, 3, 3, 3, 3, 3]
y_dimensions = [37, 14, 10, 6, 4, 3, 24, 22, 10, 6, 5, 4, 3, 21, 18, 17, 14, 13, 12, 11, 9, 8, 7, 6, 5, 4, 3]
minimum_height = 58
----------
x_coordinates = [2, 21, 9, 19, 23, 29, 14, 32, 28, 26, 33, 24, 13, 34, 17, 14, 29, 28, 31, 28, 31, 26, 34, 30, 25, 18, 26]
y_coordinates = [4, 28, 41, 5, 44, 30, 5, 7, 20, 0, 2, 48, 54, 29, 39, 32, 6, 33, 33, 46, 45, 6, 50, 0, 52, 28, 30]
x_dimensions = [12, 5, 5, 5, 5, 5, 4, 4, 4, 4, 4, 4, 4, 3, 3, 3, 3, 3, 3, 3, 3, 3, 3, 3, 3, 3, 3]
y_dimensions = [37, 14, 10, 6, 4, 3, 24, 22, 10, 6, 5, 4, 3, 21, 18, 17, 14, 13, 12, 11, 9, 8, 7, 6, 5, 4, 3]
minimum_height = 57
----------
x_coordinates = [0, 28, 19, 0, 28, 11, 20, 24, 33, 9, 27, 32, 14, 16, 5, 12, 32, 28, 13, 31, 34, 25, 33, 34, 8, 10, 13]
y_coordinates = [1, 25, 46, 50, 39, 50, 22, 34, 35, 38, 20, 18, 53, 32, 38, 17, 4, 43, 35, 45, 46, 26, 22, 29, 49, 44, 47]
x_dimensions = [12, 5, 5, 5, 5, 5, 4, 4, 4, 4, 4, 4, 4, 3, 3, 3, 3, 3, 3, 3, 3, 3, 3, 3, 3, 3, 3]
y_dimensions = [37, 14, 10, 6, 4, 3, 24, 22, 10, 6, 5, 4, 3, 21, 18, 17, 14, 13, 12, 11, 9, 8, 7, 6, 5, 4, 3]
minimum_height = 56
----------
x_coordinates = [4, 29, 20, 24, 3, 28, 16, 29, 18, 33, 0, 0, 3, 0, 22, 15, 31, 28, 25, 33, 34, 34, 34, 34, 26, 26, 26]
y_coordinates = [1, 27, 26, 15, 45, 24, 9, 2, 40, 10, 23, 9, 40, 32, 37, 38, 41, 42, 35, 16, 46, 27, 3, 40, 8, 28, 32]
x_dimensions = [12, 5, 5, 5, 5, 5, 4, 4, 4, 4, 4, 4, 4, 3, 3, 3, 3, 3, 3, 3, 3, 3, 3, 3, 3, 3, 3]
y_dimensions = [37, 14, 10, 6, 4, 3, 24, 22, 10, 6, 5, 4, 3, 21, 18, 17, 14, 13, 12, 11, 9, 8, 7, 6, 5, 4, 3]
minimum_height = 55
----------
x_coordinates = [12, 32, 0, 8, 11, 29, 4, 30, 7, 5, 23, 8, 22, 29, 26, 1, 34, 34, 27, 34, 9, 9, 5, 9, 4, 29, 31]
y_coordinates = [8, 40, 24, 1, 48, 26, 0, 4, 44, 33, 3, 21, 49, 29, 36, 37, 2, 27, 14, 16, 25, 7, 24, 38, 49, 50, 1]
x_dimensions = [12, 5, 5, 5, 5, 5, 4, 4, 4, 4, 4, 4, 4, 3, 3, 3, 3, 3, 3, 3, 3, 3, 3, 3, 3, 3, 3]
y_dimensions = [37, 14, 10, 6, 4, 3, 24, 22, 10, 6, 5, 4, 3, 21, 18, 17, 14, 13, 12, 11, 9, 8, 7, 6, 5, 4, 3]
minimum_height = 54
----------
x_coordinates = [12, 32, 26, 11, 4, 7, 4, 0, 5, 5, 23, 8, 26, 25, 9, 8, 33, 28, 27, 33, 34, 1, 4, 31, 1, 22, 31]
y_coordinates = [7, 28, 7, 1, 48, 27, 1, 22, 38, 32, 2, 23, 29, 32, 31, 6, 3, 40, 17, 17, 43, 6, 25, 47, 46, 46, 44]
x_dimensions = [12, 5, 5, 5, 5, 5, 4, 4, 4, 4, 4, 4, 4, 3, 3, 3, 3, 3, 3, 3, 3, 3, 3, 3, 3, 3, 3]
y_dimensions = [37, 14, 10, 6, 4, 3, 24, 22, 10, 6, 5, 4, 3, 21, 18, 17, 14, 13, 12, 11, 9, 8, 7, 6, 5, 4, 3]
minimum_height = 53
----------
x_coordinates = [12, 32, 18, 1, 7, 32, 8, 0, 6, 4, 23, 4, 22, 25, 26, 28, 5, 31, 28, 34, 33, 15, 34, 31, 4, 34, 34]
y_coordinates = [5, 28, 42, 17, 21, 42, 27, 27, 11, 32, 44, 28, 2, 22, 4, 22, 38, 15, 40, 17, 1, 42, 10, 46, 23, 45, 49]
x_dimensions = [12, 5, 5, 5, 5, 5, 4, 4, 4, 4, 4, 4, 4, 3, 3, 3, 3, 3, 3, 3, 3, 3, 3, 3, 3, 3, 3]
y_dimensions = [37, 14, 10, 6, 4, 3, 24, 22, 10, 6, 5, 4, 3, 21, 18, 17, 14, 13, 12, 11, 9, 8, 7, 6, 5, 4, 3]
minimum_height = 52
----------
x_coordinates = [12, 15, 32, 26, 7, 27, 8, 0, 0, 4, 23, 4, 25, 26, 29, 32, 3, 31, 20, 4, 12, 30, 34, 29, 23, 5, 23]
y_coordinates = [0, 37, 41, 7, 23, 48, 27, 29, 19, 39, 46, 28, 22, 25, 24, 24, 3, 3, 39, 17, 41, 16, 17, 42, 38, 45, 43]
x_dimensions = [12, 5, 5, 5, 5, 5, 4, 4, 4, 4, 4, 4, 4, 3, 3, 3, 3, 3, 3, 3, 3, 3, 3, 3, 3, 3, 3]
y_dimensions = [37, 14, 10, 6, 4, 3, 24, 22, 10, 6, 5, 4, 3, 21, 18, 17, 14, 13, 12, 11, 9, 8, 7, 6, 5, 4, 3]
minimum_height = 51
----------
x_coordinates = [12, 27, 1, 6, 25, 32, 30, 8, 23, 19, 26, 19, 26, 27, 34, 34, 5, 1, 24, 31, 16, 34, 4, 2, 24, 12, 34]
y_coordinates = [0, 1, 13, 14, 24, 1, 15, 27, 38, 44, 19, 38, 16, 28, 32, 15, 27, 31, 4, 39, 40, 7, 41, 23, 33, 46, 4]
x_dimensions = [12, 5, 5, 5, 5, 5, 4, 4, 4, 4, 4, 4, 4, 3, 3, 3, 3, 3, 3, 3, 3, 3, 3, 3, 3, 3, 3]
y_dimensions = [37, 14, 10, 6, 4, 3, 24, 22, 10, 6, 5, 4, 3, 21, 18, 17, 14, 13, 12, 11, 9, 8, 7, 6, 5, 4, 3]
minimum_height = 50
----------
x_coordinates = [12, 28, 3, 26, 25, 26, 33, 7, 22, 26, 27, 26, 8, 30, 34, 1, 9, 4, 31, 4, 25, 24, 1, 27, 11, 34, 25]
y_coordinates = [2, 14, 10, 0, 35, 11, 25, 27, 39, 43, 6, 39, 10, 28, 7, 24, 13, 23, 2, 37, 15, 27, 42, 29, 40, 3, 24]
x_dimensions = [12, 5, 5, 5, 5, 5, 4, 4, 4, 4, 4, 4, 4, 3, 3, 3, 3, 3, 3, 3, 3, 3, 3, 3, 3, 3, 3]
y_dimensions = [37, 14, 10, 6, 4, 3, 24, 22, 10, 6, 5, 4, 3, 21, 18, 17, 14, 13, 12, 11, 9, 8, 7, 6, 5, 4, 3]
minimum_height = 49
----------
x_coordinates = [12, 1, 0, 29, 26, 6, 33, 5, 23, 19, 27, 33, 27, 30, 34, 9, 6, 9, 1, 27, 26, 30, 3, 31, 27, 26, 4]
y_coordinates = [0, 26, 3, 9, 23, 25, 18, 0, 38, 41, 4, 42, 1, 27, 0, 31, 34, 12, 14, 32, 14, 15, 41, 3, 43, 10, 22]
x_dimensions = [12, 5, 5, 5, 5, 5, 4, 4, 4, 4, 4, 4, 4, 3, 3, 3, 3, 3, 3, 3, 3, 3, 3, 3, 3, 3, 3]
y_dimensions = [37, 14, 10, 6, 4, 3, 24, 22, 10, 6, 5, 4, 3, 21, 18, 17, 14, 13, 12, 11, 9, 8, 7, 6, 5, 4, 3]
minimum_height = 48
----------
x_coordinates = [12, 3, 2, 26, 27, 11, 33, 8, 24, 20, 27, 16, 27, 31, 30, 24, 8, 27, 2, 28, 24, 34, 34, 34, 0, 27, 5]
y_coordinates = [4, 30, 4, 19, 43, 42, 23, 9, 0, 41, 11, 42, 16, 2, 25, 29, 33, 30, 14, 0, 10, 7, 0, 15, 40, 26, 14]
x_dimensions = [12, 5, 5, 5, 5, 5, 4, 4, 4, 4, 4, 4, 4, 3, 3, 3, 3, 3, 3, 3, 3, 3, 3, 3, 3, 3, 3]
y_dimensions = [37, 14, 10, 6, 4, 3, 24, 22, 10, 6, 5, 4, 3, 21, 18, 17, 14, 13, 12, 11, 9, 8, 7, 6, 5, 4, 3]
minimum_height = 47
----------
x_coordinates = [12, 3, 2, 31, 27, 31, 27, 8, 24, 16, 27, 20, 4, 31, 34, 24, 24, 28, 0, 0, 1, 34, 3, 34, 9, 31, 2]
y_coordinates = [3, 32, 1, 2, 29, 43, 0, 17, 36, 40, 24, 41, 22, 8, 25, 19, 5, 33, 23, 35, 14, 10, 25, 19, 39, 38, 11]
x_dimensions = [12, 5, 5, 5, 5, 5, 4, 4, 4, 4, 4, 4, 4, 3, 3, 3, 3, 3, 3, 3, 3, 3, 3, 3, 3, 3, 3]
y_dimensions = [37, 14, 10, 6, 4, 3, 24, 22, 10, 6, 5, 4, 3, 21, 18, 17, 14, 13, 12, 11, 9, 8, 7, 6, 5, 4, 3]
minimum_height = 46
----------
x_coordinates = [12, 4, 0, 29, 27, 9, 28, 8, 26, 7, 24, 20, 33, 34, 32, 1, 25, 9, 24, 2, 5, 17, 5, 30, 30, 14, 1]
y_coordinates = [0, 31, 15, 11, 41, 42, 17, 7, 1, 1, 28, 40, 3, 6, 27, 25, 14, 29, 33, 4, 10, 37, 24, 5, 0, 41, 42]
x_dimensions = [12, 5, 5, 5, 5, 5, 4, 4, 4, 4, 4, 4, 4, 3, 3, 3, 3, 3, 3, 3, 3, 3, 3, 3, 3, 3, 3]
y_dimensions = [37, 14, 10, 6, 4, 3, 24, 22, 10, 6, 5, 4, 3, 21, 18, 17, 14, 13, 12, 11, 9, 8, 7, 6, 5, 4, 3]
minimum_height = 45
----------
x_coordinates = [12, 29, 24, 24, 28, 29, 4, 8, 25, 28, 29, 28, 29, 34, 5, 2, 1, 9, 33, 0, 9, 25, 25, 34, 33, 31, 21]
y_coordinates = [3, 13, 15, 1, 36, 0, 2, 22, 25, 7, 31, 40, 28, 6, 26, 27, 13, 9, 27, 2, 0, 35, 8, 0, 39, 3, 0]
x_dimensions = [12, 5, 5, 5, 5, 5, 4, 4, 4, 4, 4, 4, 4, 3, 3, 3, 3, 3, 3, 3, 3, 3, 3, 3, 3, 3, 3]
y_dimensions = [37, 14, 10, 6, 4, 3, 24, 22, 10, 6, 5, 4, 3, 21, 18, 17, 14, 13, 12, 11, 9, 8, 7, 6, 5, 4, 3]
minimum_height = 44
----------
x_coordinates = [12, 32, 25, 0, 29, 32, 8, 0, 28, 30, 33, 28, 18, 5, 7, 24, 25, 4, 34, 2, 4, 31, 29, 34, 22, 15, 2]
y_coordinates = [1, 9, 19, 26, 29, 40, 19, 1, 33, 23, 35, 15, 39, 22, 1, 2, 29, 9, 23, 32, 0, 0, 8, 3, 38, 39, 23]
x_dimensions = [12, 5, 5, 5, 5, 5, 4, 4, 4, 4, 4, 4, 4, 3, 3, 3, 3, 3, 3, 3, 3, 3, 3, 3, 3, 3, 3]
y_dimensions = [37, 14, 10, 6, 4, 3, 24, 22, 10, 6, 5, 4, 3, 21, 18, 17, 14, 13, 12, 11, 9, 8, 7, 6, 5, 4, 3]
minimum_height = 43
----------
x_coordinates = [12, 7, 29, 6, 0, 0, 30, 26, 5, 8, 20, 16, 1, 34, 24, 34, 9, 4, 1, 0, 27, 3, 31, 3, 0, 34, 13]
y_coordinates = [0, 8, 31, 2, 32, 36, 7, 0, 30, 22, 37, 38, 39, 21, 24, 4, 28, 17, 20, 6, 22, 3, 0, 11, 1, 0, 37]
x_dimensions = [12, 5, 5, 5, 5, 5, 4, 4, 4, 4, 4, 4, 4, 3, 3, 3, 3, 3, 3, 3, 3, 3, 3, 3, 3, 3, 3]
y_dimensions = [37, 14, 10, 6, 4, 3, 24, 22, 10, 6, 5, 4, 3, 21, 18, 17, 14, 13, 12, 11, 9, 8, 7, 6, 5, 4, 3]
minimum_height = 42
----------
x_coordinates = [0, 15, 26, 18, 22, 23, 29, 33, 12, 19, 14, 21, 20, 12, 20, 23, 31, 26, 34, 16, 23, 25, 28, 15, 34, 18, 13]
y_coordinates = [2, 6, 7, 22, 0, 30, 17, 19, 27, 28, 1, 34, 38, 6, 4, 13, 3, 17, 7, 29, 4, 33, 0, 21, 2, 0, 37]
x_dimensions = [12, 5, 5, 5, 5, 5, 4, 4, 4, 4, 4, 4, 4, 3, 3, 3, 3, 3, 3, 3, 3, 3, 3, 3, 3, 3, 3]
y_dimensions = [37, 14, 10, 6, 4, 3, 24, 22, 10, 6, 5, 4, 3, 21, 18, 17, 14, 13, 12, 11, 9, 8, 7, 6, 5, 4, 3]
minimum_height = 41
----------
x_coordinates = [0, 29, 16, 21, 18, 9, 12, 33, 21, 26, 29, 14, 5, 26, 20, 34, 17, 30, 25, 12, 23, 29, 15, 23, 23, 17, 18]
y_coordinates = [0, 26, 7, 12, 36, 37, 11, 1, 2, 13, 8, 36, 37, 19, 18, 23, 18, 13, 0, 0, 20, 0, 0, 29, 35, 32, 3]
x_dimensions = [12, 5, 5, 5, 5, 5, 4, 4, 4, 4, 4, 4, 4, 3, 3, 3, 3, 3, 3, 3, 3, 3, 3, 3, 3, 3, 3]
y_dimensions = [37, 14, 10, 6, 4, 3, 24, 22, 10, 6, 5, 4, 3, 21, 18, 17, 14, 13, 12, 11, 9, 8, 7, 6, 5, 4, 3]
minimum_height = 40
----------
x_coordinates = [12, 28, 28, 24, 28, 1, 24, 33, 33, 32, 24, 28, 24, 6, 6, 3, 9, 0, 3, 9, 0, 9, 0, 29, 3, 9, 0]
y_coordinates = [0, 25, 11, 4, 21, 36, 10, 17, 7, 1, 34, 0, 1, 0, 21, 19, 25, 16, 7, 14, 0, 6, 9, 5, 2, 2, 33]
x_dimensions = [12, 5, 5, 5, 5, 5, 4, 4, 4, 4, 4, 4, 4, 3, 3, 3, 3, 3, 3, 3, 3, 3, 3, 3, 3, 3, 3]
y_dimensions = [37, 14, 10, 6, 4, 3, 24, 22, 10, 6, 5, 4, 3, 21, 18, 17, 14, 13, 12, 11, 9, 8, 7, 6, 5, 4, 3]
minimum_height = 39
----------
x_coordinates = [0, 12, 32, 17, 32, 23, 15, 22, 29, 17, 21, 33, 19, 26, 19, 28, 31, 25, 12, 34, 34, 22, 12, 29, 12, 19, 29]
y_coordinates = [0, 0, 28, 1, 0, 13, 14, 16, 18, 7, 8, 24, 13, 17, 16, 0, 4, 0, 19, 4, 15, 0, 31, 29, 14, 34, 35]
x_dimensions = [12, 5, 5, 5, 5, 5, 4, 4, 4, 4, 4, 4, 4, 3, 3, 3, 3, 3, 3, 3, 3, 3, 3, 3, 3, 3, 3]
y_dimensions = [37, 14, 10, 6, 4, 3, 24, 22, 10, 6, 5, 4, 3, 21, 18, 17, 14, 13, 12, 11, 9, 8, 7, 6, 5, 4, 3]
minimum_height = 38
----------
x_coordinates = [12, 3, 7, 3, 3, 7, 8, 30, 3, 30, 30, 30, 3, 34, 0, 27, 24, 24, 0, 27, 27, 34, 0, 24, 34, 24, 34]
y_coordinates = [0, 3, 27, 21, 17, 0, 3, 9, 27, 31, 4, 0, 0, 16, 19, 11, 23, 10, 0, 0, 28, 8, 12, 4, 3, 0, 0]
x_dimensions = [12, 5, 5, 5, 5, 5, 4, 4, 4, 4, 4, 4, 4, 3, 3, 3, 3, 3, 3, 3, 3, 3, 3, 3, 3, 3, 3]
y_dimensions = [37, 14, 10, 6, 4, 3, 24, 22, 10, 6, 5, 4, 3, 21, 18, 17, 14, 13, 12, 11, 9, 8, 7, 6, 5, 4, 3]
minimum_height = 37
----------
==========
%%%mzn-stat: nodes=174728
%%%mzn-stat: failures=93274
%%%mzn-stat: restarts=2105
%%%mzn-stat: variables=9497
%%%mzn-stat: intVars=128
%%%mzn-stat: boolVariables=9367
%%%mzn-stat: propagators=3051
%%%mzn-stat: propagations=51874697
%%%mzn-stat: peakDepth=176
%%%mzn-stat: nogoods=93274
%%%mzn-stat: backjumps=20502
%%%mzn-stat: peakMem=0.00
%%%mzn-stat: time=33.604
%%%mzn-stat: initTime=0.030
%%%mzn-stat: solveTime=33.574
%%%mzn-stat: objective=37
%%%mzn-stat: optTime=33.573
%%%mzn-stat: baseMem=0.00
%%%mzn-stat: trailMem=0.04
%%%mzn-stat: randomSeed=1657198628
x_coordinates = [10, 9, 21, 22, 24, 13, 1, 5, 25, 32, 29, 10, 20, 34, 26, 30, 27, 14, 33, 19, 17, 21, 31, 24, 32, 34, 34]
y_coordinates = [23, 67, 66, 88, 95, 96, 75, 77, 51, 44, 70, 85, 77, 78, 61, 75, 79, 78, 66, 88, 77, 80, 92, 79, 57, 62, 8]
x_dimensions = [12, 5, 5, 5, 5, 5, 4, 4, 4, 4, 4, 4, 4, 3, 3, 3, 3, 3, 3, 3, 3, 3, 3, 3, 3, 3, 3]
y_dimensions = [37, 14, 10, 6, 4, 3, 24, 22, 10, 6, 5, 4, 3, 21, 18, 17, 14, 13, 12, 11, 9, 8, 7, 6, 5, 4, 3]
minimum_height = 99
----------
x_coordinates = [7, 32, 31, 19, 28, 3, 23, 19, 1, 22, 33, 9, 24, 13, 27, 34, 30, 19, 5, 24, 16, 27, 32, 32, 31, 33, 33]
y_coordinates = [24, 27, 59, 92, 94, 94, 39, 56, 73, 78, 93, 77, 95, 77, 68, 76, 80, 79, 74, 84, 89, 86, 52, 69, 75, 44, 48]
x_dimensions = [12, 5, 5, 5, 5, 5, 4, 4, 4, 4, 4, 4, 4, 3, 3, 3, 3, 3, 3, 3, 3, 3, 3, 3, 3, 3, 3]
y_dimensions = [37, 14, 10, 6, 4, 3, 24, 22, 10, 6, 5, 4, 3, 21, 18, 17, 14, 13, 12, 11, 9, 8, 7, 6, 5, 4, 3]
minimum_height = 98
----------
x_coordinates = [2, 19, 25, 23, 29, 28, 23, 26, 30, 26, 25, 16, 27, 22, 30, 11, 34, 20, 24, 14, 17, 27, 33, 33, 26, 32, 14]
y_coordinates = [25, 70, 61, 91, 52, 20, 2, 26, 87, 83, 48, 47, 58, 49, 69, 80, 82, 84, 71, 81, 85, 75, 69, 76, 53, 47, 52]
x_dimensions = [12, 5, 5, 5, 5, 5, 4, 4, 4, 4, 4, 4, 4, 3, 3, 3, 3, 3, 3, 3, 3, 3, 3, 3, 3, 3, 3]
y_dimensions = [37, 14, 10, 6, 4, 3, 24, 22, 10, 6, 5, 4, 3, 21, 18, 17, 14, 13, 12, 11, 9, 8, 7, 6, 5, 4, 3]
minimum_height = 97
----------
x_coordinates = [5, 19, 27, 32, 1, 5, 33, 12, 31, 27, 21, 17, 18, 24, 31, 6, 16, 23, 24, 21, 30, 28, 9, 34, 16, 34, 14]
y_coordinates = [26, 75, 68, 71, 76, 12, 34, 70, 58, 87, 91, 67, 72, 55, 78, 77, 82, 42, 76, 61, 49, 79, 76, 77, 75, 83, 66]
x_dimensions = [12, 5, 5, 5, 5, 5, 4, 4, 4, 4, 4, 4, 4, 3, 3, 3, 3, 3, 3, 3, 3, 3, 3, 3, 3, 3, 3]
y_dimensions = [37, 14, 10, 6, 4, 3, 24, 22, 10, 6, 5, 4, 3, 21, 18, 17, 14, 13, 12, 11, 9, 8, 7, 6, 5, 4, 3]
minimum_height = 96
----------
x_coordinates = [7, 21, 32, 25, 32, 21, 31, 17, 33, 33, 33, 20, 30, 30, 34, 8, 14, 26, 29, 26, 34, 31, 11, 34, 29, 31, 20]
y_coordinates = [12, 80, 85, 65, 55, 36, 31, 64, 21, 59, 65, 60, 10, 60, 3, 78, 81, 82, 81, 71, 70, 13, 80, 79, 55, 6, 47]
x_dimensions = [12, 5, 5, 5, 5, 5, 4, 4, 4, 4, 4, 4, 4, 3, 3, 3, 3, 3, 3, 3, 3, 3, 3, 3, 3, 3, 3]
y_dimensions = [37, 14, 10, 6, 4, 3, 24, 22, 10, 6, 5, 4, 3, 21, 18, 17, 14, 13, 12, 11, 9, 8, 7, 6, 5, 4, 3]
minimum_height = 95
----------
x_coordinates = [12, 22, 28, 13, 21, 7, 33, 32, 33, 24, 30, 33, 20, 30, 32, 1, 25, 7, 10, 7, 27, 27, 4, 18, 19, 34, 9]
y_coordinates = [26, 76, 58, 88, 90, 60, 65, 15, 55, 64, 89, 11, 67, 68, 37, 77, 50, 70, 82, 83, 85, 42, 87, 88, 83, 89, 47]
x_dimensions = [12, 5, 5, 5, 5, 5, 4, 4, 4, 4, 4, 4, 4, 3, 3, 3, 3, 3, 3, 3, 3, 3, 3, 3, 3, 3, 3]
y_dimensions = [37, 14, 10, 6, 4, 3, 24, 22, 10, 6, 5, 4, 3, 21, 18, 17, 14, 13, 12, 11, 9, 8, 7, 6, 5, 4, 3]
minimum_height = 94
----------
x_coordinates = [9, 22, 28, 11, 17, 15, 33, 32, 33, 24, 30, 33, 21, 30, 32, 2, 25, 14, 16, 5, 27, 27, 19, 8, 18, 34, 4]
y_coordinates = [26, 79, 62, 87, 77, 21, 69, 10, 59, 68, 36, 32, 74, 72, 41, 76, 54, 68, 81, 80, 84, 46, 86, 87, 72, 37, 47]
x_dimensions = [12, 5, 5, 5, 5, 5, 4, 4, 4, 4, 4, 4, 4, 3, 3, 3, 3, 3, 3, 3, 3, 3, 3, 3, 3, 3, 3]
y_dimensions = [37, 14, 10, 6, 4, 3, 24, 22, 10, 6, 5, 4, 3, 21, 18, 17, 14, 13, 12, 11, 9, 8, 7, 6, 5, 4, 3]
minimum_height = 93
----------
x_coordinates = [10, 26, 32, 12, 21, 1, 28, 7, 31, 24, 31, 33, 21, 34, 32, 17, 24, 25, 25, 23, 30, 25, 18, 20, 25, 20, 31]
y_coordinates = [6, 78, 67, 84, 88, 86, 48, 70, 77, 66, 87, 24, 74, 28, 49, 68, 44, 19, 32, 77, 36, 58, 85, 79, 72, 55, 45]
x_dimensions = [12, 5, 5, 5, 5, 5, 4, 4, 4, 4, 4, 4, 4, 3, 3, 3, 3, 3, 3, 3, 3, 3, 3, 3, 3, 3, 3]
y_dimensions = [37, 14, 10, 6, 4, 3, 24, 22, 10, 6, 5, 4, 3, 21, 18, 17, 14, 13, 12, 11, 9, 8, 7, 6, 5, 4, 3]
minimum_height = 92
----------
x_coordinates = [11, 29, 32, 20, 25, 29, 28, 17, 33, 23, 33, 27, 20, 31, 24, 30, 25, 34, 27, 33, 17, 14, 21, 21, 27, 34, 34]
y_coordinates = [5, 6, 32, 84, 85, 3, 20, 59, 81, 41, 76, 64, 81, 44, 64, 73, 19, 19, 68, 65, 81, 80, 74, 68, 80, 54, 62]
x_dimensions = [12, 5, 5, 5, 5, 5, 4, 4, 4, 4, 4, 4, 4, 3, 3, 3, 3, 3, 3, 3, 3, 3, 3, 3, 3, 3, 3]
y_dimensions = [37, 14, 10, 6, 4, 3, 24, 22, 10, 6, 5, 4, 3, 21, 18, 17, 14, 13, 12, 11, 9, 8, 7, 6, 5, 4, 3]
minimum_height = 91
----------
x_coordinates = [3, 29, 27, 20, 30, 8, 12, 3, 13, 16, 4, 0, 21, 34, 25, 31, 26, 34, 34, 34, 10, 28, 22, 17, 31, 31, 9]
y_coordinates = [3, 40, 54, 82, 29, 78, 54, 55, 80, 63, 77, 77, 79, 46, 72, 64, 32, 33, 78, 67, 81, 80, 72, 77, 81, 86, 75]
x_dimensions = [12, 5, 5, 5, 5, 5, 4, 4, 4, 4, 4, 4, 4, 3, 3, 3, 3, 3, 3, 3, 3, 3, 3, 3, 3, 3, 3]
y_dimensions = [37, 14, 10, 6, 4, 3, 24, 22, 10, 6, 5, 4, 3, 21, 18, 17, 14, 13, 12, 11, 9, 8, 7, 6, 5, 4, 3]
minimum_height = 90
----------
x_coordinates = [4, 26, 30, 16, 32, 21, 26, 28, 33, 22, 22, 22, 16, 7, 32, 34, 30, 10, 20, 25, 13, 31, 34, 23, 33, 4, 27]
y_coordinates = [1, 75, 48, 83, 85, 84, 50, 25, 58, 57, 46, 80, 78, 67, 18, 68, 61, 74, 67, 34, 80, 77, 36, 73, 43, 84, 47]
x_dimensions = [12, 5, 5, 5, 5, 5, 4, 4, 4, 4, 4, 4, 4, 3, 3, 3, 3, 3, 3, 3, 3, 3, 3, 3, 3, 3, 3]
y_dimensions = [37, 14, 10, 6, 4, 3, 24, 22, 10, 6, 5, 4, 3, 21, 18, 17, 14, 13, 12, 11, 9, 8, 7, 6, 5, 4, 3]
minimum_height = 89
----------
x_coordinates = [3, 30, 32, 11, 14, 22, 27, 30, 27, 23, 19, 30, 1, 24, 8, 19, 34, 5, 22, 2, 16, 34, 11, 31, 34, 11, 34]
y_coordinates = [10, 12, 59, 82, 73, 85, 52, 30, 76, 67, 66, 26, 81, 46, 68, 71, 74, 74, 73, 70, 79, 29, 69, 75, 69, 76, 47]
x_dimensions = [12, 5, 5, 5, 5, 5, 4, 4, 4, 4, 4, 4, 4, 3, 3, 3, 3, 3, 3, 3, 3, 3, 3, 3, 3, 3, 3]
y_dimensions = [37, 14, 10, 6, 4, 3, 24, 22, 10, 6, 5, 4, 3, 21, 18, 17, 14, 13, 12, 11, 9, 8, 7, 6, 5, 4, 3]
minimum_height = 88
----------
x_coordinates = [2, 29, 32, 15, 32, 20, 28, 30, 29, 32, 33, 28, 19, 9, 21, 34, 34, 24, 25, 22, 12, 32, 31, 33, 19, 34, 34]
y_coordinates = [16, 39, 60, 81, 56, 84, 53, 10, 77, 70, 76, 6, 52, 64, 55, 21, 42, 52, 75, 73, 76, 1, 32, 81, 75, 38, 9]
x_dimensions = [12, 5, 5, 5, 5, 5, 4, 4, 4, 4, 4, 4, 4, 3, 3, 3, 3, 3, 3, 3, 3, 3, 3, 3, 3, 3, 3]
y_dimensions = [37, 14, 10, 6, 4, 3, 24, 22, 10, 6, 5, 4, 3, 21, 18, 17, 14, 13, 12, 11, 9, 8, 7, 6, 5, 4, 3]
minimum_height = 87
----------
x_coordinates = [2, 15, 32, 20, 28, 29, 28, 19, 31, 33, 29, 29, 32, 9, 34, 31, 22, 25, 25, 27, 12, 34, 32, 34, 33, 31, 4]
y_coordinates = [20, 72, 64, 80, 79, 83, 55, 36, 21, 74, 32, 12, 54, 65, 36, 37, 65, 53, 74, 42, 77, 13, 57, 80, 31, 17, 83]
x_dimensions = [12, 5, 5, 5, 5, 5, 4, 4, 4, 4, 4, 4, 4, 3, 3, 3, 3, 3, 3, 3, 3, 3, 3, 3, 3, 3, 3]
y_dimensions = [37, 14, 10, 6, 4, 3, 24, 22, 10, 6, 5, 4, 3, 21, 18, 17, 14, 13, 12, 11, 9, 8, 7, 6, 5, 4, 3]
minimum_height = 86
----------
x_coordinates = [2, 28, 21, 9, 27, 32, 29, 30, 30, 14, 30, 26, 33, 20, 33, 34, 34, 25, 26, 27, 3, 34, 6, 18, 17, 26, 33]
y_coordinates = [24, 24, 73, 79, 81, 82, 57, 2, 38, 78, 48, 18, 79, 45, 56, 39, 25, 33, 65, 46, 76, 17, 73, 79, 45, 77, 76]
x_dimensions = [12, 5, 5, 5, 5, 5, 4, 4, 4, 4, 4, 4, 4, 3, 3, 3, 3, 3, 3, 3, 3, 3, 3, 3, 3, 3, 3]
y_dimensions = [37, 14, 10, 6, 4, 3, 24, 22, 10, 6, 5, 4, 3, 21, 18, 17, 14, 13, 12, 11, 9, 8, 7, 6, 5, 4, 3]
minimum_height = 85
----------
x_coordinates = [12, 29, 21, 25, 28, 32, 29, 31, 33, 25, 7, 28, 17, 11, 14, 34, 23, 26, 33, 28, 19, 34, 33, 25, 26, 20, 8]
y_coordinates = [14, 29, 66, 19, 54, 26, 60, 3, 55, 76, 64, 25, 75, 62, 64, 38, 52, 63, 65, 43, 57, 30, 77, 46, 58, 51, 75]
x_dimensions = [12, 5, 5, 5, 5, 5, 4, 4, 4, 4, 4, 4, 4, 3, 3, 3, 3, 3, 3, 3, 3, 3, 3, 3, 3, 3, 3]
y_dimensions = [37, 14, 10, 6, 4, 3, 24, 22, 10, 6, 5, 4, 3, 21, 18, 17, 14, 13, 12, 11, 9, 8, 7, 6, 5, 4, 3]
minimum_height = 84
----------
x_coordinates = [12, 0, 21, 12, 29, 31, 33, 5, 26, 26, 26, 8, 17, 32, 9, 34, 23, 31, 30, 29, 25, 34, 30, 25, 30, 32, 20]
y_coordinates = [20, 54, 73, 72, 55, 28, 59, 58, 67, 77, 62, 54, 72, 3, 65, 42, 59, 31, 66, 44, 50, 33, 59, 27, 78, 24, 57]
x_dimensions = [12, 5, 5, 5, 5, 5, 4, 4, 4, 4, 4, 4, 4, 3, 3, 3, 3, 3, 3, 3, 3, 3, 3, 3, 3, 3, 3]
y_dimensions = [37, 14, 10, 6, 4, 3, 24, 22, 10, 6, 5, 4, 3, 21, 18, 17, 14, 13, 12, 11, 9, 8, 7, 6, 5, 4, 3]
minimum_height = 83
----------
x_coordinates = [12, 4, 30, 25, 29, 19, 30, 11, 27, 33, 26, 8, 30, 2, 8, 29, 24, 5, 34, 32, 5, 32, 34, 26, 31, 30, 23]
y_coordinates = [22, 33, 34, 33, 68, 66, 10, 60, 72, 57, 62, 55, 65, 60, 60, 44, 67, 56, 70, 46, 71, 2, 63, 56, 77, 61, 10]
x_dimensions = [12, 5, 5, 5, 5, 5, 4, 4, 4, 4, 4, 4, 4, 3, 3, 3, 3, 3, 3, 3, 3, 3, 3, 3, 3, 3, 3]
y_dimensions = [37, 14, 10, 6, 4, 3, 24, 22, 10, 6, 5, 4, 3, 21, 18, 17, 14, 13, 12, 11, 9, 8, 7, 6, 5, 4, 3]
minimum_height = 82
----------
x_coordinates = [12, 27, 31, 28, 32, 16, 8, 33, 27, 12, 30, 31, 33, 5, 7, 30, 24, 4, 33, 34, 1, 15, 21, 34, 33, 32, 26]
y_coordinates = [21, 62, 35, 24, 71, 74, 39, 9, 30, 75, 76, 0, 45, 29, 63, 45, 67, 62, 59, 48, 72, 61, 70, 75, 4, 31, 47]
x_dimensions = [12, 5, 5, 5, 5, 5, 4, 4, 4, 4, 4, 4, 4, 3, 3, 3, 3, 3, 3, 3, 3, 3, 3, 3, 3, 3, 3]
y_dimensions = [37, 14, 10, 6, 4, 3, 24, 22, 10, 6, 5, 4, 3, 21, 18, 17, 14, 13, 12, 11, 9, 8, 7, 6, 5, 4, 3]
minimum_height = 81
----------
x_coordinates = [11, 28, 32, 32, 20, 29, 29, 12, 28, 19, 33, 33, 31, 29, 34, 25, 16, 32, 34, 23, 22, 26, 27, 17, 34, 34, 9]
y_coordinates = [21, 63, 43, 53, 75, 77, 0, 58, 32, 60, 71, 18, 27, 42, 0, 63, 58, 30, 59, 52, 66, 55, 25, 74, 22, 76, 58]
x_dimensions = [12, 5, 5, 5, 5, 5, 4, 4, 4, 4, 4, 4, 4, 3, 3, 3, 3, 3, 3, 3, 3, 3, 3, 3, 3, 3, 3]
y_dimensions = [37, 14, 10, 6, 4, 3, 24, 22, 10, 6, 5, 4, 3, 21, 18, 17, 14, 13, 12, 11, 9, 8, 7, 6, 5, 4, 3]
minimum_height = 80
----------
x_coordinates = [12, 29, 2, 13, 18, 18, 18, 30, 33, 22, 3, 7, 14, 30, 5, 26, 2, 34, 11, 8, 23, 34, 26, 25, 34, 34, 0]
y_coordinates = [10, 65, 62, 55, 74, 71, 47, 22, 48, 60, 72, 70, 70, 44, 44, 55, 48, 58, 61, 57, 67, 71, 72, 43, 38, 43, 72]
x_dimensions = [12, 5, 5, 5, 5, 5, 4, 4, 4, 4, 4, 4, 4, 3, 3, 3, 3, 3, 3, 3, 3, 3, 3, 3, 3, 3, 3]
y_dimensions = [37, 14, 10, 6, 4, 3, 24, 22, 10, 6, 5, 4, 3, 21, 18, 17, 14, 13, 12, 11, 9, 8, 7, 6, 5, 4, 3]
minimum_height = 79
----------
x_coordinates = [4, 32, 29, 26, 20, 28, 28, 16, 14, 21, 10, 24, 28, 34, 26, 31, 18, 34, 32, 27, 25, 31, 25, 33, 34, 31, 11]
y_coordinates = [17, 15, 57, 28, 14, 71, 4, 14, 66, 66, 73, 74, 75, 51, 49, 37, 64, 38, 3, 35, 14, 29, 67, 72, 33, 67, 66]
x_dimensions = [12, 5, 5, 5, 5, 5, 4, 4, 4, 4, 4, 4, 4, 3, 3, 3, 3, 3, 3, 3, 3, 3, 3, 3, 3, 3, 3]
y_dimensions = [37, 14, 10, 6, 4, 3, 24, 22, 10, 6, 5, 4, 3, 21, 18, 17, 14, 13, 12, 11, 9, 8, 7, 6, 5, 4, 3]
minimum_height = 78
----------
x_coordinates = [12, 30, 32, 32, 23, 31, 7, 24, 20, 21, 8, 21, 33, 28, 29, 6, 9, 17, 33, 31, 9, 34, 25, 34, 33, 34, 6]
y_coordinates = [20, 14, 55, 49, 16, 28, 19, 42, 57, 67, 72, 73, 41, 56, 38, 48, 55, 64, 2, 66, 46, 66, 70, 35, 44, 31, 68]
x_dimensions = [12, 5, 5, 5, 5, 5, 4, 4, 4, 4, 4, 4, 4, 3, 3, 3, 3, 3, 3, 3, 3, 3, 3, 3, 3, 3, 3]
y_dimensions = [37, 14, 10, 6, 4, 3, 24, 22, 10, 6, 5, 4, 3, 21, 18, 17, 14, 13, 12, 11, 9, 8, 7, 6, 5, 4, 3]
minimum_height = 77
----------
x_coordinates = [12, 3, 32, 29, 7, 24, 28, 30, 19, 17, 11, 17, 33, 34, 30, 24, 11, 33, 14, 32, 27, 34, 21, 34, 8, 27, 8]
y_coordinates = [19, 61, 41, 70, 50, 69, 28, 4, 56, 66, 57, 72, 38, 0, 52, 50, 62, 51, 64, 27, 53, 65, 69, 21, 66, 63, 63]
x_dimensions = [12, 5, 5, 5, 5, 5, 4, 4, 4, 4, 4, 4, 4, 3, 3, 3, 3, 3, 3, 3, 3, 3, 3, 3, 3, 3, 3]
y_dimensions = [37, 14, 10, 6, 4, 3, 24, 22, 10, 6, 5, 4, 3, 21, 18, 17, 14, 13, 12, 11, 9, 8, 7, 6, 5, 4, 3]
minimum_height = 76
----------
x_coordinates = [12, 28, 2, 32, 7, 1, 24, 28, 32, 33, 8, 32, 33, 34, 6, 9, 5, 18, 33, 21, 25, 34, 31, 31, 31, 32, 23]
y_coordinates = [18, 61, 41, 36, 40, 60, 41, 21, 26, 16, 44, 22, 1, 42, 55, 49, 15, 60, 63, 60, 32, 8, 43, 50, 56, 4, 15]
x_dimensions = [12, 5, 5, 5, 5, 5, 4, 4, 4, 4, 4, 4, 4, 3, 3, 3, 3, 3, 3, 3, 3, 3, 3, 3, 3, 3, 3]
y_dimensions = [37, 14, 10, 6, 4, 3, 24, 22, 10, 6, 5, 4, 3, 21, 18, 17, 14, 13, 12, 11, 9, 8, 7, 6, 5, 4, 3]
minimum_height = 75
----------
x_coordinates = [7, 29, 29, 16, 27, 29, 25, 12, 21, 31, 2, 31, 33, 9, 33, 30, 34, 6, 19, 9, 27, 34, 34, 6, 32, 34, 32]
y_coordinates = [5, 57, 47, 56, 41, 71, 50, 52, 52, 33, 69, 29, 18, 53, 0, 12, 47, 52, 62, 42, 17, 21, 67, 68, 39, 61, 44]
x_dimensions = [12, 5, 5, 5, 5, 5, 4, 4, 4, 4, 4, 4, 4, 3, 3, 3, 3, 3, 3, 3, 3, 3, 3, 3, 3, 3, 3]
y_dimensions = [37, 14, 10, 6, 4, 3, 24, 22, 10, 6, 5, 4, 3, 21, 18, 17, 14, 13, 12, 11, 9, 8, 7, 6, 5, 4, 3]
minimum_height = 74
----------
x_coordinates = [11, 22, 27, 32, 17, 31, 26, 7, 31, 31, 15, 3, 6, 30, 32, 26, 34, 4, 28, 24, 29, 23, 34, 19, 34, 34, 23]
y_coordinates = [17, 59, 50, 54, 59, 70, 24, 50, 60, 22, 68, 68, 46, 28, 4, 6, 33, 53, 61, 48, 13, 21, 47, 67, 28, 0, 45]
x_dimensions = [12, 5, 5, 5, 5, 5, 4, 4, 4, 4, 4, 4, 4, 3, 3, 3, 3, 3, 3, 3, 3, 3, 3, 3, 3, 3, 3]
y_dimensions = [37, 14, 10, 6, 4, 3, 24, 22, 10, 6, 5, 4, 3, 21, 18, 17, 14, 13, 12, 11, 9, 8, 7, 6, 5, 4, 3]
minimum_height = 73
----------
x_coordinates = [1, 1, 29, 21, 29, 24, 25, 13, 17, 33, 6, 32, 27, 19, 28, 31, 22, 12, 34, 10, 28, 34, 30, 7, 33, 32, 34]
y_coordinates = [17, 58, 61, 63, 57, 69, 39, 50, 62, 45, 56, 24, 36, 41, 18, 28, 49, 4, 60, 56, 7, 35, 50, 61, 51, 16, 56]
x_dimensions = [12, 5, 5, 5, 5, 5, 4, 4, 4, 4, 4, 4, 4, 3, 3, 3, 3, 3, 3, 3, 3, 3, 3, 3, 3, 3, 3]
y_dimensions = [37, 14, 10, 6, 4, 3, 24, 22, 10, 6, 5, 4, 3, 21, 18, 17, 14, 13, 12, 11, 9, 8, 7, 6, 5, 4, 3]
minimum_height = 72
----------
x_coordinates = [5, 0, 32, 23, 28, 18, 28, 18, 32, 19, 32, 31, 33, 25, 21, 34, 22, 1, 32, 15, 27, 17, 31, 31, 4, 34, 24]
y_coordinates = [16, 38, 52, 64, 67, 68, 41, 39, 42, 62, 62, 3, 67, 40, 21, 25, 40, 52, 13, 60, 31, 31, 34, 7, 64, 9, 37]
x_dimensions = [12, 5, 5, 5, 5, 5, 4, 4, 4, 4, 4, 4, 4, 3, 3, 3, 3, 3, 3, 3, 3, 3, 3, 3, 3, 3, 3]
y_dimensions = [37, 14, 10, 6, 4, 3, 24, 22, 10, 6, 5, 4, 3, 21, 18, 17, 14, 13, 12, 11, 9, 8, 7, 6, 5, 4, 3]
minimum_height = 71
----------
x_coordinates = [3, 28, 2, 32, 28, 6, 24, 33, 33, 14, 33, 22, 7, 32, 29, 18, 26, 21, 13, 18, 26, 17, 21, 32, 11, 15, 28]
y_coordinates = [14, 46, 56, 64, 60, 67, 46, 32, 54, 63, 0, 29, 62, 5, 25, 42, 32, 57, 51, 59, 23, 31, 50, 26, 63, 27, 67]
x_dimensions = [12, 5, 5, 5, 5, 5, 4, 4, 4, 4, 4, 4, 4, 3, 3, 3, 3, 3, 3, 3, 3, 3, 3, 3, 3, 3, 3]
y_dimensions = [37, 14, 10, 6, 4, 3, 24, 22, 10, 6, 5, 4, 3, 21, 18, 17, 14, 13, 12, 11, 9, 8, 7, 6, 5, 4, 3]
minimum_height = 70
----------
x_coordinates = [4, 29, 32, 21, 29, 29, 25, 17, 2, 33, 28, 22, 22, 26, 33, 23, 34, 34, 14, 26, 25, 16, 8, 16, 34, 16, 11]
y_coordinates = [15, 50, 27, 60, 65, 38, 2, 45, 56, 21, 26, 35, 66, 36, 3, 43, 37, 51, 56, 58, 26, 20, 59, 30, 64, 36, 63]
x_dimensions = [12, 5, 5, 5, 5, 5, 4, 4, 4, 4, 4, 4, 4, 3, 3, 3, 3, 3, 3, 3, 3, 3, 3, 3, 3, 3, 3]
y_dimensions = [37, 14, 10, 6, 4, 3, 24, 22, 10, 6, 5, 4, 3, 21, 18, 17, 14, 13, 12, 11, 9, 8, 7, 6, 5, 4, 3]
minimum_height = 69
----------
x_coordinates = [11, 32, 24, 9, 32, 24, 27, 33, 23, 31, 23, 23, 5, 30, 20, 29, 14, 2, 3, 31, 26, 34, 24, 17, 6, 31, 34]
y_coordinates = [2, 50, 55, 50, 64, 65, 27, 7, 26, 40, 49, 45, 45, 6, 45, 51, 39, 39, 53, 29, 17, 32, 38, 44, 49, 46, 47]
x_dimensions = [12, 5, 5, 5, 5, 5, 4, 4, 4, 4, 4, 4, 4, 3, 3, 3, 3, 3, 3, 3, 3, 3, 3, 3, 3, 3, 3]
y_dimensions = [37, 14, 10, 6, 4, 3, 24, 22, 10, 6, 5, 4, 3, 21, 18, 17, 14, 13, 12, 11, 9, 8, 7, 6, 5, 4, 3]
minimum_height = 68
----------
x_coordinates = [10, 15, 24, 10, 32, 24, 29, 30, 26, 33, 28, 20, 10, 21, 25, 33, 14, 18, 7, 34, 27, 33, 22, 31, 11, 33, 34]
y_coordinates = [1, 38, 45, 47, 36, 64, 43, 8, 17, 44, 38, 42, 64, 46, 27, 50, 53, 52, 54, 25, 7, 0, 24, 30, 53, 40, 22]
x_dimensions = [12, 5, 5, 5, 5, 5, 4, 4, 4, 4, 4, 4, 4, 3, 3, 3, 3, 3, 3, 3, 3, 3, 3, 3, 3, 3, 3]
y_dimensions = [37, 14, 10, 6, 4, 3, 24, 22, 10, 6, 5, 4, 3, 21, 18, 17, 14, 13, 12, 11, 9, 8, 7, 6, 5, 4, 3]
minimum_height = 67
----------
x_coordinates = [1, 14, 28, 9, 29, 25, 29, 13, 8, 30, 33, 30, 4, 22, 33, 34, 25, 6, 3, 33, 28, 34, 31, 27, 19, 26, 32]
y_coordinates = [6, 45, 46, 58, 56, 63, 22, 14, 43, 60, 44, 11, 50, 43, 15, 49, 48, 53, 54, 33, 1, 7, 4, 10, 52, 42, 1]
x_dimensions = [12, 5, 5, 5, 5, 5, 4, 4, 4, 4, 4, 4, 4, 3, 3, 3, 3, 3, 3, 3, 3, 3, 3, 3, 3, 3, 3]
y_dimensions = [37, 14, 10, 6, 4, 3, 24, 22, 10, 6, 5, 4, 3, 21, 18, 17, 14, 13, 12, 11, 9, 8, 7, 6, 5, 4, 3]
minimum_height = 66
----------
x_coordinates = [8, 23, 27, 19, 14, 3, 30, 30, 8, 33, 29, 32, 22, 34, 34, 26, 27, 24, 21, 18, 15, 33, 11, 12, 20, 27, 34]
y_coordinates = [7, 16, 55, 59, 60, 54, 31, 0, 46, 55, 26, 61, 43, 1, 30, 30, 0, 52, 46, 46, 51, 22, 58, 47, 29, 47, 52]
x_dimensions = [12, 5, 5, 5, 5, 5, 4, 4, 4, 4, 4, 4, 4, 3, 3, 3, 3, 3, 3, 3, 3, 3, 3, 3, 3, 3, 3]
y_dimensions = [37, 14, 10, 6, 4, 3, 24, 22, 10, 6, 5, 4, 3, 21, 18, 17, 14, 13, 12, 11, 9, 8, 7, 6, 5, 4, 3]
minimum_height = 65
----------
x_coordinates = [7, 27, 27, 22, 12, 7, 33, 19, 1, 29, 16, 9, 33, 32, 30, 26, 23, 34, 31, 13, 5, 10, 7, 16, 24, 20, 34]
y_coordinates = [2, 15, 30, 15, 39, 39, 37, 30, 53, 58, 55, 59, 61, 16, 40, 47, 39, 3, 3, 51, 54, 51, 47, 49, 28, 52, 0]
x_dimensions = [12, 5, 5, 5, 5, 5, 4, 4, 4, 4, 4, 4, 4, 3, 3, 3, 3, 3, 3, 3, 3, 3, 3, 3, 3, 3, 3]
y_dimensions = [37, 14, 10, 6, 4, 3, 24, 22, 10, 6, 5, 4, 3, 21, 18, 17, 14, 13, 12, 11, 9, 8, 7, 6, 5, 4, 3]
minimum_height = 64
----------
x_coordinates = [10, 29, 29, 32, 4, 14, 29, 6, 22, 33, 25, 25, 0, 34, 22, 34, 19, 13, 16, 25, 26, 9, 26, 4, 3, 16, 34]
y_coordinates = [2, 25, 15, 7, 59, 58, 39, 31, 33, 57, 43, 59, 57, 19, 45, 40, 49, 45, 39, 48, 34, 55, 27, 53, 38, 54, 14]
x_dimensions = [12, 5, 5, 5, 5, 5, 4, 4, 4, 4, 4, 4, 4, 3, 3, 3, 3, 3, 3, 3, 3, 3, 3, 3, 3, 3, 3]
y_dimensions = [37, 14, 10, 6, 4, 3, 24, 22, 10, 6, 5, 4, 3, 21, 18, 17, 14, 13, 12, 11, 9, 8, 7, 6, 5, 4, 3]
minimum_height = 63
----------
x_coordinates = [11, 28, 32, 27, 27, 32, 30, 23, 21, 10, 26, 28, 31, 33, 25, 15, 10, 8, 18, 34, 34, 25, 27, 23, 20, 22, 34]
y_coordinates = [0, 24, 3, 18, 8, 13, 38, 2, 37, 56, 50, 12, 0, 16, 32, 45, 42, 2, 45, 49, 37, 24, 55, 54, 57, 49, 46]
x_dimensions = [12, 5, 5, 5, 5, 5, 4, 4, 4, 4, 4, 4, 4, 3, 3, 3, 3, 3, 3, 3, 3, 3, 3, 3, 3, 3, 3]
y_dimensions = [37, 14, 10, 6, 4, 3, 24, 22, 10, 6, 5, 4, 3, 21, 18, 17, 14, 13, 12, 11, 9, 8, 7, 6, 5, 4, 3]
minimum_height = 62
----------
x_coordinates = [11, 25, 6, 29, 14, 26, 32, 23, 33, 4, 30, 29, 22, 30, 34, 20, 8, 23, 17, 26, 27, 33, 23, 11, 17, 19, 13]
y_coordinates = [3, 1, 22, 49, 57, 21, 0, 28, 33, 55, 56, 24, 58, 28, 43, 40, 47, 15, 40, 50, 39, 25, 51, 54, 52, 57, 51]
x_dimensions = [12, 5, 5, 5, 5, 5, 4, 4, 4, 4, 4, 4, 4, 3, 3, 3, 3, 3, 3, 3, 3, 3, 3, 3, 3, 3, 3]
y_dimensions = [37, 14, 10, 6, 4, 3, 24, 22, 10, 6, 5, 4, 3, 21, 18, 17, 14, 13, 12, 11, 9, 8, 7, 6, 5, 4, 3]
minimum_height = 61
----------
x_coordinates = [11, 28, 26, 12, 17, 27, 33, 24, 24, 5, 27, 32, 7, 31, 34, 3, 6, 23, 21, 28, 28, 9, 34, 30, 22, 34, 32]
y_coordinates = [6, 6, 20, 51, 55, 57, 4, 30, 7, 54, 52, 56, 29, 29, 35, 37, 40, 17, 43, 31, 43, 51, 28, 0, 55, 0, 53]
x_dimensions = [12, 5, 5, 5, 5, 5, 4, 4, 4, 4, 4, 4, 4, 3, 3, 3, 3, 3, 3, 3, 3, 3, 3, 3, 3, 3, 3]
y_dimensions = [37, 14, 10, 6, 4, 3, 24, 22, 10, 6, 5, 4, 3, 21, 18, 17, 14, 13, 12, 11, 9, 8, 7, 6, 5, 4, 3]
minimum_height = 60
----------
x_coordinates = [7, 2, 27, 6, 23, 28, 33, 29, 26, 20, 32, 28, 25, 33, 17, 3, 22, 25, 24, 26, 28, 30, 31, 19, 24, 22, 34]
y_coordinates = [4, 25, 10, 50, 22, 20, 0, 32, 0, 53, 54, 55, 51, 31, 41, 42, 38, 27, 10, 40, 23, 2, 24, 21, 54, 26, 25]
x_dimensions = [12, 5, 5, 5, 5, 5, 4, 4, 4, 4, 4, 4, 4, 3, 3, 3, 3, 3, 3, 3, 3, 3, 3, 3, 3, 3, 3]
y_dimensions = [37, 14, 10, 6, 4, 3, 24, 22, 10, 6, 5, 4, 3, 21, 18, 17, 14, 13, 12, 11, 9, 8, 7, 6, 5, 4, 3]
minimum_height = 59
----------
x_coordinates = [1, 22, 11, 10, 25, 32, 33, 30, 27, 24, 29, 29, 23, 34, 7, 4, 22, 27, 19, 27, 16, 34, 31, 19, 15, 13, 16]
y_coordinates = [3, 27, 40, 51, 43, 55, 0, 33, 20, 14, 11, 16, 55, 32, 40, 41, 41, 30, 42, 47, 42, 24, 26, 31, 53, 29, 29]
x_dimensions = [12, 5, 5, 5, 5, 5, 4, 4, 4, 4, 4, 4, 4, 3, 3, 3, 3, 3, 3, 3, 3, 3, 3, 3, 3, 3, 3]
y_dimensions = [37, 14, 10, 6, 4, 3, 24, 22, 10, 6, 5, 4, 3, 21, 18, 17, 14, 13, 12, 11, 9, 8, 7, 6, 5, 4, 3]
minimum_height = 58
----------
x_coordinates = [2, 21, 9, 19, 23, 29, 14, 32, 28, 26, 33, 24, 13, 34, 17, 14, 29, 28, 31, 28, 31, 26, 34, 30, 25, 18, 26]
y_coordinates = [4, 28, 41, 5, 44, 30, 5, 7, 20, 0, 2, 48, 54, 29, 39, 32, 6, 33, 33, 46, 45, 6, 50, 0, 52, 28, 30]
x_dimensions = [12, 5, 5, 5, 5, 5, 4, 4, 4, 4, 4, 4, 4, 3, 3, 3, 3, 3, 3, 3, 3, 3, 3, 3, 3, 3, 3]
y_dimensions = [37, 14, 10, 6, 4, 3, 24, 22, 10, 6, 5, 4, 3, 21, 18, 17, 14, 13, 12, 11, 9, 8, 7, 6, 5, 4, 3]
minimum_height = 57
----------
x_coordinates = [0, 28, 19, 0, 28, 11, 20, 24, 33, 9, 27, 32, 14, 16, 5, 12, 32, 28, 13, 31, 34, 25, 33, 34, 8, 10, 13]
y_coordinates = [1, 25, 46, 50, 39, 50, 22, 34, 35, 38, 20, 18, 53, 32, 38, 17, 4, 43, 35, 45, 46, 26, 22, 29, 49, 44, 47]
x_dimensions = [12, 5, 5, 5, 5, 5, 4, 4, 4, 4, 4, 4, 4, 3, 3, 3, 3, 3, 3, 3, 3, 3, 3, 3, 3, 3, 3]
y_dimensions = [37, 14, 10, 6, 4, 3, 24, 22, 10, 6, 5, 4, 3, 21, 18, 17, 14, 13, 12, 11, 9, 8, 7, 6, 5, 4, 3]
minimum_height = 56
----------
x_coordinates = [4, 29, 20, 24, 3, 28, 16, 29, 18, 33, 0, 0, 3, 0, 22, 15, 31, 28, 25, 33, 34, 34, 34, 34, 26, 26, 26]
y_coordinates = [1, 27, 26, 15, 45, 24, 9, 2, 40, 10, 23, 9, 40, 32, 37, 38, 41, 42, 35, 16, 46, 27, 3, 40, 8, 28, 32]
x_dimensions = [12, 5, 5, 5, 5, 5, 4, 4, 4, 4, 4, 4, 4, 3, 3, 3, 3, 3, 3, 3, 3, 3, 3, 3, 3, 3, 3]
y_dimensions = [37, 14, 10, 6, 4, 3, 24, 22, 10, 6, 5, 4, 3, 21, 18, 17, 14, 13, 12, 11, 9, 8, 7, 6, 5, 4, 3]
minimum_height = 55
----------
x_coordinates = [12, 32, 0, 8, 11, 29, 4, 30, 7, 5, 23, 8, 22, 29, 26, 1, 34, 34, 27, 34, 9, 9, 5, 9, 4, 29, 31]
y_coordinates = [8, 40, 24, 1, 48, 26, 0, 4, 44, 33, 3, 21, 49, 29, 36, 37, 2, 27, 14, 16, 25, 7, 24, 38, 49, 50, 1]
x_dimensions = [12, 5, 5, 5, 5, 5, 4, 4, 4, 4, 4, 4, 4, 3, 3, 3, 3, 3, 3, 3, 3, 3, 3, 3, 3, 3, 3]
y_dimensions = [37, 14, 10, 6, 4, 3, 24, 22, 10, 6, 5, 4, 3, 21, 18, 17, 14, 13, 12, 11, 9, 8, 7, 6, 5, 4, 3]
minimum_height = 54
----------
x_coordinates = [12, 32, 26, 11, 4, 7, 4, 0, 5, 5, 23, 8, 26, 25, 9, 8, 33, 28, 27, 33, 34, 1, 4, 31, 1, 22, 31]
y_coordinates = [7, 28, 7, 1, 48, 27, 1, 22, 38, 32, 2, 23, 29, 32, 31, 6, 3, 40, 17, 17, 43, 6, 25, 47, 46, 46, 44]
x_dimensions = [12, 5, 5, 5, 5, 5, 4, 4, 4, 4, 4, 4, 4, 3, 3, 3, 3, 3, 3, 3, 3, 3, 3, 3, 3, 3, 3]
y_dimensions = [37, 14, 10, 6, 4, 3, 24, 22, 10, 6, 5, 4, 3, 21, 18, 17, 14, 13, 12, 11, 9, 8, 7, 6, 5, 4, 3]
minimum_height = 53
----------
x_coordinates = [12, 32, 18, 1, 7, 32, 8, 0, 6, 4, 23, 4, 22, 25, 26, 28, 5, 31, 28, 34, 33, 15, 34, 31, 4, 34, 34]
y_coordinates = [5, 28, 42, 17, 21, 42, 27, 27, 11, 32, 44, 28, 2, 22, 4, 22, 38, 15, 40, 17, 1, 42, 10, 46, 23, 45, 49]
x_dimensions = [12, 5, 5, 5, 5, 5, 4, 4, 4, 4, 4, 4, 4, 3, 3, 3, 3, 3, 3, 3, 3, 3, 3, 3, 3, 3, 3]
y_dimensions = [37, 14, 10, 6, 4, 3, 24, 22, 10, 6, 5, 4, 3, 21, 18, 17, 14, 13, 12, 11, 9, 8, 7, 6, 5, 4, 3]
minimum_height = 52
----------
x_coordinates = [12, 15, 32, 26, 7, 27, 8, 0, 0, 4, 23, 4, 25, 26, 29, 32, 3, 31, 20, 4, 12, 30, 34, 29, 23, 5, 23]
y_coordinates = [0, 37, 41, 7, 23, 48, 27, 29, 19, 39, 46, 28, 22, 25, 24, 24, 3, 3, 39, 17, 41, 16, 17, 42, 38, 45, 43]
x_dimensions = [12, 5, 5, 5, 5, 5, 4, 4, 4, 4, 4, 4, 4, 3, 3, 3, 3, 3, 3, 3, 3, 3, 3, 3, 3, 3, 3]
y_dimensions = [37, 14, 10, 6, 4, 3, 24, 22, 10, 6, 5, 4, 3, 21, 18, 17, 14, 13, 12, 11, 9, 8, 7, 6, 5, 4, 3]
minimum_height = 51
----------
x_coordinates = [12, 27, 1, 6, 25, 32, 30, 8, 23, 19, 26, 19, 26, 27, 34, 34, 5, 1, 24, 31, 16, 34, 4, 2, 24, 12, 34]
y_coordinates = [0, 1, 13, 14, 24, 1, 15, 27, 38, 44, 19, 38, 16, 28, 32, 15, 27, 31, 4, 39, 40, 7, 41, 23, 33, 46, 4]
x_dimensions = [12, 5, 5, 5, 5, 5, 4, 4, 4, 4, 4, 4, 4, 3, 3, 3, 3, 3, 3, 3, 3, 3, 3, 3, 3, 3, 3]
y_dimensions = [37, 14, 10, 6, 4, 3, 24, 22, 10, 6, 5, 4, 3, 21, 18, 17, 14, 13, 12, 11, 9, 8, 7, 6, 5, 4, 3]
minimum_height = 50
----------
x_coordinates = [12, 28, 3, 26, 25, 26, 33, 7, 22, 26, 27, 26, 8, 30, 34, 1, 9, 4, 31, 4, 25, 24, 1, 27, 11, 34, 25]
y_coordinates = [2, 14, 10, 0, 35, 11, 25, 27, 39, 43, 6, 39, 10, 28, 7, 24, 13, 23, 2, 37, 15, 27, 42, 29, 40, 3, 24]
x_dimensions = [12, 5, 5, 5, 5, 5, 4, 4, 4, 4, 4, 4, 4, 3, 3, 3, 3, 3, 3, 3, 3, 3, 3, 3, 3, 3, 3]
y_dimensions = [37, 14, 10, 6, 4, 3, 24, 22, 10, 6, 5, 4, 3, 21, 18, 17, 14, 13, 12, 11, 9, 8, 7, 6, 5, 4, 3]
minimum_height = 49
----------
x_coordinates = [12, 1, 0, 29, 26, 6, 33, 5, 23, 19, 27, 33, 27, 30, 34, 9, 6, 9, 1, 27, 26, 30, 3, 31, 27, 26, 4]
y_coordinates = [0, 26, 3, 9, 23, 25, 18, 0, 38, 41, 4, 42, 1, 27, 0, 31, 34, 12, 14, 32, 14, 15, 41, 3, 43, 10, 22]
x_dimensions = [12, 5, 5, 5, 5, 5, 4, 4, 4, 4, 4, 4, 4, 3, 3, 3, 3, 3, 3, 3, 3, 3, 3, 3, 3, 3, 3]
y_dimensions = [37, 14, 10, 6, 4, 3, 24, 22, 10, 6, 5, 4, 3, 21, 18, 17, 14, 13, 12, 11, 9, 8, 7, 6, 5, 4, 3]
minimum_height = 48
----------
x_coordinates = [12, 3, 2, 26, 27, 11, 33, 8, 24, 20, 27, 16, 27, 31, 30, 24, 8, 27, 2, 28, 24, 34, 34, 34, 0, 27, 5]
y_coordinates = [4, 30, 4, 19, 43, 42, 23, 9, 0, 41, 11, 42, 16, 2, 25, 29, 33, 30, 14, 0, 10, 7, 0, 15, 40, 26, 14]
x_dimensions = [12, 5, 5, 5, 5, 5, 4, 4, 4, 4, 4, 4, 4, 3, 3, 3, 3, 3, 3, 3, 3, 3, 3, 3, 3, 3, 3]
y_dimensions = [37, 14, 10, 6, 4, 3, 24, 22, 10, 6, 5, 4, 3, 21, 18, 17, 14, 13, 12, 11, 9, 8, 7, 6, 5, 4, 3]
minimum_height = 47
----------
x_coordinates = [12, 3, 2, 31, 27, 31, 27, 8, 24, 16, 27, 20, 4, 31, 34, 24, 24, 28, 0, 0, 1, 34, 3, 34, 9, 31, 2]
y_coordinates = [3, 32, 1, 2, 29, 43, 0, 17, 36, 40, 24, 41, 22, 8, 25, 19, 5, 33, 23, 35, 14, 10, 25, 19, 39, 38, 11]
x_dimensions = [12, 5, 5, 5, 5, 5, 4, 4, 4, 4, 4, 4, 4, 3, 3, 3, 3, 3, 3, 3, 3, 3, 3, 3, 3, 3, 3]
y_dimensions = [37, 14, 10, 6, 4, 3, 24, 22, 10, 6, 5, 4, 3, 21, 18, 17, 14, 13, 12, 11, 9, 8, 7, 6, 5, 4, 3]
minimum_height = 46
----------
x_coordinates = [12, 4, 0, 29, 27, 9, 28, 8, 26, 7, 24, 20, 33, 34, 32, 1, 25, 9, 24, 2, 5, 17, 5, 30, 30, 14, 1]
y_coordinates = [0, 31, 15, 11, 41, 42, 17, 7, 1, 1, 28, 40, 3, 6, 27, 25, 14, 29, 33, 4, 10, 37, 24, 5, 0, 41, 42]
x_dimensions = [12, 5, 5, 5, 5, 5, 4, 4, 4, 4, 4, 4, 4, 3, 3, 3, 3, 3, 3, 3, 3, 3, 3, 3, 3, 3, 3]
y_dimensions = [37, 14, 10, 6, 4, 3, 24, 22, 10, 6, 5, 4, 3, 21, 18, 17, 14, 13, 12, 11, 9, 8, 7, 6, 5, 4, 3]
minimum_height = 45
----------
x_coordinates = [12, 29, 24, 24, 28, 29, 4, 8, 25, 28, 29, 28, 29, 34, 5, 2, 1, 9, 33, 0, 9, 25, 25, 34, 33, 31, 21]
y_coordinates = [3, 13, 15, 1, 36, 0, 2, 22, 25, 7, 31, 40, 28, 6, 26, 27, 13, 9, 27, 2, 0, 35, 8, 0, 39, 3, 0]
x_dimensions = [12, 5, 5, 5, 5, 5, 4, 4, 4, 4, 4, 4, 4, 3, 3, 3, 3, 3, 3, 3, 3, 3, 3, 3, 3, 3, 3]
y_dimensions = [37, 14, 10, 6, 4, 3, 24, 22, 10, 6, 5, 4, 3, 21, 18, 17, 14, 13, 12, 11, 9, 8, 7, 6, 5, 4, 3]
minimum_height = 44
----------
x_coordinates = [12, 32, 25, 0, 29, 32, 8, 0, 28, 30, 33, 28, 18, 5, 7, 24, 25, 4, 34, 2, 4, 31, 29, 34, 22, 15, 2]
y_coordinates = [1, 9, 19, 26, 29, 40, 19, 1, 33, 23, 35, 15, 39, 22, 1, 2, 29, 9, 23, 32, 0, 0, 8, 3, 38, 39, 23]
x_dimensions = [12, 5, 5, 5, 5, 5, 4, 4, 4, 4, 4, 4, 4, 3, 3, 3, 3, 3, 3, 3, 3, 3, 3, 3, 3, 3, 3]
y_dimensions = [37, 14, 10, 6, 4, 3, 24, 22, 10, 6, 5, 4, 3, 21, 18, 17, 14, 13, 12, 11, 9, 8, 7, 6, 5, 4, 3]
minimum_height = 43
----------
x_coordinates = [12, 7, 29, 6, 0, 0, 30, 26, 5, 8, 20, 16, 1, 34, 24, 34, 9, 4, 1, 0, 27, 3, 31, 3, 0, 34, 13]
y_coordinates = [0, 8, 31, 2, 32, 36, 7, 0, 30, 22, 37, 38, 39, 21, 24, 4, 28, 17, 20, 6, 22, 3, 0, 11, 1, 0, 37]
x_dimensions = [12, 5, 5, 5, 5, 5, 4, 4, 4, 4, 4, 4, 4, 3, 3, 3, 3, 3, 3, 3, 3, 3, 3, 3, 3, 3, 3]
y_dimensions = [37, 14, 10, 6, 4, 3, 24, 22, 10, 6, 5, 4, 3, 21, 18, 17, 14, 13, 12, 11, 9, 8, 7, 6, 5, 4, 3]
minimum_height = 42
----------
x_coordinates = [0, 15, 26, 18, 22, 23, 29, 33, 12, 19, 14, 21, 20, 12, 20, 23, 31, 26, 34, 16, 23, 25, 28, 15, 34, 18, 13]
y_coordinates = [2, 6, 7, 22, 0, 30, 17, 19, 27, 28, 1, 34, 38, 6, 4, 13, 3, 17, 7, 29, 4, 33, 0, 21, 2, 0, 37]
x_dimensions = [12, 5, 5, 5, 5, 5, 4, 4, 4, 4, 4, 4, 4, 3, 3, 3, 3, 3, 3, 3, 3, 3, 3, 3, 3, 3, 3]
y_dimensions = [37, 14, 10, 6, 4, 3, 24, 22, 10, 6, 5, 4, 3, 21, 18, 17, 14, 13, 12, 11, 9, 8, 7, 6, 5, 4, 3]
minimum_height = 41
----------
x_coordinates = [0, 29, 16, 21, 18, 9, 12, 33, 21, 26, 29, 14, 5, 26, 20, 34, 17, 30, 25, 12, 23, 29, 15, 23, 23, 17, 18]
y_coordinates = [0, 26, 7, 12, 36, 37, 11, 1, 2, 13, 8, 36, 37, 19, 18, 23, 18, 13, 0, 0, 20, 0, 0, 29, 35, 32, 3]
x_dimensions = [12, 5, 5, 5, 5, 5, 4, 4, 4, 4, 4, 4, 4, 3, 3, 3, 3, 3, 3, 3, 3, 3, 3, 3, 3, 3, 3]
y_dimensions = [37, 14, 10, 6, 4, 3, 24, 22, 10, 6, 5, 4, 3, 21, 18, 17, 14, 13, 12, 11, 9, 8, 7, 6, 5, 4, 3]
minimum_height = 40
----------
x_coordinates = [12, 28, 28, 24, 28, 1, 24, 33, 33, 32, 24, 28, 24, 6, 6, 3, 9, 0, 3, 9, 0, 9, 0, 29, 3, 9, 0]
y_coordinates = [0, 25, 11, 4, 21, 36, 10, 17, 7, 1, 34, 0, 1, 0, 21, 19, 25, 16, 7, 14, 0, 6, 9, 5, 2, 2, 33]
x_dimensions = [12, 5, 5, 5, 5, 5, 4, 4, 4, 4, 4, 4, 4, 3, 3, 3, 3, 3, 3, 3, 3, 3, 3, 3, 3, 3, 3]
y_dimensions = [37, 14, 10, 6, 4, 3, 24, 22, 10, 6, 5, 4, 3, 21, 18, 17, 14, 13, 12, 11, 9, 8, 7, 6, 5, 4, 3]
minimum_height = 39
----------
