x_coordinates = [6, 6, 4, 2, 10, 1, 7, 8, 0, 4, 6, 12, 7, 10, 4, 0, 11, 9, 4, 6, 9, 5, 3, 0, 12]
y_coordinates = [26, 32, 37, 19, 20, 31, 63, 31, 34, 38, 50, 33, 64, 33, 43, 40, 44, 44, 46, 52, 57, 59, 57, 53, 55]
x_dimensions = [2, 2, 4, 4, 5, 5, 2, 2, 4, 4, 3, 3, 2, 2, 5, 4, 4, 2, 2, 3, 3, 2, 2, 3, 3]
y_dimensions = [6, 5, 1, 12, 13, 3, 1, 12, 6, 5, 2, 11, 2, 11, 3, 13, 11, 13, 11, 7, 9, 7, 9, 13, 11]
minimum_height = 66
----------
x_coordinates = [5, 6, 7, 1, 1, 6, 6, 11, 11, 11, 7, 8, 13, 13, 5, 0, 7, 13, 6, 10, 3, 9, 11, 12, 4]
y_coordinates = [23, 55, 36, 40, 52, 62, 60, 44, 31, 26, 39, 51, 37, 54, 41, 25, 25, 39, 44, 37, 7, 44, 56, 13, 29]
x_dimensions = [2, 2, 4, 4, 5, 5, 2, 2, 4, 4, 3, 3, 2, 2, 5, 4, 4, 2, 2, 3, 3, 2, 2, 3, 3]
y_dimensions = [6, 5, 1, 12, 13, 3, 1, 12, 6, 5, 2, 11, 2, 11, 3, 13, 11, 13, 11, 7, 9, 7, 9, 13, 11]
minimum_height = 65
----------
x_coordinates = [5, 1, 8, 8, 1, 6, 13, 13, 2, 11, 0, 10, 12, 5, 4, 7, 11, 3, 7, 12, 11, 12, 12, 0, 5]
y_coordinates = [27, 52, 15, 41, 14, 24, 63, 51, 33, 36, 62, 53, 42, 53, 11, 28, 25, 50, 53, 9, 0, 44, 16, 39, 41]
x_dimensions = [2, 2, 4, 4, 5, 5, 2, 2, 4, 4, 3, 3, 2, 2, 5, 4, 4, 2, 2, 3, 3, 2, 2, 3, 3]
y_dimensions = [6, 5, 1, 12, 13, 3, 1, 12, 6, 5, 2, 11, 2, 11, 3, 13, 11, 13, 11, 7, 9, 7, 9, 13, 11]
minimum_height = 64
----------
x_coordinates = [6, 2, 6, 9, 1, 6, 8, 13, 3, 11, 0, 10, 13, 6, 6, 3, 11, 5, 7, 0, 8, 13, 3, 8, 7]
y_coordinates = [28, 58, 49, 50, 21, 22, 62, 51, 2, 7, 56, 39, 40, 11, 8, 36, 28, 50, 51, 48, 11, 44, 49, 25, 38]
x_dimensions = [2, 2, 4, 4, 5, 5, 2, 2, 4, 4, 3, 3, 2, 2, 5, 4, 4, 2, 2, 3, 3, 2, 2, 3, 3]
y_dimensions = [6, 5, 1, 12, 13, 3, 1, 12, 6, 5, 2, 11, 2, 11, 3, 13, 11, 13, 11, 7, 9, 7, 9, 13, 11]
minimum_height = 63
----------
x_coordinates = [5, 0, 3, 8, 10, 1, 12, 2, 3, 11, 1, 12, 13, 6, 6, 4, 0, 3, 8, 5, 11, 13, 0, 10, 7]
y_coordinates = [27, 45, 58, 50, 15, 59, 14, 46, 10, 31, 43, 51, 29, 16, 7, 38, 32, 19, 14, 51, 2, 44, 50, 37, 27]
x_dimensions = [2, 2, 4, 4, 5, 5, 2, 2, 4, 4, 3, 3, 2, 2, 5, 4, 4, 2, 2, 3, 3, 2, 2, 3, 3]
y_dimensions = [6, 5, 1, 12, 13, 3, 1, 12, 6, 5, 2, 11, 2, 11, 3, 13, 11, 13, 11, 7, 9, 7, 9, 13, 11]
minimum_height = 62
----------
x_coordinates = [5, 5, 1, 9, 10, 5, 1, 3, 3, 6, 7, 12, 12, 7, 0, 5, 1, 13, 7, 10, 8, 0, 13, 12, 9]
y_coordinates = [27, 53, 60, 42, 26, 58, 26, 48, 21, 35, 56, 15, 0, 13, 45, 40, 34, 39, 24, 54, 3, 51, 52, 2, 14]
x_dimensions = [2, 2, 4, 4, 5, 5, 2, 2, 4, 4, 3, 3, 2, 2, 5, 4, 4, 2, 2, 3, 3, 2, 2, 3, 3]
y_dimensions = [6, 5, 1, 12, 13, 3, 1, 12, 6, 5, 2, 11, 2, 11, 3, 13, 11, 13, 11, 7, 9, 7, 9, 13, 11]
minimum_height = 61
----------
x_coordinates = [6, 5, 3, 11, 7, 6, 13, 3, 3, 8, 0, 12, 12, 8, 9, 7, 7, 11, 13, 11, 5, 10, 12, 0, 4]
y_coordinates = [1, 55, 29, 45, 19, 16, 11, 48, 31, 0, 56, 0, 30, 5, 57, 44, 33, 32, 34, 12, 7, 5, 21, 42, 37]
x_dimensions = [2, 2, 4, 4, 5, 5, 2, 2, 4, 4, 3, 3, 2, 2, 5, 4, 4, 2, 2, 3, 3, 2, 2, 3, 3]
y_dimensions = [6, 5, 1, 12, 13, 3, 1, 12, 6, 5, 2, 11, 2, 11, 3, 13, 11, 13, 11, 7, 9, 7, 9, 13, 11]
minimum_height = 60
----------
x_coordinates = [6, 4, 5, 11, 2, 8, 13, 0, 3, 2, 1, 9, 13, 9, 7, 6, 1, 13, 11, 12, 5, 13, 12, 7, 10]
y_coordinates = [1, 54, 17, 47, 24, 5, 33, 45, 40, 46, 57, 8, 31, 22, 19, 46, 8, 34, 25, 18, 7, 2, 9, 33, 36]
x_dimensions = [2, 2, 4, 4, 5, 5, 2, 2, 4, 4, 3, 3, 2, 2, 5, 4, 4, 2, 2, 3, 3, 2, 2, 3, 3]
y_dimensions = [6, 5, 1, 12, 13, 3, 1, 12, 6, 5, 2, 11, 2, 11, 3, 13, 11, 13, 11, 7, 9, 7, 9, 13, 11]
minimum_height = 59
----------
x_coordinates = [6, 5, 9, 3, 8, 6, 4, 4, 7, 6, 2, 1, 12, 13, 9, 6, 2, 6, 12, 7, 0, 4, 13, 10, 1]
y_coordinates = [0, 53, 5, 27, 19, 6, 52, 40, 52, 9, 56, 13, 13, 31, 16, 39, 2, 14, 47, 32, 31, 13, 19, 34, 45]
x_dimensions = [2, 2, 4, 4, 5, 5, 2, 2, 4, 4, 3, 3, 2, 2, 5, 4, 4, 2, 2, 3, 3, 2, 2, 3, 3]
y_dimensions = [6, 5, 1, 12, 13, 3, 1, 12, 6, 5, 2, 11, 2, 11, 3, 13, 11, 13, 11, 7, 9, 7, 9, 13, 11]
minimum_height = 58
----------
x_coordinates = [6, 7, 11, 4, 10, 1, 6, 9, 7, 8, 8, 0, 3, 10, 8, 6, 4, 8, 13, 3, 12, 2, 13, 12, 2]
y_coordinates = [18, 13, 10, 24, 20, 17, 56, 7, 36, 2, 55, 35, 36, 43, 33, 42, 2, 19, 33, 39, 1, 28, 11, 44, 46]
x_dimensions = [2, 2, 4, 4, 5, 5, 2, 2, 4, 4, 3, 3, 2, 2, 5, 4, 4, 2, 2, 3, 3, 2, 2, 3, 3]
y_dimensions = [6, 5, 1, 12, 13, 3, 1, 12, 6, 5, 2, 11, 2, 11, 3, 13, 11, 13, 11, 7, 9, 7, 9, 13, 11]
minimum_height = 57
----------
x_coordinates = [6, 8, 9, 9, 2, 9, 8, 11, 7, 6, 8, 10, 13, 7, 9, 8, 3, 13, 13, 0, 2, 4, 13, 12, 5]
y_coordinates = [1, 46, 52, 29, 27, 53, 51, 17, 16, 22, 27, 41, 40, 34, 13, 0, 7, 27, 16, 12, 40, 18, 44, 0, 45]
x_dimensions = [2, 2, 4, 4, 5, 5, 2, 2, 4, 4, 3, 3, 2, 2, 5, 4, 4, 2, 2, 3, 3, 2, 2, 3, 3]
y_dimensions = [6, 5, 1, 12, 13, 3, 1, 12, 6, 5, 2, 11, 2, 11, 3, 13, 11, 13, 11, 7, 9, 7, 9, 13, 11]
minimum_height = 56
----------
x_coordinates = [6, 9, 4, 7, 1, 3, 1, 10, 11, 6, 2, 11, 10, 6, 10, 3, 8, 13, 1, 0, 8, 11, 0, 12, 3]
y_coordinates = [7, 29, 51, 34, 23, 52, 11, 17, 49, 24, 49, 31, 1, 13, 14, 36, 3, 17, 12, 39, 46, 42, 46, 1, 8]
x_dimensions = [2, 2, 4, 4, 5, 5, 2, 2, 4, 4, 3, 3, 2, 2, 5, 4, 4, 2, 2, 3, 3, 2, 2, 3, 3]
y_dimensions = [6, 5, 1, 12, 13, 3, 1, 12, 6, 5, 2, 11, 2, 11, 3, 13, 11, 13, 11, 7, 9, 7, 9, 13, 11]
minimum_height = 55
----------
x_coordinates = [6, 9, 7, 9, 0, 6, 11, 8, 9, 2, 6, 5, 8, 13, 1, 10, 11, 0, 1, 6, 12, 13, 6, 3, 8]
y_coordinates = [8, 45, 53, 15, 36, 50, 33, 2, 27, 22, 14, 35, 0, 23, 49, 2, 43, 23, 11, 19, 34, 16, 26, 8, 33]
x_dimensions = [2, 2, 4, 4, 5, 5, 2, 2, 4, 4, 3, 3, 2, 2, 5, 4, 4, 2, 2, 3, 3, 2, 2, 3, 3]
y_dimensions = [6, 5, 1, 12, 13, 3, 1, 12, 6, 5, 2, 11, 2, 11, 3, 13, 11, 13, 11, 7, 9, 7, 9, 13, 11]
minimum_height = 54
----------
x_coordinates = [6, 1, 1, 11, 2, 10, 11, 12, 5, 5, 10, 4, 13, 8, 3, 7, 2, 0, 3, 7, 9, 12, 2, 10, 9]
y_coordinates = [4, 39, 52, 29, 16, 2, 1, 41, 47, 42, 18, 29, 17, 1, 1, 29, 5, 17, 40, 13, 20, 22, 30, 5, 42]
x_dimensions = [2, 2, 4, 4, 5, 5, 2, 2, 4, 4, 3, 3, 2, 2, 5, 4, 4, 2, 2, 3, 3, 2, 2, 3, 3]
y_dimensions = [6, 5, 1, 12, 13, 3, 1, 12, 6, 5, 2, 11, 2, 11, 3, 13, 11, 13, 11, 7, 9, 7, 9, 13, 11]
minimum_height = 53
----------
x_coordinates = [2, 0, 8, 4, 4, 5, 9, 13, 6, 8, 12, 3, 0, 10, 0, 9, 5, 2, 2, 9, 12, 13, 1, 12, 10]
y_coordinates = [22, 39, 51, 40, 16, 11, 50, 31, 5, 43, 28, 0, 28, 12, 11, 30, 29, 28, 41, 23, 43, 6, 2, 13, 1]
x_dimensions = [2, 2, 4, 4, 5, 5, 2, 2, 4, 4, 3, 3, 2, 2, 5, 4, 4, 2, 2, 3, 3, 2, 2, 3, 3]
y_dimensions = [6, 5, 1, 12, 13, 3, 1, 12, 6, 5, 2, 11, 2, 11, 3, 13, 11, 13, 11, 7, 9, 7, 9, 13, 11]
minimum_height = 52
----------
x_coordinates = [3, 6, 4, 0, 5, 7, 5, 13, 7, 7, 4, 0, 4, 11, 5, 11, 7, 4, 10, 8, 2, 0, 2, 12, 11]
y_coordinates = [15, 35, 34, 39, 19, 13, 50, 26, 7, 2, 48, 10, 32, 27, 16, 38, 40, 35, 16, 33, 21, 25, 30, 13, 2]
x_dimensions = [2, 2, 4, 4, 5, 5, 2, 2, 4, 4, 3, 3, 2, 2, 5, 4, 4, 2, 2, 3, 3, 2, 2, 3, 3]
y_dimensions = [6, 5, 1, 12, 13, 3, 1, 12, 6, 5, 2, 11, 2, 11, 3, 13, 11, 13, 11, 7, 9, 7, 9, 13, 11]
minimum_height = 51
----------
x_coordinates = [5, 1, 0, 0, 6, 8, 4, 0, 8, 8, 3, 2, 4, 13, 1, 11, 6, 6, 10, 10, 3, 1, 4, 12, 12]
y_coordinates = [16, 32, 49, 37, 23, 47, 8, 10, 17, 12, 9, 11, 39, 39, 22, 26, 36, 3, 1, 40, 28, 25, 41, 13, 2]
x_dimensions = [2, 2, 4, 4, 5, 5, 2, 2, 4, 4, 3, 3, 2, 2, 5, 4, 4, 2, 2, 3, 3, 2, 2, 3, 3]
y_dimensions = [6, 5, 1, 12, 13, 3, 1, 12, 6, 5, 2, 11, 2, 11, 3, 13, 11, 13, 11, 7, 9, 7, 9, 13, 11]
minimum_height = 50
----------
x_coordinates = [5, 3, 4, 3, 0, 3, 8, 13, 1, 8, 6, 0, 4, 13, 6, 8, 7, 9, 11, 12, 0, 13, 7, 5, 11]
y_coordinates = [19, 16, 35, 0, 36, 30, 30, 1, 21, 44, 13, 10, 12, 31, 26, 31, 15, 2, 9, 42, 27, 13, 4, 36, 20]
x_dimensions = [2, 2, 4, 4, 5, 5, 2, 2, 4, 4, 3, 3, 2, 2, 5, 4, 4, 2, 2, 3, 3, 2, 2, 3, 3]
y_dimensions = [6, 5, 1, 12, 13, 3, 1, 12, 6, 5, 2, 11, 2, 11, 3, 13, 11, 13, 11, 7, 9, 7, 9, 13, 11]
minimum_height = 49
----------
x_coordinates = [0, 2, 11, 7, 6, 9, 1, 1, 3, 0, 1, 4, 5, 11, 7, 8, 4, 4, 2, 12, 1, 0, 13, 12, 11]
y_coordinates = [21, 20, 36, 3, 35, 32, 45, 2, 7, 14, 46, 13, 5, 1, 15, 18, 24, 35, 25, 12, 36, 29, 3, 19, 37]
x_dimensions = [2, 2, 4, 4, 5, 5, 2, 2, 4, 4, 3, 3, 2, 2, 5, 4, 4, 2, 2, 3, 3, 2, 2, 3, 3]
y_dimensions = [6, 5, 1, 12, 13, 3, 1, 12, 6, 5, 2, 11, 2, 11, 3, 13, 11, 13, 11, 7, 9, 7, 9, 13, 11]
minimum_height = 48
----------
x_coordinates = [6, 5, 3, 1, 7, 4, 4, 0, 0, 8, 2, 12, 7, 10, 0, 9, 0, 5, 2, 4, 4, 12, 13, 12, 7]
y_coordinates = [1, 7, 12, 0, 21, 35, 14, 24, 13, 5, 23, 9, 41, 10, 19, 34, 36, 15, 25, 28, 38, 1, 33, 20, 10]
x_dimensions = [2, 2, 4, 4, 5, 5, 2, 2, 4, 4, 3, 3, 2, 2, 5, 4, 4, 2, 2, 3, 3, 2, 2, 3, 3]
y_dimensions = [6, 5, 1, 12, 13, 3, 1, 12, 6, 5, 2, 11, 2, 11, 3, 13, 11, 13, 11, 7, 9, 7, 9, 13, 11]
minimum_height = 47
----------
x_coordinates = [6, 9, 3, 3, 8, 10, 9, 3, 5, 11, 5, 0, 1, 13, 6, 11, 8, 6, 3, 0, 7, 0, 2, 0, 12]
y_coordinates = [5, 12, 45, 33, 17, 43, 36, 9, 11, 11, 2, 10, 42, 16, 30, 30, 0, 17, 22, 35, 37, 3, 0, 22, 0]
x_dimensions = [2, 2, 4, 4, 5, 5, 2, 2, 4, 4, 3, 3, 2, 2, 5, 4, 4, 2, 2, 3, 3, 2, 2, 3, 3]
y_dimensions = [6, 5, 1, 12, 13, 3, 1, 12, 6, 5, 2, 11, 2, 11, 3, 13, 11, 13, 11, 7, 9, 7, 9, 13, 11]
minimum_height = 46
----------
x_coordinates = [3, 13, 9, 5, 0, 10, 11, 9, 11, 5, 10, 0, 3, 13, 4, 9, 5, 0, 13, 2, 10, 8, 13, 5, 2]
y_coordinates = [19, 40, 44, 33, 32, 37, 43, 25, 31, 28, 41, 21, 30, 20, 25, 12, 14, 8, 9, 12, 3, 5, 0, 1, 1]
x_dimensions = [2, 2, 4, 4, 5, 5, 2, 2, 4, 4, 3, 3, 2, 2, 5, 4, 4, 2, 2, 3, 3, 2, 2, 3, 3]
y_dimensions = [6, 5, 1, 12, 13, 3, 1, 12, 6, 5, 2, 11, 2, 11, 3, 13, 11, 13, 11, 7, 9, 7, 9, 13, 11]
minimum_height = 45
----------
x_coordinates = [5, 3, 6, 0, 10, 5, 4, 8, 4, 4, 1, 12, 10, 0, 2, 7, 11, 5, 3, 0, 12, 3, 10, 7, 0]
y_coordinates = [19, 19, 43, 32, 31, 40, 43, 28, 34, 29, 30, 20, 29, 19, 26, 15, 9, 6, 8, 12, 0, 1, 0, 2, 1]
x_dimensions = [2, 2, 4, 4, 5, 5, 2, 2, 4, 4, 3, 3, 2, 2, 5, 4, 4, 2, 2, 3, 3, 2, 2, 3, 3]
y_dimensions = [6, 5, 1, 12, 13, 3, 1, 12, 6, 5, 2, 11, 2, 11, 3, 13, 11, 13, 11, 7, 9, 7, 9, 13, 11]
minimum_height = 44
----------
x_coordinates = [3, 13, 11, 11, 6, 6, 5, 0, 3, 9, 5, 3, 11, 2, 4, 6, 11, 4, 13, 0, 1, 7, 9, 0, 10]
y_coordinates = [0, 37, 35, 1, 25, 0, 5, 22, 6, 38, 38, 12, 36, 23, 40, 12, 24, 23, 13, 15, 34, 5, 3, 2, 13]
x_dimensions = [2, 2, 4, 4, 5, 5, 2, 2, 4, 4, 3, 3, 2, 2, 5, 4, 4, 2, 2, 3, 3, 2, 2, 3, 3]
y_dimensions = [6, 5, 1, 12, 13, 3, 1, 12, 6, 5, 2, 11, 2, 11, 3, 13, 11, 13, 11, 7, 9, 7, 9, 13, 11]
minimum_height = 43
----------
x_coordinates = [5, 3, 7, 11, 0, 6, 5, 9, 5, 5, 12, 0, 3, 13, 4, 9, 3, 7, 13, 4, 0, 2, 0, 10, 7]
y_coordinates = [18, 18, 41, 30, 29, 38, 41, 26, 32, 27, 28, 18, 27, 17, 24, 13, 7, 11, 6, 0, 9, 0, 0, 0, 0]
x_dimensions = [2, 2, 4, 4, 5, 5, 2, 2, 4, 4, 3, 3, 2, 2, 5, 4, 4, 2, 2, 3, 3, 2, 2, 3, 3]
y_dimensions = [6, 5, 1, 12, 13, 3, 1, 12, 6, 5, 2, 11, 2, 11, 3, 13, 11, 13, 11, 7, 9, 7, 9, 13, 11]
minimum_height = 42
----------
x_coordinates = [0, 0, 3, 6, 0, 10, 0, 13, 5, 5, 10, 12, 10, 9, 2, 11, 2, 2, 7, 7, 10, 0, 0, 4, 9]
y_coordinates = [16, 23, 0, 18, 28, 13, 22, 16, 30, 36, 26, 29, 28, 0, 1, 0, 17, 4, 0, 11, 17, 9, 0, 4, 30]
x_dimensions = [2, 2, 4, 4, 5, 5, 2, 2, 4, 4, 3, 3, 2, 2, 5, 4, 4, 2, 2, 3, 3, 2, 2, 3, 3]
y_dimensions = [6, 5, 1, 12, 13, 3, 1, 12, 6, 5, 2, 11, 2, 11, 3, 13, 11, 13, 11, 7, 9, 7, 9, 13, 11]
minimum_height = 41
----------
x_coordinates = [3, 9, 11, 11, 10, 10, 9, 3, 7, 7, 0, 2, 2, 0, 5, 5, 11, 5, 0, 0, 0, 9, 2, 7, 4]
y_coordinates = [0, 17, 39, 27, 0, 13, 16, 6, 29, 35, 0, 18, 29, 29, 0, 16, 16, 3, 18, 2, 9, 22, 31, 3, 29]
x_dimensions = [2, 2, 4, 4, 5, 5, 2, 2, 4, 4, 3, 3, 2, 2, 5, 4, 4, 2, 2, 3, 3, 2, 2, 3, 3]
y_dimensions = [6, 5, 1, 12, 13, 3, 1, 12, 6, 5, 2, 11, 2, 11, 3, 13, 11, 13, 11, 7, 9, 7, 9, 13, 11]
minimum_height = 40
----------
==========
%%%mzn-stat: nodes=166166
%%%mzn-stat: failures=93889
%%%mzn-stat: restarts=2070
%%%mzn-stat: variables=5988
%%%mzn-stat: intVars=113
%%%mzn-stat: boolVariables=5873
%%%mzn-stat: propagators=2625
%%%mzn-stat: propagations=42226052
%%%mzn-stat: peakDepth=135
%%%mzn-stat: nogoods=93889
%%%mzn-stat: backjumps=19688
%%%mzn-stat: peakMem=0.00
%%%mzn-stat: time=18.905
%%%mzn-stat: initTime=0.038
%%%mzn-stat: solveTime=18.867
%%%mzn-stat: objective=40
%%%mzn-stat: optTime=18.867
%%%mzn-stat: baseMem=0.00
%%%mzn-stat: trailMem=0.04
%%%mzn-stat: randomSeed=1657199716
x_coordinates = [6, 6, 4, 2, 10, 1, 7, 8, 0, 4, 6, 12, 7, 10, 4, 0, 11, 9, 4, 6, 9, 5, 3, 0, 12]
y_coordinates = [26, 32, 37, 19, 20, 31, 63, 31, 34, 38, 50, 33, 64, 33, 43, 40, 44, 44, 46, 52, 57, 59, 57, 53, 55]
x_dimensions = [2, 2, 4, 4, 5, 5, 2, 2, 4, 4, 3, 3, 2, 2, 5, 4, 4, 2, 2, 3, 3, 2, 2, 3, 3]
y_dimensions = [6, 5, 1, 12, 13, 3, 1, 12, 6, 5, 2, 11, 2, 11, 3, 13, 11, 13, 11, 7, 9, 7, 9, 13, 11]
minimum_height = 66
----------
x_coordinates = [5, 6, 7, 1, 1, 6, 6, 11, 11, 11, 7, 8, 13, 13, 5, 0, 7, 13, 6, 10, 3, 9, 11, 12, 4]
y_coordinates = [23, 55, 36, 40, 52, 62, 60, 44, 31, 26, 39, 51, 37, 54, 41, 25, 25, 39, 44, 37, 7, 44, 56, 13, 29]
x_dimensions = [2, 2, 4, 4, 5, 5, 2, 2, 4, 4, 3, 3, 2, 2, 5, 4, 4, 2, 2, 3, 3, 2, 2, 3, 3]
y_dimensions = [6, 5, 1, 12, 13, 3, 1, 12, 6, 5, 2, 11, 2, 11, 3, 13, 11, 13, 11, 7, 9, 7, 9, 13, 11]
minimum_height = 65
----------
x_coordinates = [5, 1, 8, 8, 1, 6, 13, 13, 2, 11, 0, 10, 12, 5, 4, 7, 11, 3, 7, 12, 11, 12, 12, 0, 5]
y_coordinates = [27, 52, 15, 41, 14, 24, 63, 51, 33, 36, 62, 53, 42, 53, 11, 28, 25, 50, 53, 9, 0, 44, 16, 39, 41]
x_dimensions = [2, 2, 4, 4, 5, 5, 2, 2, 4, 4, 3, 3, 2, 2, 5, 4, 4, 2, 2, 3, 3, 2, 2, 3, 3]
y_dimensions = [6, 5, 1, 12, 13, 3, 1, 12, 6, 5, 2, 11, 2, 11, 3, 13, 11, 13, 11, 7, 9, 7, 9, 13, 11]
minimum_height = 64
----------
x_coordinates = [6, 2, 6, 9, 1, 6, 8, 13, 3, 11, 0, 10, 13, 6, 6, 3, 11, 5, 7, 0, 8, 13, 3, 8, 7]
y_coordinates = [28, 58, 49, 50, 21, 22, 62, 51, 2, 7, 56, 39, 40, 11, 8, 36, 28, 50, 51, 48, 11, 44, 49, 25, 38]
x_dimensions = [2, 2, 4, 4, 5, 5, 2, 2, 4, 4, 3, 3, 2, 2, 5, 4, 4, 2, 2, 3, 3, 2, 2, 3, 3]
y_dimensions = [6, 5, 1, 12, 13, 3, 1, 12, 6, 5, 2, 11, 2, 11, 3, 13, 11, 13, 11, 7, 9, 7, 9, 13, 11]
minimum_height = 63
----------
x_coordinates = [5, 0, 3, 8, 10, 1, 12, 2, 3, 11, 1, 12, 13, 6, 6, 4, 0, 3, 8, 5, 11, 13, 0, 10, 7]
y_coordinates = [27, 45, 58, 50, 15, 59, 14, 46, 10, 31, 43, 51, 29, 16, 7, 38, 32, 19, 14, 51, 2, 44, 50, 37, 27]
x_dimensions = [2, 2, 4, 4, 5, 5, 2, 2, 4, 4, 3, 3, 2, 2, 5, 4, 4, 2, 2, 3, 3, 2, 2, 3, 3]
y_dimensions = [6, 5, 1, 12, 13, 3, 1, 12, 6, 5, 2, 11, 2, 11, 3, 13, 11, 13, 11, 7, 9, 7, 9, 13, 11]
minimum_height = 62
----------
x_coordinates = [5, 5, 1, 9, 10, 5, 1, 3, 3, 6, 7, 12, 12, 7, 0, 5, 1, 13, 7, 10, 8, 0, 13, 12, 9]
y_coordinates = [27, 53, 60, 42, 26, 58, 26, 48, 21, 35, 56, 15, 0, 13, 45, 40, 34, 39, 24, 54, 3, 51, 52, 2, 14]
x_dimensions = [2, 2, 4, 4, 5, 5, 2, 2, 4, 4, 3, 3, 2, 2, 5, 4, 4, 2, 2, 3, 3, 2, 2, 3, 3]
y_dimensions = [6, 5, 1, 12, 13, 3, 1, 12, 6, 5, 2, 11, 2, 11, 3, 13, 11, 13, 11, 7, 9, 7, 9, 13, 11]
minimum_height = 61
----------
x_coordinates = [6, 5, 3, 11, 7, 6, 13, 3, 3, 8, 0, 12, 12, 8, 9, 7, 7, 11, 13, 11, 5, 10, 12, 0, 4]
y_coordinates = [1, 55, 29, 45, 19, 16, 11, 48, 31, 0, 56, 0, 30, 5, 57, 44, 33, 32, 34, 12, 7, 5, 21, 42, 37]
x_dimensions = [2, 2, 4, 4, 5, 5, 2, 2, 4, 4, 3, 3, 2, 2, 5, 4, 4, 2, 2, 3, 3, 2, 2, 3, 3]
y_dimensions = [6, 5, 1, 12, 13, 3, 1, 12, 6, 5, 2, 11, 2, 11, 3, 13, 11, 13, 11, 7, 9, 7, 9, 13, 11]
minimum_height = 60
----------
x_coordinates = [6, 4, 5, 11, 2, 8, 13, 0, 3, 2, 1, 9, 13, 9, 7, 6, 1, 13, 11, 12, 5, 13, 12, 7, 10]
y_coordinates = [1, 54, 17, 47, 24, 5, 33, 45, 40, 46, 57, 8, 31, 22, 19, 46, 8, 34, 25, 18, 7, 2, 9, 33, 36]
x_dimensions = [2, 2, 4, 4, 5, 5, 2, 2, 4, 4, 3, 3, 2, 2, 5, 4, 4, 2, 2, 3, 3, 2, 2, 3, 3]
y_dimensions = [6, 5, 1, 12, 13, 3, 1, 12, 6, 5, 2, 11, 2, 11, 3, 13, 11, 13, 11, 7, 9, 7, 9, 13, 11]
minimum_height = 59
----------
x_coordinates = [6, 5, 9, 3, 8, 6, 4, 4, 7, 6, 2, 1, 12, 13, 9, 6, 2, 6, 12, 7, 0, 4, 13, 10, 1]
y_coordinates = [0, 53, 5, 27, 19, 6, 52, 40, 52, 9, 56, 13, 13, 31, 16, 39, 2, 14, 47, 32, 31, 13, 19, 34, 45]
x_dimensions = [2, 2, 4, 4, 5, 5, 2, 2, 4, 4, 3, 3, 2, 2, 5, 4, 4, 2, 2, 3, 3, 2, 2, 3, 3]
y_dimensions = [6, 5, 1, 12, 13, 3, 1, 12, 6, 5, 2, 11, 2, 11, 3, 13, 11, 13, 11, 7, 9, 7, 9, 13, 11]
minimum_height = 58
----------
x_coordinates = [6, 7, 11, 4, 10, 1, 6, 9, 7, 8, 8, 0, 3, 10, 8, 6, 4, 8, 13, 3, 12, 2, 13, 12, 2]
y_coordinates = [18, 13, 10, 24, 20, 17, 56, 7, 36, 2, 55, 35, 36, 43, 33, 42, 2, 19, 33, 39, 1, 28, 11, 44, 46]
x_dimensions = [2, 2, 4, 4, 5, 5, 2, 2, 4, 4, 3, 3, 2, 2, 5, 4, 4, 2, 2, 3, 3, 2, 2, 3, 3]
y_dimensions = [6, 5, 1, 12, 13, 3, 1, 12, 6, 5, 2, 11, 2, 11, 3, 13, 11, 13, 11, 7, 9, 7, 9, 13, 11]
minimum_height = 57
----------
x_coordinates = [6, 8, 9, 9, 2, 9, 8, 11, 7, 6, 8, 10, 13, 7, 9, 8, 3, 13, 13, 0, 2, 4, 13, 12, 5]
y_coordinates = [1, 46, 52, 29, 27, 53, 51, 17, 16, 22, 27, 41, 40, 34, 13, 0, 7, 27, 16, 12, 40, 18, 44, 0, 45]
x_dimensions = [2, 2, 4, 4, 5, 5, 2, 2, 4, 4, 3, 3, 2, 2, 5, 4, 4, 2, 2, 3, 3, 2, 2, 3, 3]
y_dimensions = [6, 5, 1, 12, 13, 3, 1, 12, 6, 5, 2, 11, 2, 11, 3, 13, 11, 13, 11, 7, 9, 7, 9, 13, 11]
minimum_height = 56
----------
x_coordinates = [6, 9, 4, 7, 1, 3, 1, 10, 11, 6, 2, 11, 10, 6, 10, 3, 8, 13, 1, 0, 8, 11, 0, 12, 3]
y_coordinates = [7, 29, 51, 34, 23, 52, 11, 17, 49, 24, 49, 31, 1, 13, 14, 36, 3, 17, 12, 39, 46, 42, 46, 1, 8]
x_dimensions = [2, 2, 4, 4, 5, 5, 2, 2, 4, 4, 3, 3, 2, 2, 5, 4, 4, 2, 2, 3, 3, 2, 2, 3, 3]
y_dimensions = [6, 5, 1, 12, 13, 3, 1, 12, 6, 5, 2, 11, 2, 11, 3, 13, 11, 13, 11, 7, 9, 7, 9, 13, 11]
minimum_height = 55
----------
x_coordinates = [6, 9, 7, 9, 0, 6, 11, 8, 9, 2, 6, 5, 8, 13, 1, 10, 11, 0, 1, 6, 12, 13, 6, 3, 8]
y_coordinates = [8, 45, 53, 15, 36, 50, 33, 2, 27, 22, 14, 35, 0, 23, 49, 2, 43, 23, 11, 19, 34, 16, 26, 8, 33]
x_dimensions = [2, 2, 4, 4, 5, 5, 2, 2, 4, 4, 3, 3, 2, 2, 5, 4, 4, 2, 2, 3, 3, 2, 2, 3, 3]
y_dimensions = [6, 5, 1, 12, 13, 3, 1, 12, 6, 5, 2, 11, 2, 11, 3, 13, 11, 13, 11, 7, 9, 7, 9, 13, 11]
minimum_height = 54
----------
x_coordinates = [6, 1, 1, 11, 2, 10, 11, 12, 5, 5, 10, 4, 13, 8, 3, 7, 2, 0, 3, 7, 9, 12, 2, 10, 9]
y_coordinates = [4, 39, 52, 29, 16, 2, 1, 41, 47, 42, 18, 29, 17, 1, 1, 29, 5, 17, 40, 13, 20, 22, 30, 5, 42]
x_dimensions = [2, 2, 4, 4, 5, 5, 2, 2, 4, 4, 3, 3, 2, 2, 5, 4, 4, 2, 2, 3, 3, 2, 2, 3, 3]
y_dimensions = [6, 5, 1, 12, 13, 3, 1, 12, 6, 5, 2, 11, 2, 11, 3, 13, 11, 13, 11, 7, 9, 7, 9, 13, 11]
minimum_height = 53
----------
x_coordinates = [2, 0, 8, 4, 4, 5, 9, 13, 6, 8, 12, 3, 0, 10, 0, 9, 5, 2, 2, 9, 12, 13, 1, 12, 10]
y_coordinates = [22, 39, 51, 40, 16, 11, 50, 31, 5, 43, 28, 0, 28, 12, 11, 30, 29, 28, 41, 23, 43, 6, 2, 13, 1]
x_dimensions = [2, 2, 4, 4, 5, 5, 2, 2, 4, 4, 3, 3, 2, 2, 5, 4, 4, 2, 2, 3, 3, 2, 2, 3, 3]
y_dimensions = [6, 5, 1, 12, 13, 3, 1, 12, 6, 5, 2, 11, 2, 11, 3, 13, 11, 13, 11, 7, 9, 7, 9, 13, 11]
minimum_height = 52
----------
x_coordinates = [3, 6, 4, 0, 5, 7, 5, 13, 7, 7, 4, 0, 4, 11, 5, 11, 7, 4, 10, 8, 2, 0, 2, 12, 11]
y_coordinates = [15, 35, 34, 39, 19, 13, 50, 26, 7, 2, 48, 10, 32, 27, 16, 38, 40, 35, 16, 33, 21, 25, 30, 13, 2]
x_dimensions = [2, 2, 4, 4, 5, 5, 2, 2, 4, 4, 3, 3, 2, 2, 5, 4, 4, 2, 2, 3, 3, 2, 2, 3, 3]
y_dimensions = [6, 5, 1, 12, 13, 3, 1, 12, 6, 5, 2, 11, 2, 11, 3, 13, 11, 13, 11, 7, 9, 7, 9, 13, 11]
minimum_height = 51
----------
x_coordinates = [5, 1, 0, 0, 6, 8, 4, 0, 8, 8, 3, 2, 4, 13, 1, 11, 6, 6, 10, 10, 3, 1, 4, 12, 12]
y_coordinates = [16, 32, 49, 37, 23, 47, 8, 10, 17, 12, 9, 11, 39, 39, 22, 26, 36, 3, 1, 40, 28, 25, 41, 13, 2]
x_dimensions = [2, 2, 4, 4, 5, 5, 2, 2, 4, 4, 3, 3, 2, 2, 5, 4, 4, 2, 2, 3, 3, 2, 2, 3, 3]
y_dimensions = [6, 5, 1, 12, 13, 3, 1, 12, 6, 5, 2, 11, 2, 11, 3, 13, 11, 13, 11, 7, 9, 7, 9, 13, 11]
minimum_height = 50
----------
x_coordinates = [5, 3, 4, 3, 0, 3, 8, 13, 1, 8, 6, 0, 4, 13, 6, 8, 7, 9, 11, 12, 0, 13, 7, 5, 11]
y_coordinates = [19, 16, 35, 0, 36, 30, 30, 1, 21, 44, 13, 10, 12, 31, 26, 31, 15, 2, 9, 42, 27, 13, 4, 36, 20]
x_dimensions = [2, 2, 4, 4, 5, 5, 2, 2, 4, 4, 3, 3, 2, 2, 5, 4, 4, 2, 2, 3, 3, 2, 2, 3, 3]
y_dimensions = [6, 5, 1, 12, 13, 3, 1, 12, 6, 5, 2, 11, 2, 11, 3, 13, 11, 13, 11, 7, 9, 7, 9, 13, 11]
minimum_height = 49
----------
x_coordinates = [0, 2, 11, 7, 6, 9, 1, 1, 3, 0, 1, 4, 5, 11, 7, 8, 4, 4, 2, 12, 1, 0, 13, 12, 11]
y_coordinates = [21, 20, 36, 3, 35, 32, 45, 2, 7, 14, 46, 13, 5, 1, 15, 18, 24, 35, 25, 12, 36, 29, 3, 19, 37]
x_dimensions = [2, 2, 4, 4, 5, 5, 2, 2, 4, 4, 3, 3, 2, 2, 5, 4, 4, 2, 2, 3, 3, 2, 2, 3, 3]
y_dimensions = [6, 5, 1, 12, 13, 3, 1, 12, 6, 5, 2, 11, 2, 11, 3, 13, 11, 13, 11, 7, 9, 7, 9, 13, 11]
minimum_height = 48
----------
x_coordinates = [6, 5, 3, 1, 7, 4, 4, 0, 0, 8, 2, 12, 7, 10, 0, 9, 0, 5, 2, 4, 4, 12, 13, 12, 7]
y_coordinates = [1, 7, 12, 0, 21, 35, 14, 24, 13, 5, 23, 9, 41, 10, 19, 34, 36, 15, 25, 28, 38, 1, 33, 20, 10]
x_dimensions = [2, 2, 4, 4, 5, 5, 2, 2, 4, 4, 3, 3, 2, 2, 5, 4, 4, 2, 2, 3, 3, 2, 2, 3, 3]
y_dimensions = [6, 5, 1, 12, 13, 3, 1, 12, 6, 5, 2, 11, 2, 11, 3, 13, 11, 13, 11, 7, 9, 7, 9, 13, 11]
minimum_height = 47
----------
x_coordinates = [6, 9, 3, 3, 8, 10, 9, 3, 5, 11, 5, 0, 1, 13, 6, 11, 8, 6, 3, 0, 7, 0, 2, 0, 12]
y_coordinates = [5, 12, 45, 33, 17, 43, 36, 9, 11, 11, 2, 10, 42, 16, 30, 30, 0, 17, 22, 35, 37, 3, 0, 22, 0]
x_dimensions = [2, 2, 4, 4, 5, 5, 2, 2, 4, 4, 3, 3, 2, 2, 5, 4, 4, 2, 2, 3, 3, 2, 2, 3, 3]
y_dimensions = [6, 5, 1, 12, 13, 3, 1, 12, 6, 5, 2, 11, 2, 11, 3, 13, 11, 13, 11, 7, 9, 7, 9, 13, 11]
minimum_height = 46
----------
x_coordinates = [3, 13, 9, 5, 0, 10, 11, 9, 11, 5, 10, 0, 3, 13, 4, 9, 5, 0, 13, 2, 10, 8, 13, 5, 2]
y_coordinates = [19, 40, 44, 33, 32, 37, 43, 25, 31, 28, 41, 21, 30, 20, 25, 12, 14, 8, 9, 12, 3, 5, 0, 1, 1]
x_dimensions = [2, 2, 4, 4, 5, 5, 2, 2, 4, 4, 3, 3, 2, 2, 5, 4, 4, 2, 2, 3, 3, 2, 2, 3, 3]
y_dimensions = [6, 5, 1, 12, 13, 3, 1, 12, 6, 5, 2, 11, 2, 11, 3, 13, 11, 13, 11, 7, 9, 7, 9, 13, 11]
minimum_height = 45
----------
x_coordinates = [5, 3, 6, 0, 10, 5, 4, 8, 4, 4, 1, 12, 10, 0, 2, 7, 11, 5, 3, 0, 12, 3, 10, 7, 0]
y_coordinates = [19, 19, 43, 32, 31, 40, 43, 28, 34, 29, 30, 20, 29, 19, 26, 15, 9, 6, 8, 12, 0, 1, 0, 2, 1]
x_dimensions = [2, 2, 4, 4, 5, 5, 2, 2, 4, 4, 3, 3, 2, 2, 5, 4, 4, 2, 2, 3, 3, 2, 2, 3, 3]
y_dimensions = [6, 5, 1, 12, 13, 3, 1, 12, 6, 5, 2, 11, 2, 11, 3, 13, 11, 13, 11, 7, 9, 7, 9, 13, 11]
minimum_height = 44
----------
x_coordinates = [3, 13, 11, 11, 6, 6, 5, 0, 3, 9, 5, 3, 11, 2, 4, 6, 11, 4, 13, 0, 1, 7, 9, 0, 10]
y_coordinates = [0, 37, 35, 1, 25, 0, 5, 22, 6, 38, 38, 12, 36, 23, 40, 12, 24, 23, 13, 15, 34, 5, 3, 2, 13]
x_dimensions = [2, 2, 4, 4, 5, 5, 2, 2, 4, 4, 3, 3, 2, 2, 5, 4, 4, 2, 2, 3, 3, 2, 2, 3, 3]
y_dimensions = [6, 5, 1, 12, 13, 3, 1, 12, 6, 5, 2, 11, 2, 11, 3, 13, 11, 13, 11, 7, 9, 7, 9, 13, 11]
minimum_height = 43
----------
x_coordinates = [5, 3, 7, 11, 0, 6, 5, 9, 5, 5, 12, 0, 3, 13, 4, 9, 3, 7, 13, 4, 0, 2, 0, 10, 7]
y_coordinates = [18, 18, 41, 30, 29, 38, 41, 26, 32, 27, 28, 18, 27, 17, 24, 13, 7, 11, 6, 0, 9, 0, 0, 0, 0]
x_dimensions = [2, 2, 4, 4, 5, 5, 2, 2, 4, 4, 3, 3, 2, 2, 5, 4, 4, 2, 2, 3, 3, 2, 2, 3, 3]
y_dimensions = [6, 5, 1, 12, 13, 3, 1, 12, 6, 5, 2, 11, 2, 11, 3, 13, 11, 13, 11, 7, 9, 7, 9, 13, 11]
minimum_height = 42
----------
x_coordinates = [0, 0, 3, 6, 0, 10, 0, 13, 5, 5, 10, 12, 10, 9, 2, 11, 2, 2, 7, 7, 10, 0, 0, 4, 9]
y_coordinates = [16, 23, 0, 18, 28, 13, 22, 16, 30, 36, 26, 29, 28, 0, 1, 0, 17, 4, 0, 11, 17, 9, 0, 4, 30]
x_dimensions = [2, 2, 4, 4, 5, 5, 2, 2, 4, 4, 3, 3, 2, 2, 5, 4, 4, 2, 2, 3, 3, 2, 2, 3, 3]
y_dimensions = [6, 5, 1, 12, 13, 3, 1, 12, 6, 5, 2, 11, 2, 11, 3, 13, 11, 13, 11, 7, 9, 7, 9, 13, 11]
minimum_height = 41
----------
