x_coordinates = [13, 2, 20, 25, 17, 5, 17, 12, 14, 16, 20, 7, 12, 13, 21, 8, 19, 0, 3, 25, 1, 6, 6, 17, 13, 0, 8, 25]
y_coordinates = [75, 89, 85, 88, 121, 97, 148, 92, 141, 103, 124, 98, 110, 146, 148, 116, 106, 106, 109, 123, 127, 120, 134, 127, 151, 141, 141, 148]
x_dimensions = [3, 3, 5, 5, 2, 2, 4, 4, 3, 3, 5, 5, 7, 4, 4, 11, 11, 3, 3, 5, 5, 11, 11, 13, 8, 8, 5, 5]
y_dimensions = [4, 17, 21, 18, 6, 12, 3, 18, 5, 7, 3, 18, 6, 5, 7, 4, 17, 21, 18, 4, 14, 14, 7, 21, 4, 14, 14, 7]
minimum_height = 155
----------
x_coordinates = [11, 18, 10, 2, 12, 24, 21, 7, 14, 22, 12, 17, 22, 18, 21, 1, 0, 11, 27, 11, 25, 13, 14, 0, 22, 22, 24, 17]
y_coordinates = [60, 9, 16, 57, 38, 51, 7, 55, 83, 82, 92, 77, 21, 109, 63, 94, 75, 67, 58, 88, 76, 95, 70, 103, 91, 110, 96, 117]
x_dimensions = [3, 3, 5, 5, 2, 2, 4, 4, 3, 3, 5, 5, 7, 4, 4, 11, 11, 3, 3, 5, 5, 11, 11, 13, 8, 8, 5, 5]
y_dimensions = [4, 17, 21, 18, 6, 12, 3, 18, 5, 7, 3, 18, 6, 5, 7, 4, 17, 21, 18, 4, 14, 14, 7, 21, 4, 14, 14, 7]
minimum_height = 124
----------
x_coordinates = [5, 3, 0, 5, 26, 28, 24, 15, 21, 25, 6, 22, 18, 22, 26, 6, 11, 27, 11, 12, 25, 17, 15, 9, 19, 22, 24, 12]
y_coordinates = [59, 106, 44, 82, 18, 107, 8, 66, 37, 24, 100, 91, 21, 61, 59, 112, 91, 83, 73, 108, 66, 109, 84, 44, 80, 45, 31, 116]
x_dimensions = [3, 3, 5, 5, 2, 2, 4, 4, 3, 3, 5, 5, 7, 4, 4, 11, 11, 3, 3, 5, 5, 11, 11, 13, 8, 8, 5, 5]
y_dimensions = [4, 17, 21, 18, 6, 12, 3, 18, 5, 7, 3, 18, 6, 5, 7, 4, 17, 21, 18, 4, 14, 14, 7, 21, 4, 14, 14, 7]
minimum_height = 123
----------
x_coordinates = [8, 5, 0, 0, 7, 20, 6, 26, 20, 25, 8, 25, 23, 5, 5, 16, 14, 27, 27, 11, 8, 15, 19, 9, 4, 22, 0, 8]
y_coordinates = [51, 33, 43, 89, 61, 59, 2, 59, 117, 109, 119, 77, 116, 103, 108, 34, 78, 31, 13, 34, 82, 38, 52, 96, 76, 95, 107, 44]
x_dimensions = [3, 3, 5, 5, 2, 2, 4, 4, 3, 3, 5, 5, 7, 4, 4, 11, 11, 3, 3, 5, 5, 11, 11, 13, 8, 8, 5, 5]
y_dimensions = [4, 17, 21, 18, 6, 12, 3, 18, 5, 7, 3, 18, 6, 5, 7, 4, 17, 21, 18, 4, 14, 14, 7, 21, 4, 14, 14, 7]
minimum_height = 122
----------
x_coordinates = [12, 13, 5, 0, 23, 20, 10, 15, 24, 14, 19, 8, 10, 26, 0, 14, 16, 16, 13, 25, 3, 9, 19, 17, 4, 1, 12, 8]
y_coordinates = [58, 35, 100, 103, 61, 58, 116, 12, 116, 114, 117, 62, 108, 90, 96, 54, 37, 59, 62, 55, 68, 80, 73, 95, 96, 82, 94, 51]
x_dimensions = [3, 3, 5, 5, 2, 2, 4, 4, 3, 3, 5, 5, 7, 4, 4, 11, 11, 3, 3, 5, 5, 11, 11, 13, 8, 8, 5, 5]
y_dimensions = [4, 17, 21, 18, 6, 12, 3, 18, 5, 7, 3, 18, 6, 5, 7, 4, 17, 21, 18, 4, 14, 14, 7, 21, 4, 14, 14, 7]
minimum_height = 121
----------
x_coordinates = [9, 17, 19, 25, 27, 22, 11, 26, 25, 26, 12, 5, 23, 24, 19, 16, 12, 27, 24, 8, 13, 13, 17, 0, 12, 18, 14, 20]
y_coordinates = [58, 40, 12, 39, 86, 40, 8, 10, 71, 113, 56, 75, 33, 28, 33, 83, 59, 92, 88, 116, 106, 91, 76, 95, 87, 106, 26, 52]
x_dimensions = [3, 3, 5, 5, 2, 2, 4, 4, 3, 3, 5, 5, 7, 4, 4, 11, 11, 3, 3, 5, 5, 11, 11, 13, 8, 8, 5, 5]
y_dimensions = [4, 17, 21, 18, 6, 12, 3, 18, 5, 7, 3, 18, 6, 5, 7, 4, 17, 21, 18, 4, 14, 14, 7, 21, 4, 14, 14, 7]
minimum_height = 120
----------
x_coordinates = [11, 19, 9, 21, 26, 27, 24, 25, 12, 15, 25, 14, 15, 5, 1, 19, 13, 22, 14, 10, 17, 13, 18, 14, 1, 1, 25, 13]
y_coordinates = [52, 96, 94, 53, 96, 21, 0, 3, 89, 88, 102, 95, 113, 94, 91, 92, 1, 97, 70, 115, 71, 18, 85, 32, 101, 105, 105, 63]
x_dimensions = [3, 3, 5, 5, 2, 2, 4, 4, 3, 3, 5, 5, 7, 4, 4, 11, 11, 3, 3, 5, 5, 11, 11, 13, 8, 8, 5, 5]
y_dimensions = [4, 17, 21, 18, 6, 12, 3, 18, 5, 7, 3, 18, 6, 5, 7, 4, 17, 21, 18, 4, 14, 14, 7, 21, 4, 14, 14, 7]
minimum_height = 119
----------
x_coordinates = [9, 27, 15, 22, 26, 3, 6, 2, 5, 26, 8, 1, 10, 26, 13, 6, 7, 5, 13, 17, 17, 8, 19, 16, 21, 16, 8, 25]
y_coordinates = [56, 98, 46, 99, 66, 88, 108, 59, 23, 58, 90, 100, 107, 93, 99, 113, 29, 79, 81, 114, 100, 67, 73, 6, 80, 85, 93, 86]
x_dimensions = [3, 3, 5, 5, 2, 2, 4, 4, 3, 3, 5, 5, 7, 4, 4, 11, 11, 3, 3, 5, 5, 11, 11, 13, 8, 8, 5, 5]
y_dimensions = [4, 17, 21, 18, 6, 12, 3, 18, 5, 7, 3, 18, 6, 5, 7, 4, 17, 21, 18, 4, 14, 14, 7, 21, 4, 14, 14, 7]
minimum_height = 118
----------
x_coordinates = [9, 4, 8, 24, 25, 7, 13, 0, 6, 25, 8, 3, 18, 15, 14, 8, 13, 27, 13, 16, 25, 16, 2, 17, 12, 17, 9, 20]
y_coordinates = [55, 100, 71, 58, 95, 102, 73, 99, 55, 49, 99, 74, 111, 105, 110, 48, 56, 80, 85, 52, 101, 76, 92, 17, 44, 90, 103, 104]
x_dimensions = [3, 3, 5, 5, 2, 2, 4, 4, 3, 3, 5, 5, 7, 4, 4, 11, 11, 3, 3, 5, 5, 11, 11, 13, 8, 8, 5, 5]
y_dimensions = [4, 17, 21, 18, 6, 12, 3, 18, 5, 7, 3, 18, 6, 5, 7, 4, 17, 21, 18, 4, 14, 14, 7, 21, 4, 14, 14, 7]
minimum_height = 117
----------
x_coordinates = [13, 1, 9, 20, 24, 17, 0, 26, 18, 25, 5, 15, 23, 14, 26, 8, 2, 6, 15, 4, 25, 18, 18, 14, 13, 18, 10, 9]
y_coordinates = [55, 93, 73, 63, 16, 47, 110, 4, 17, 74, 104, 63, 46, 108, 102, 43, 56, 80, 90, 107, 58, 81, 109, 22, 59, 95, 94, 108]
x_dimensions = [3, 3, 5, 5, 2, 2, 4, 4, 3, 3, 5, 5, 7, 4, 4, 11, 11, 3, 3, 5, 5, 11, 11, 13, 8, 8, 5, 5]
y_dimensions = [4, 17, 21, 18, 6, 12, 3, 18, 5, 7, 3, 18, 6, 5, 7, 4, 17, 21, 18, 4, 14, 14, 7, 21, 4, 14, 14, 7]
minimum_height = 116
----------
x_coordinates = [10, 8, 12, 0, 8, 28, 26, 25, 16, 26, 9, 3, 2, 18, 5, 18, 19, 9, 27, 22, 2, 17, 7, 15, 1, 19, 14, 9]
y_coordinates = [54, 67, 75, 97, 54, 84, 74, 6, 68, 50, 105, 69, 87, 110, 107, 77, 57, 84, 96, 109, 55, 81, 60, 29, 93, 95, 96, 108]
x_dimensions = [3, 3, 5, 5, 2, 2, 4, 4, 3, 3, 5, 5, 7, 4, 4, 11, 11, 3, 3, 5, 5, 11, 11, 13, 8, 8, 5, 5]
y_dimensions = [4, 17, 21, 18, 6, 12, 3, 18, 5, 7, 3, 18, 6, 5, 7, 4, 17, 21, 18, 4, 14, 14, 7, 21, 4, 14, 14, 7]
minimum_height = 115
----------
x_coordinates = [6, 24, 20, 25, 9, 18, 6, 0, 21, 27, 25, 9, 3, 23, 23, 12, 13, 4, 0, 18, 25, 7, 14, 16, 4, 10, 25, 22]
y_coordinates = [55, 36, 81, 67, 35, 94, 107, 63, 52, 106, 85, 46, 101, 102, 107, 110, 64, 80, 95, 106, 53, 82, 57, 8, 110, 96, 88, 29]
x_dimensions = [3, 3, 5, 5, 2, 2, 4, 4, 3, 3, 5, 5, 7, 4, 4, 11, 11, 3, 3, 5, 5, 11, 11, 13, 8, 8, 5, 5]
y_dimensions = [4, 17, 21, 18, 6, 12, 3, 18, 5, 7, 3, 18, 6, 5, 7, 4, 17, 21, 18, 4, 14, 14, 7, 21, 4, 14, 14, 7]
minimum_height = 114
----------
x_coordinates = [13, 3, 25, 0, 24, 23, 1, 7, 23, 5, 25, 7, 23, 26, 26, 15, 12, 24, 6, 10, 25, 14, 14, 9, 22, 22, 9, 20]
y_coordinates = [54, 70, 85, 92, 35, 82, 110, 13, 65, 104, 32, 68, 55, 66, 106, 108, 77, 5, 86, 109, 71, 94, 70, 33, 61, 41, 95, 26]
x_dimensions = [3, 3, 5, 5, 2, 2, 4, 4, 3, 3, 5, 5, 7, 4, 4, 11, 11, 3, 3, 5, 5, 11, 11, 13, 8, 8, 5, 5]
y_dimensions = [4, 17, 21, 18, 6, 12, 3, 18, 5, 7, 3, 18, 6, 5, 7, 4, 17, 21, 18, 4, 14, 14, 7, 21, 4, 14, 14, 7]
minimum_height = 113
----------
x_coordinates = [8, 0, 23, 21, 25, 28, 1, 10, 11, 11, 7, 20, 23, 9, 26, 12, 19, 22, 27, 6, 4, 0, 18, 9, 11, 13, 14, 9]
y_coordinates = [53, 67, 74, 50, 28, 83, 109, 31, 95, 100, 84, 32, 68, 67, 61, 83, 95, 11, 31, 108, 67, 94, 3, 10, 107, 62, 93, 87]
x_dimensions = [3, 3, 5, 5, 2, 2, 4, 4, 3, 3, 5, 5, 7, 4, 4, 11, 11, 3, 3, 5, 5, 11, 11, 13, 8, 8, 5, 5]
y_dimensions = [4, 17, 21, 18, 6, 12, 3, 18, 5, 7, 3, 18, 6, 5, 7, 4, 17, 21, 18, 4, 14, 14, 7, 21, 4, 14, 14, 7]
minimum_height = 112
----------
x_coordinates = [13, 27, 17, 12, 0, 10, 6, 22, 3, 7, 2, 0, 5, 26, 22, 5, 5, 16, 19, 25, 0, 5, 19, 17, 22, 5, 0, 0]
y_coordinates = [53, 94, 90, 93, 105, 99, 108, 93, 106, 101, 103, 85, 93, 89, 86, 89, 72, 69, 72, 82, 71, 58, 65, 44, 78, 44, 57, 50]
x_dimensions = [3, 3, 5, 5, 2, 2, 4, 4, 3, 3, 5, 5, 7, 4, 4, 11, 11, 3, 3, 5, 5, 11, 11, 13, 8, 8, 5, 5]
y_dimensions = [4, 17, 21, 18, 6, 12, 3, 18, 5, 7, 3, 18, 6, 5, 7, 4, 17, 21, 18, 4, 14, 14, 7, 21, 4, 14, 14, 7]
minimum_height = 111
----------
x_coordinates = [2, 11, 25, 24, 3, 12, 2, 20, 27, 6, 8, 23, 18, 5, 5, 14, 1, 23, 19, 1, 5, 9, 19, 10, 1, 21, 20, 12]
y_coordinates = [52, 52, 89, 52, 66, 84, 99, 52, 84, 99, 74, 34, 85, 48, 67, 91, 79, 13, 33, 102, 53, 96, 4, 11, 106, 70, 95, 77]
x_dimensions = [3, 3, 5, 5, 2, 2, 4, 4, 3, 3, 5, 5, 7, 4, 4, 11, 11, 3, 3, 5, 5, 11, 11, 13, 8, 8, 5, 5]
y_dimensions = [4, 17, 21, 18, 6, 12, 3, 18, 5, 7, 3, 18, 6, 5, 7, 4, 17, 21, 18, 4, 14, 14, 7, 21, 4, 14, 14, 7]
minimum_height = 110
----------
x_coordinates = [9, 27, 5, 16, 19, 17, 4, 26, 24, 14, 14, 21, 20, 12, 1, 16, 19, 23, 1, 9, 6, 11, 19, 9, 3, 22, 10, 15]
y_coordinates = [52, 75, 83, 52, 46, 91, 106, 41, 81, 102, 19, 43, 86, 60, 83, 10, 92, 21, 91, 105, 64, 70, 14, 22, 79, 61, 88, 84]
x_dimensions = [3, 3, 5, 5, 2, 2, 4, 4, 3, 3, 5, 5, 7, 4, 4, 11, 11, 3, 3, 5, 5, 11, 11, 13, 8, 8, 5, 5]
y_dimensions = [4, 17, 21, 18, 6, 12, 3, 18, 5, 7, 3, 18, 6, 5, 7, 4, 17, 21, 18, 4, 14, 14, 7, 21, 4, 14, 14, 7]
minimum_height = 109
----------
x_coordinates = [13, 8, 20, 25, 28, 28, 8, 7, 27, 1, 1, 10, 21, 12, 4, 16, 6, 27, 17, 16, 11, 11, 14, 15, 0, 17, 22, 1]
y_coordinates = [16, 88, 53, 69, 42, 93, 105, 52, 87, 101, 84, 34, 102, 103, 101, 49, 71, 48, 56, 104, 56, 88, 20, 27, 97, 74, 88, 87]
x_dimensions = [3, 3, 5, 5, 2, 2, 4, 4, 3, 3, 5, 5, 7, 4, 4, 11, 11, 3, 3, 5, 5, 11, 11, 13, 8, 8, 5, 5]
y_dimensions = [4, 17, 21, 18, 6, 12, 3, 18, 5, 7, 3, 18, 6, 5, 7, 4, 17, 21, 18, 4, 14, 14, 7, 21, 4, 14, 14, 7]
minimum_height = 108
----------
x_coordinates = [9, 11, 10, 25, 4, 24, 7, 6, 3, 0, 1, 3, 23, 2, 25, 16, 15, 22, 26, 1, 5, 14, 16, 17, 10, 9, 6, 25]
y_coordinates = [23, 90, 55, 26, 43, 5, 104, 43, 98, 96, 92, 65, 87, 4, 100, 62, 45, 24, 44, 103, 9, 93, 17, 66, 41, 76, 90, 93]
x_dimensions = [3, 3, 5, 5, 2, 2, 4, 4, 3, 3, 5, 5, 7, 4, 4, 11, 11, 3, 3, 5, 5, 11, 11, 13, 8, 8, 5, 5]
y_dimensions = [4, 17, 21, 18, 6, 12, 3, 18, 5, 7, 3, 18, 6, 5, 7, 4, 17, 21, 18, 4, 14, 14, 7, 21, 4, 14, 14, 7]
minimum_height = 107
----------
x_coordinates = [12, 7, 3, 25, 28, 18, 22, 11, 7, 0, 0, 5, 23, 1, 19, 8, 8, 18, 15, 22, 9, 19, 14, 17, 22, 18, 3, 22]
y_coordinates = [10, 13, 70, 3, 68, 2, 71, 53, 8, 99, 62, 52, 100, 65, 99, 102, 85, 56, 64, 67, 71, 78, 14, 35, 74, 21, 91, 92]
x_dimensions = [3, 3, 5, 5, 2, 2, 4, 4, 3, 3, 5, 5, 7, 4, 4, 11, 11, 3, 3, 5, 5, 11, 11, 13, 8, 8, 5, 5]
y_dimensions = [4, 17, 21, 18, 6, 12, 3, 18, 5, 7, 3, 18, 6, 5, 7, 4, 17, 21, 18, 4, 14, 14, 7, 21, 4, 14, 14, 7]
minimum_height = 106
----------
x_coordinates = [9, 9, 5, 24, 28, 21, 22, 15, 4, 13, 16, 18, 22, 15, 10, 14, 11, 24, 27, 18, 25, 0, 18, 2, 22, 19, 0, 23]
y_coordinates = [6, 25, 70, 15, 99, 71, 33, 56, 40, 74, 79, 37, 87, 24, 81, 83, 88, 36, 54, 29, 73, 91, 8, 49, 94, 57, 77, 98]
x_dimensions = [3, 3, 5, 5, 2, 2, 4, 4, 3, 3, 5, 5, 7, 4, 4, 11, 11, 3, 3, 5, 5, 11, 11, 13, 8, 8, 5, 5]
y_dimensions = [4, 17, 21, 18, 6, 12, 3, 18, 5, 7, 3, 18, 6, 5, 7, 4, 17, 21, 18, 4, 14, 14, 7, 21, 4, 14, 14, 7]
minimum_height = 105
----------
x_coordinates = [13, 12, 25, 11, 10, 18, 10, 24, 15, 1, 2, 5, 9, 1, 0, 9, 11, 24, 21, 5, 20, 0, 15, 17, 22, 15, 4, 24]
y_coordinates = [32, 57, 71, 14, 68, 71, 74, 11, 72, 75, 49, 54, 77, 70, 82, 83, 87, 29, 18, 72, 73, 90, 4, 50, 93, 36, 76, 97]
x_dimensions = [3, 3, 5, 5, 2, 2, 4, 4, 3, 3, 5, 5, 7, 4, 4, 11, 11, 3, 3, 5, 5, 11, 11, 13, 8, 8, 5, 5]
y_dimensions = [4, 17, 21, 18, 6, 12, 3, 18, 5, 7, 3, 18, 6, 5, 7, 4, 17, 21, 18, 4, 14, 14, 7, 21, 4, 14, 14, 7]
minimum_height = 104
----------
x_coordinates = [10, 14, 25, 13, 25, 23, 24, 13, 26, 11, 7, 8, 13, 5, 9, 19, 12, 27, 19, 25, 22, 0, 1, 17, 17, 17, 20, 24]
y_coordinates = [17, 69, 75, 16, 32, 84, 14, 37, 66, 78, 100, 50, 63, 74, 68, 59, 86, 17, 20, 9, 18, 79, 93, 38, 80, 0, 66, 96]
x_dimensions = [3, 3, 5, 5, 2, 2, 4, 4, 3, 3, 5, 5, 7, 4, 4, 11, 11, 3, 3, 5, 5, 11, 11, 13, 8, 8, 5, 5]
y_dimensions = [4, 17, 21, 18, 6, 12, 3, 18, 5, 7, 3, 18, 6, 5, 7, 4, 17, 21, 18, 4, 14, 14, 7, 21, 4, 14, 14, 7]
minimum_height = 103
----------
x_coordinates = [13, 21, 0, 22, 2, 23, 26, 18, 13, 9, 16, 17, 14, 17, 10, 19, 13, 25, 27, 25, 24, 14, 15, 4, 6, 4, 5, 25]
y_coordinates = [30, 71, 76, 45, 59, 33, 70, 46, 72, 75, 74, 28, 82, 77, 87, 0, 11, 24, 52, 91, 74, 88, 64, 39, 96, 61, 82, 95]
x_dimensions = [3, 3, 5, 5, 2, 2, 4, 4, 3, 3, 5, 5, 7, 4, 4, 11, 11, 3, 3, 5, 5, 11, 11, 13, 8, 8, 5, 5]
y_dimensions = [4, 17, 21, 18, 6, 12, 3, 18, 5, 7, 3, 18, 6, 5, 7, 4, 17, 21, 18, 4, 14, 14, 7, 21, 4, 14, 14, 7]
minimum_height = 102
----------
x_coordinates = [9, 26, 24, 25, 26, 3, 23, 21, 27, 11, 10, 16, 14, 20, 24, 4, 19, 0, 0, 5, 5, 15, 14, 3, 14, 3, 10, 21]
y_coordinates = [30, 79, 33, 61, 55, 78, 98, 54, 96, 76, 97, 54, 25, 49, 19, 60, 2, 78, 59, 97, 83, 84, 72, 39, 79, 64, 83, 26]
x_dimensions = [3, 3, 5, 5, 2, 2, 4, 4, 3, 3, 5, 5, 7, 4, 4, 11, 11, 3, 3, 5, 5, 11, 11, 13, 8, 8, 5, 5]
y_dimensions = [4, 17, 21, 18, 6, 12, 3, 18, 5, 7, 3, 18, 6, 5, 7, 4, 17, 21, 18, 4, 14, 14, 7, 21, 4, 14, 14, 7]
minimum_height = 101
----------
x_coordinates = [12, 27, 9, 0, 4, 26, 1, 5, 13, 13, 12, 21, 15, 26, 11, 5, 14, 5, 4, 14, 0, 16, 15, 6, 12, 4, 8, 19]
y_coordinates = [31, 82, 0, 65, 50, 70, 97, 56, 95, 88, 22, 55, 29, 53, 79, 74, 5, 79, 3, 1, 83, 85, 78, 35, 25, 21, 86, 47]
x_dimensions = [3, 3, 5, 5, 2, 2, 4, 4, 3, 3, 5, 5, 7, 4, 4, 11, 11, 3, 3, 5, 5, 11, 11, 13, 8, 8, 5, 5]
y_dimensions = [4, 17, 21, 18, 6, 12, 3, 18, 5, 7, 3, 18, 6, 5, 7, 4, 17, 21, 18, 4, 14, 14, 7, 21, 4, 14, 14, 7]
minimum_height = 100
----------
x_coordinates = [11, 27, 5, 1, 28, 17, 10, 24, 26, 14, 12, 2, 15, 13, 6, 13, 18, 10, 7, 6, 12, 16, 19, 10, 9, 5, 11, 23]
y_coordinates = [1, 82, 1, 74, 69, 73, 19, 57, 18, 78, 36, 56, 19, 73, 81, 69, 25, 64, 63, 95, 5, 85, 75, 43, 39, 22, 85, 42]
x_dimensions = [3, 3, 5, 5, 2, 2, 4, 4, 3, 3, 5, 5, 7, 4, 4, 11, 11, 3, 3, 5, 5, 11, 11, 13, 8, 8, 5, 5]
y_dimensions = [4, 17, 21, 18, 6, 12, 3, 18, 5, 7, 3, 18, 6, 5, 7, 4, 17, 21, 18, 4, 14, 14, 7, 21, 4, 14, 14, 7]
minimum_height = 99
----------
x_coordinates = [0, 27, 8, 4, 9, 17, 11, 19, 26, 23, 15, 16, 1, 23, 14, 9, 13, 1, 22, 7, 3, 18, 16, 4, 6, 20, 11, 23]
y_coordinates = [45, 81, 34, 80, 90, 79, 80, 73, 76, 79, 26, 34, 49, 86, 52, 30, 2, 71, 33, 25, 32, 58, 91, 59, 55, 19, 84, 51]
x_dimensions = [3, 3, 5, 5, 2, 2, 4, 4, 3, 3, 5, 5, 7, 4, 4, 11, 11, 3, 3, 5, 5, 11, 11, 13, 8, 8, 5, 5]
y_dimensions = [4, 17, 21, 18, 6, 12, 3, 18, 5, 7, 3, 18, 6, 5, 7, 4, 17, 21, 18, 4, 14, 14, 7, 21, 4, 14, 14, 7]
minimum_height = 98
----------
x_coordinates = [13, 27, 0, 5, 22, 28, 14, 25, 15, 25, 12, 17, 18, 24, 10, 5, 13, 0, 23, 0, 16, 3, 19, 17, 14, 22, 12, 14]
y_coordinates = [41, 40, 38, 63, 91, 85, 85, 7, 88, 85, 34, 20, 85, 92, 58, 37, 3, 76, 39, 63, 38, 83, 57, 64, 93, 25, 66, 57]
x_dimensions = [3, 3, 5, 5, 2, 2, 4, 4, 3, 3, 5, 5, 7, 4, 4, 11, 11, 3, 3, 5, 5, 11, 11, 13, 8, 8, 5, 5]
y_dimensions = [4, 17, 21, 18, 6, 12, 3, 18, 5, 7, 3, 18, 6, 5, 7, 4, 17, 21, 18, 4, 14, 14, 7, 21, 4, 14, 14, 7]
minimum_height = 97
----------
x_coordinates = [12, 27, 22, 6, 25, 28, 24, 26, 23, 25, 16, 12, 19, 24, 2, 5, 8, 0, 27, 10, 17, 19, 18, 11, 19, 3, 17, 11]
y_coordinates = [5, 26, 40, 74, 29, 83, 81, 7, 35, 84, 58, 38, 19, 91, 89, 56, 13, 66, 43, 34, 44, 61, 0, 75, 25, 60, 30, 60]
x_dimensions = [3, 3, 5, 5, 2, 2, 4, 4, 3, 3, 5, 5, 7, 4, 4, 11, 11, 3, 3, 5, 5, 11, 11, 13, 8, 8, 5, 5]
y_dimensions = [4, 17, 21, 18, 6, 12, 3, 18, 5, 7, 3, 18, 6, 5, 7, 4, 17, 21, 18, 4, 14, 14, 7, 21, 4, 14, 14, 7]
minimum_height = 96
----------
x_coordinates = [13, 27, 17, 12, 0, 10, 6, 22, 3, 7, 2, 0, 5, 26, 22, 5, 5, 16, 19, 25, 0, 19, 5, 0, 22, 22, 14, 17]
y_coordinates = [45, 78, 74, 77, 89, 83, 92, 77, 90, 85, 87, 69, 77, 73, 70, 73, 56, 53, 56, 66, 55, 42, 49, 28, 62, 28, 31, 24]
x_dimensions = [3, 3, 5, 5, 2, 2, 4, 4, 3, 3, 5, 5, 7, 4, 4, 11, 11, 3, 3, 5, 5, 11, 11, 13, 8, 8, 5, 5]
y_dimensions = [4, 17, 21, 18, 6, 12, 3, 18, 5, 7, 3, 18, 6, 5, 7, 4, 17, 21, 18, 4, 14, 14, 7, 21, 4, 14, 14, 7]
minimum_height = 95
----------
x_coordinates = [11, 1, 24, 25, 0, 28, 1, 23, 0, 2, 7, 25, 14, 12, 26, 14, 3, 21, 14, 21, 20, 1, 18, 10, 16, 17, 13, 9]
y_coordinates = [35, 9, 54, 75, 88, 24, 83, 17, 74, 87, 57, 36, 70, 53, 10, 49, 60, 57, 76, 10, 35, 43, 3, 14, 53, 78, 0, 77]
x_dimensions = [3, 3, 5, 5, 2, 2, 4, 4, 3, 3, 5, 5, 7, 4, 4, 11, 11, 3, 3, 5, 5, 11, 11, 13, 8, 8, 5, 5]
y_dimensions = [4, 17, 21, 18, 6, 12, 3, 18, 5, 7, 3, 18, 6, 5, 7, 4, 17, 21, 18, 4, 14, 14, 7, 21, 4, 14, 14, 7]
minimum_height = 94
----------
x_coordinates = [13, 27, 16, 21, 14, 4, 7, 0, 11, 6, 9, 11, 4, 26, 22, 0, 0, 16, 19, 25, 11, 19, 0, 0, 22, 22, 14, 17]
y_coordinates = [44, 76, 72, 75, 87, 81, 90, 75, 88, 83, 85, 67, 75, 71, 68, 71, 54, 51, 54, 64, 53, 40, 47, 26, 60, 26, 30, 23]
x_dimensions = [3, 3, 5, 5, 2, 2, 4, 4, 3, 3, 5, 5, 7, 4, 4, 11, 11, 3, 3, 5, 5, 11, 11, 13, 8, 8, 5, 5]
y_dimensions = [4, 17, 21, 18, 6, 12, 3, 18, 5, 7, 3, 18, 6, 5, 7, 4, 17, 21, 18, 4, 14, 14, 7, 21, 4, 14, 14, 7]
minimum_height = 93
----------
x_coordinates = [10, 9, 25, 2, 11, 28, 8, 0, 12, 8, 17, 22, 14, 21, 26, 11, 15, 27, 19, 7, 22, 1, 6, 12, 4, 22, 12, 7]
y_coordinates = [28, 32, 71, 74, 86, 38, 82, 48, 11, 85, 62, 33, 86, 87, 26, 50, 15, 50, 32, 78, 51, 14, 57, 65, 64, 1, 32, 70]
x_dimensions = [3, 3, 5, 5, 2, 2, 4, 4, 3, 3, 5, 5, 7, 4, 4, 11, 11, 3, 3, 5, 5, 11, 11, 13, 8, 8, 5, 5]
y_dimensions = [4, 17, 21, 18, 6, 12, 3, 18, 5, 7, 3, 18, 6, 5, 7, 4, 17, 21, 18, 4, 14, 14, 7, 21, 4, 14, 14, 7]
minimum_height = 92
----------
x_coordinates = [10, 9, 6, 1, 5, 28, 11, 2, 10, 27, 16, 23, 17, 13, 26, 13, 16, 24, 13, 5, 25, 2, 19, 12, 17, 4, 14, 11]
y_coordinates = [0, 4, 70, 73, 35, 71, 88, 55, 36, 84, 20, 7, 76, 72, 42, 68, 25, 70, 25, 0, 56, 21, 0, 43, 64, 41, 3, 81]
x_dimensions = [3, 3, 5, 5, 2, 2, 4, 4, 3, 3, 5, 5, 7, 4, 4, 11, 11, 3, 3, 5, 5, 11, 11, 13, 8, 8, 5, 5]
y_dimensions = [4, 17, 21, 18, 6, 12, 3, 18, 5, 7, 3, 18, 6, 5, 7, 4, 17, 21, 18, 4, 14, 14, 7, 21, 4, 14, 14, 7]
minimum_height = 91
----------
x_coordinates = [9, 0, 22, 8, 10, 28, 23, 26, 19, 27, 21, 1, 14, 21, 7, 15, 11, 27, 21, 3, 25, 0, 0, 15, 11, 13, 16, 23]
y_coordinates = [14, 33, 68, 38, 56, 7, 5, 36, 85, 0, 2, 51, 47, 44, 62, 40, 67, 68, 49, 35, 54, 76, 69, 15, 86, 53, 1, 8]
x_dimensions = [3, 3, 5, 5, 2, 2, 4, 4, 3, 3, 5, 5, 7, 4, 4, 11, 11, 3, 3, 5, 5, 11, 11, 13, 8, 8, 5, 5]
y_dimensions = [4, 17, 21, 18, 6, 12, 3, 18, 5, 7, 3, 18, 6, 5, 7, 4, 17, 21, 18, 4, 14, 14, 7, 21, 4, 14, 14, 7]
minimum_height = 90
----------
x_coordinates = [13, 27, 16, 21, 14, 4, 7, 0, 11, 6, 9, 11, 4, 26, 22, 0, 0, 16, 19, 25, 11, 19, 0, 0, 22, 22, 14, 17]
y_coordinates = [42, 72, 68, 71, 83, 77, 86, 71, 84, 79, 81, 63, 71, 67, 64, 67, 50, 47, 50, 60, 49, 36, 43, 22, 56, 22, 28, 21]
x_dimensions = [3, 3, 5, 5, 2, 2, 4, 4, 3, 3, 5, 5, 7, 4, 4, 11, 11, 3, 3, 5, 5, 11, 11, 13, 8, 8, 5, 5]
y_dimensions = [4, 17, 21, 18, 6, 12, 3, 18, 5, 7, 3, 18, 6, 5, 7, 4, 17, 21, 18, 4, 14, 14, 7, 21, 4, 14, 14, 7]
minimum_height = 89
----------
x_coordinates = [13, 27, 18, 13, 9, 11, 1, 5, 27, 24, 0, 0, 23, 9, 23, 5, 16, 27, 13, 8, 0, 16, 2, 0, 5, 19, 14, 8]
y_coordinates = [42, 35, 67, 70, 82, 76, 85, 70, 83, 81, 82, 64, 75, 71, 68, 66, 50, 54, 48, 62, 50, 36, 43, 22, 58, 22, 22, 51]
x_dimensions = [3, 3, 5, 5, 2, 2, 4, 4, 3, 3, 5, 5, 7, 4, 4, 11, 11, 3, 3, 5, 5, 11, 11, 13, 8, 8, 5, 5]
y_dimensions = [4, 17, 21, 18, 6, 12, 3, 18, 5, 7, 3, 18, 6, 5, 7, 4, 17, 21, 18, 4, 14, 14, 7, 21, 4, 14, 14, 7]
minimum_height = 88
----------
x_coordinates = [3, 27, 5, 11, 3, 28, 26, 2, 27, 27, 12, 0, 5, 26, 26, 14, 15, 25, 6, 24, 21, 9, 16, 12, 16, 17, 10, 25]
y_coordinates = [41, 46, 66, 42, 81, 13, 74, 23, 77, 25, 62, 62, 60, 82, 32, 65, 70, 3, 39, 39, 24, 26, 44, 3, 40, 51, 69, 63]
x_dimensions = [3, 3, 5, 5, 2, 2, 4, 4, 3, 3, 5, 5, 7, 4, 4, 11, 11, 3, 3, 5, 5, 11, 11, 13, 8, 8, 5, 5]
y_dimensions = [4, 17, 21, 18, 6, 12, 3, 18, 5, 7, 3, 18, 6, 5, 7, 4, 17, 21, 18, 4, 14, 14, 7, 21, 4, 14, 14, 7]
minimum_height = 87
----------
x_coordinates = [13, 27, 18, 13, 9, 11, 1, 5, 27, 24, 0, 0, 23, 9, 23, 5, 16, 27, 13, 8, 0, 16, 2, 3, 5, 22, 17, 8]
y_coordinates = [41, 34, 65, 68, 80, 74, 83, 68, 81, 79, 80, 62, 73, 69, 66, 64, 48, 52, 46, 60, 48, 34, 41, 20, 56, 20, 20, 49]
x_dimensions = [3, 3, 5, 5, 2, 2, 4, 4, 3, 3, 5, 5, 7, 4, 4, 11, 11, 3, 3, 5, 5, 11, 11, 13, 8, 8, 5, 5]
y_dimensions = [4, 17, 21, 18, 6, 12, 3, 18, 5, 7, 3, 18, 6, 5, 7, 4, 17, 21, 18, 4, 14, 14, 7, 21, 4, 14, 14, 7]
minimum_height = 86
----------
x_coordinates = [12, 19, 7, 25, 17, 28, 26, 26, 17, 27, 20, 16, 15, 17, 24, 7, 0, 21, 22, 11, 12, 8, 4, 16, 22, 0, 2, 20]
y_coordinates = [26, 68, 26, 60, 33, 48, 78, 23, 28, 41, 29, 44, 62, 39, 53, 22, 47, 40, 61, 58, 30, 71, 64, 1, 81, 71, 31, 32]
x_dimensions = [3, 3, 5, 5, 2, 2, 4, 4, 3, 3, 5, 5, 7, 4, 4, 11, 11, 3, 3, 5, 5, 11, 11, 13, 8, 8, 5, 5]
y_dimensions = [4, 17, 21, 18, 6, 12, 3, 18, 5, 7, 3, 18, 6, 5, 7, 4, 17, 21, 18, 4, 14, 14, 7, 21, 4, 14, 14, 7]
minimum_height = 85
----------
x_coordinates = [4, 22, 21, 25, 8, 28, 25, 26, 8, 27, 17, 17, 10, 25, 2, 0, 11, 23, 22, 6, 7, 6, 11, 3, 5, 0, 16, 1]
y_coordinates = [27, 67, 7, 55, 72, 17, 81, 37, 79, 29, 74, 56, 71, 76, 55, 48, 39, 28, 49, 52, 25, 56, 77, 4, 0, 70, 24, 63]
x_dimensions = [3, 3, 5, 5, 2, 2, 4, 4, 3, 3, 5, 5, 7, 4, 4, 11, 11, 3, 3, 5, 5, 11, 11, 13, 8, 8, 5, 5]
y_dimensions = [4, 17, 21, 18, 6, 12, 3, 18, 5, 7, 3, 18, 6, 5, 7, 4, 17, 21, 18, 4, 14, 14, 7, 21, 4, 14, 14, 7]
minimum_height = 84
----------
x_coordinates = [9, 27, 8, 3, 1, 25, 26, 3, 0, 27, 24, 25, 20, 2, 16, 16, 19, 13, 0, 14, 7, 8, 6, 12, 11, 17, 2, 25]
y_coordinates = [22, 49, 48, 64, 15, 19, 6, 15, 78, 24, 16, 31, 60, 10, 58, 54, 66, 44, 48, 65, 26, 69, 8, 19, 40, 2, 34, 9]
x_dimensions = [3, 3, 5, 5, 2, 2, 4, 4, 3, 3, 5, 5, 7, 4, 4, 11, 11, 3, 3, 5, 5, 11, 11, 13, 8, 8, 5, 5]
y_dimensions = [4, 17, 21, 18, 6, 12, 3, 18, 5, 7, 3, 18, 6, 5, 7, 4, 17, 21, 18, 4, 14, 14, 7, 21, 4, 14, 14, 7]
minimum_height = 83
----------
x_coordinates = [10, 22, 14, 1, 21, 28, 25, 26, 19, 25, 5, 25, 13, 17, 26, 17, 0, 23, 11, 6, 20, 11, 19, 0, 13, 21, 13, 6]
y_coordinates = [38, 4, 61, 64, 36, 2, 14, 24, 77, 7, 40, 64, 14, 36, 17, 0, 13, 21, 64, 76, 63, 20, 56, 43, 41, 42, 47, 69]
x_dimensions = [3, 3, 5, 5, 2, 2, 4, 4, 3, 3, 5, 5, 7, 4, 4, 11, 11, 3, 3, 5, 5, 11, 11, 13, 8, 8, 5, 5]
y_dimensions = [4, 17, 21, 18, 6, 12, 3, 18, 5, 7, 3, 18, 6, 5, 7, 4, 17, 21, 18, 4, 14, 14, 7, 21, 4, 14, 14, 7]
minimum_height = 82
----------
x_coordinates = [11, 22, 10, 3, 28, 8, 26, 26, 12, 15, 25, 25, 23, 14, 15, 14, 0, 22, 6, 15, 18, 3, 19, 9, 18, 20, 1, 3]
y_coordinates = [17, 18, 55, 54, 64, 69, 78, 20, 76, 74, 17, 38, 11, 16, 67, 0, 16, 35, 34, 63, 4, 2, 70, 34, 77, 56, 40, 73]
x_dimensions = [3, 3, 5, 5, 2, 2, 4, 4, 3, 3, 5, 5, 7, 4, 4, 11, 11, 3, 3, 5, 5, 11, 11, 13, 8, 8, 5, 5]
y_dimensions = [4, 17, 21, 18, 6, 12, 3, 18, 5, 7, 3, 18, 6, 5, 7, 4, 17, 21, 18, 4, 14, 14, 7, 21, 4, 14, 14, 7]
minimum_height = 81
----------
x_coordinates = [13, 27, 13, 8, 21, 19, 26, 26, 20, 16, 17, 25, 19, 23, 0, 2, 2, 23, 5, 13, 14, 7, 19, 1, 19, 22, 2, 20]
y_coordinates = [19, 24, 59, 58, 20, 20, 21, 3, 12, 16, 40, 62, 4, 31, 58, 76, 5, 10, 58, 9, 45, 23, 55, 37, 36, 41, 22, 64]
x_dimensions = [3, 3, 5, 5, 2, 2, 4, 4, 3, 3, 5, 5, 7, 4, 4, 11, 11, 3, 3, 5, 5, 11, 11, 13, 8, 8, 5, 5]
y_dimensions = [4, 17, 21, 18, 6, 12, 3, 18, 5, 7, 3, 18, 6, 5, 7, 4, 17, 21, 18, 4, 14, 14, 7, 21, 4, 14, 14, 7]
minimum_height = 80
----------
x_coordinates = [10, 1, 0, 14, 19, 28, 18, 21, 19, 19, 17, 6, 21, 1, 13, 16, 2, 27, 18, 0, 11, 17, 16, 5, 22, 22, 25, 4]
y_coordinates = [36, 31, 58, 5, 43, 26, 40, 47, 11, 16, 23, 61, 5, 48, 25, 68, 10, 58, 50, 54, 64, 26, 72, 40, 40, 12, 44, 31]
x_dimensions = [3, 3, 5, 5, 2, 2, 4, 4, 3, 3, 5, 5, 7, 4, 4, 11, 11, 3, 3, 5, 5, 11, 11, 13, 8, 8, 5, 5]
y_dimensions = [4, 17, 21, 18, 6, 12, 3, 18, 5, 7, 3, 18, 6, 5, 7, 4, 17, 21, 18, 4, 14, 14, 7, 21, 4, 14, 14, 7]
minimum_height = 79
----------
x_coordinates = [10, 20, 25, 2, 28, 10, 0, 24, 11, 0, 25, 11, 23, 23, 21, 15, 3, 21, 4, 20, 16, 19, 0, 7, 22, 2, 14, 18]
y_coordinates = [18, 29, 57, 34, 51, 27, 56, 39, 22, 6, 29, 60, 33, 2, 67, 11, 1, 46, 53, 74, 60, 15, 71, 39, 7, 20, 17, 0]
x_dimensions = [3, 3, 5, 5, 2, 2, 4, 4, 3, 3, 5, 5, 7, 4, 4, 11, 11, 3, 3, 5, 5, 11, 11, 13, 8, 8, 5, 5]
y_dimensions = [4, 17, 21, 18, 6, 12, 3, 18, 5, 7, 3, 18, 6, 5, 7, 4, 17, 21, 18, 4, 14, 14, 7, 21, 4, 14, 14, 7]
minimum_height = 78
----------
x_coordinates = [10, 27, 25, 21, 2, 11, 4, 26, 15, 5, 6, 4, 23, 26, 22, 16, 1, 22, 5, 17, 0, 16, 12, 8, 20, 14, 11, 6]
y_coordinates = [36, 21, 56, 37, 53, 64, 51, 38, 37, 42, 74, 24, 9, 4, 0, 19, 0, 55, 54, 4, 62, 23, 8, 42, 15, 63, 22, 17]
x_dimensions = [3, 3, 5, 5, 2, 2, 4, 4, 3, 3, 5, 5, 7, 4, 4, 11, 11, 3, 3, 5, 5, 11, 11, 13, 8, 8, 5, 5]
y_dimensions = [4, 17, 21, 18, 6, 12, 3, 18, 5, 7, 3, 18, 6, 5, 7, 4, 17, 21, 18, 4, 14, 14, 7, 21, 4, 14, 14, 7]
minimum_height = 77
----------
x_coordinates = [10, 19, 25, 21, 19, 11, 15, 26, 13, 13, 13, 13, 23, 26, 22, 16, 0, 27, 3, 18, 8, 16, 6, 1, 19, 17, 14, 11]
y_coordinates = [31, 5, 15, 58, 70, 35, 73, 58, 34, 40, 19, 1, 2, 10, 8, 50, 38, 37, 18, 1, 9, 36, 24, 55, 54, 22, 54, 47]
x_dimensions = [3, 3, 5, 5, 2, 2, 4, 4, 3, 3, 5, 5, 7, 4, 4, 11, 11, 3, 3, 5, 5, 11, 11, 13, 8, 8, 5, 5]
y_dimensions = [4, 17, 21, 18, 6, 12, 3, 18, 5, 7, 3, 18, 6, 5, 7, 4, 17, 21, 18, 4, 14, 14, 7, 21, 4, 14, 14, 7]
minimum_height = 76
----------
x_coordinates = [13, 13, 24, 18, 28, 13, 3, 23, 15, 2, 8, 13, 18, 20, 16, 8, 1, 27, 5, 25, 0, 19, 17, 0, 19, 16, 12, 7]
y_coordinates = [35, 58, 54, 16, 7, 46, 72, 16, 46, 26, 32, 17, 48, 56, 54, 42, 9, 13, 29, 50, 33, 34, 5, 47, 12, 61, 3, 68]
x_dimensions = [3, 3, 5, 5, 2, 2, 4, 4, 3, 3, 5, 5, 7, 4, 4, 11, 11, 3, 3, 5, 5, 11, 11, 13, 8, 8, 5, 5]
y_dimensions = [4, 17, 21, 18, 6, 12, 3, 18, 5, 7, 3, 18, 6, 5, 7, 4, 17, 21, 18, 4, 14, 14, 7, 21, 4, 14, 14, 7]
minimum_height = 75
----------
x_coordinates = [10, 13, 25, 23, 16, 13, 8, 26, 21, 6, 13, 3, 21, 18, 22, 19, 0, 11, 0, 16, 8, 14, 0, 9, 22, 18, 4, 16]
y_coordinates = [23, 54, 32, 4, 52, 21, 70, 53, 32, 3, 71, 51, 26, 52, 53, 22, 34, 33, 56, 26, 56, 38, 27, 0, 0, 60, 13, 31]
x_dimensions = [3, 3, 5, 5, 2, 2, 4, 4, 3, 3, 5, 5, 7, 4, 4, 11, 11, 3, 3, 5, 5, 11, 11, 13, 8, 8, 5, 5]
y_dimensions = [4, 17, 21, 18, 6, 12, 3, 18, 5, 7, 3, 18, 6, 5, 7, 4, 17, 21, 18, 4, 14, 14, 7, 21, 4, 14, 14, 7]
minimum_height = 74
----------
x_coordinates = [13, 20, 5, 10, 28, 15, 23, 26, 23, 23, 22, 17, 2, 26, 23, 15, 9, 27, 2, 23, 0, 16, 15, 0, 14, 22, 11, 4]
y_coordinates = [12, 56, 34, 23, 0, 30, 57, 6, 67, 13, 24, 24, 55, 68, 60, 20, 56, 41, 23, 1, 41, 42, 5, 2, 16, 27, 42, 66]
x_dimensions = [3, 3, 5, 5, 2, 2, 4, 4, 3, 3, 5, 5, 7, 4, 4, 11, 11, 3, 3, 5, 5, 11, 11, 13, 8, 8, 5, 5]
y_dimensions = [4, 17, 21, 18, 6, 12, 3, 18, 5, 7, 3, 18, 6, 5, 7, 4, 17, 21, 18, 4, 14, 14, 7, 21, 4, 14, 14, 7]
minimum_height = 73
----------
x_coordinates = [12, 22, 6, 14, 28, 20, 8, 16, 25, 8, 1, 22, 7, 21, 5, 11, 11, 3, 27, 0, 1, 19, 11, 2, 21, 22, 25, 15]
y_coordinates = [1, 23, 35, 54, 19, 2, 0, 8, 20, 28, 48, 40, 56, 18, 65, 50, 26, 27, 39, 68, 51, 58, 43, 5, 14, 0, 25, 1]
x_dimensions = [3, 3, 5, 5, 2, 2, 4, 4, 3, 3, 5, 5, 7, 4, 4, 11, 11, 3, 3, 5, 5, 11, 11, 13, 8, 8, 5, 5]
y_dimensions = [4, 17, 21, 18, 6, 12, 3, 18, 5, 7, 3, 18, 6, 5, 7, 4, 17, 21, 18, 4, 14, 14, 7, 21, 4, 14, 14, 7]
minimum_height = 72
----------
x_coordinates = [13, 27, 7, 22, 28, 28, 14, 18, 27, 11, 17, 25, 7, 26, 3, 14, 14, 14, 0, 9, 2, 17, 3, 0, 22, 18, 12, 13]
y_coordinates = [22, 36, 31, 32, 0, 6, 26, 28, 23, 3, 46, 53, 60, 18, 64, 67, 50, 1, 51, 66, 37, 0, 52, 10, 28, 14, 36, 29]
x_dimensions = [3, 3, 5, 5, 2, 2, 4, 4, 3, 3, 5, 5, 7, 4, 4, 11, 11, 3, 3, 5, 5, 11, 11, 13, 8, 8, 5, 5]
y_dimensions = [4, 17, 21, 18, 6, 12, 3, 18, 5, 7, 3, 18, 6, 5, 7, 4, 17, 21, 18, 4, 14, 14, 7, 21, 4, 14, 14, 7]
minimum_height = 71
----------
x_coordinates = [13, 23, 8, 24, 13, 17, 26, 4, 27, 1, 18, 25, 7, 26, 19, 13, 13, 1, 15, 0, 13, 19, 4, 0, 17, 5, 18, 20]
y_coordinates = [27, 35, 36, 3, 49, 22, 47, 37, 42, 37, 35, 52, 64, 35, 38, 0, 4, 47, 48, 3, 34, 21, 57, 15, 66, 1, 45, 59]
x_dimensions = [3, 3, 5, 5, 2, 2, 4, 4, 3, 3, 5, 5, 7, 4, 4, 11, 11, 3, 3, 5, 5, 11, 11, 13, 8, 8, 5, 5]
y_dimensions = [4, 17, 21, 18, 6, 12, 3, 18, 5, 7, 3, 18, 6, 5, 7, 4, 17, 21, 18, 4, 14, 14, 7, 21, 4, 14, 14, 7]
minimum_height = 70
----------
x_coordinates = [13, 27, 16, 25, 14, 0, 23, 7, 24, 13, 22, 1, 14, 3, 26, 14, 14, 11, 21, 13, 24, 2, 11, 1, 22, 18, 6, 1]
y_coordinates = [30, 31, 35, 3, 43, 32, 62, 37, 43, 34, 39, 44, 56, 39, 22, 0, 4, 41, 43, 25, 48, 23, 62, 2, 65, 21, 55, 62]
x_dimensions = [3, 3, 5, 5, 2, 2, 4, 4, 3, 3, 5, 5, 7, 4, 4, 11, 11, 3, 3, 5, 5, 11, 11, 13, 8, 8, 5, 5]
y_dimensions = [4, 17, 21, 18, 6, 12, 3, 18, 5, 7, 3, 18, 6, 5, 7, 4, 17, 21, 18, 4, 14, 14, 7, 21, 4, 14, 14, 7]
minimum_height = 69
----------
x_coordinates = [4, 23, 0, 14, 22, 1, 10, 25, 17, 1, 18, 0, 7, 26, 26, 8, 19, 5, 8, 0, 19, 19, 3, 5, 11, 11, 18, 7]
y_coordinates = [15, 51, 47, 5, 0, 4, 21, 2, 0, 18, 65, 29, 15, 56, 61, 42, 34, 22, 24, 25, 6, 20, 8, 46, 38, 24, 51, 1]
x_dimensions = [3, 3, 5, 5, 2, 2, 4, 4, 3, 3, 5, 5, 7, 4, 4, 11, 11, 3, 3, 5, 5, 11, 11, 13, 8, 8, 5, 5]
y_dimensions = [4, 17, 21, 18, 6, 12, 3, 18, 5, 7, 3, 18, 6, 5, 7, 4, 17, 21, 18, 4, 14, 14, 7, 21, 4, 14, 14, 7]
minimum_height = 68
----------
x_coordinates = [11, 11, 6, 16, 17, 17, 8, 2, 19, 1, 7, 12, 11, 21, 21, 0, 19, 14, 0, 17, 2, 18, 17, 3, 4, 22, 25, 7]
y_coordinates = [24, 7, 7, 49, 38, 23, 43, 6, 40, 25, 33, 28, 1, 62, 55, 2, 22, 7, 48, 45, 32, 1, 15, 46, 28, 39, 53, 36]
x_dimensions = [3, 3, 5, 5, 2, 2, 4, 4, 3, 3, 5, 5, 7, 4, 4, 11, 11, 3, 3, 5, 5, 11, 11, 13, 8, 8, 5, 5]
y_dimensions = [4, 17, 21, 18, 6, 12, 3, 18, 5, 7, 3, 18, 6, 5, 7, 4, 17, 21, 18, 4, 14, 14, 7, 21, 4, 14, 14, 7]
minimum_height = 67
----------
x_coordinates = [5, 6, 12, 25, 3, 9, 8, 8, 3, 22, 18, 11, 1, 26, 25, 15, 3, 0, 0, 5, 14, 19, 5, 16, 0, 17, 0, 17]
y_coordinates = [17, 32, 0, 8, 31, 37, 0, 3, 44, 5, 2, 30, 3, 47, 1, 48, 49, 45, 27, 28, 52, 52, 21, 26, 9, 12, 13, 5]
x_dimensions = [3, 3, 5, 5, 2, 2, 4, 4, 3, 3, 5, 5, 7, 4, 4, 11, 11, 3, 3, 5, 5, 11, 11, 13, 8, 8, 5, 5]
y_dimensions = [4, 17, 21, 18, 6, 12, 3, 18, 5, 7, 3, 18, 6, 5, 7, 4, 17, 21, 18, 4, 14, 14, 7, 21, 4, 14, 14, 7]
minimum_height = 66
----------
x_coordinates = [5, 17, 24, 6, 8, 0, 26, 20, 3, 5, 14, 0, 10, 20, 2, 16, 19, 16, 0, 25, 12, 1, 19, 3, 8, 17, 11, 25]
y_coordinates = [19, 48, 44, 1, 19, 0, 11, 42, 0, 23, 3, 12, 20, 60, 5, 7, 25, 27, 33, 14, 51, 51, 0, 30, 26, 11, 6, 18]
x_dimensions = [3, 3, 5, 5, 2, 2, 4, 4, 3, 3, 5, 5, 7, 4, 4, 11, 11, 3, 3, 5, 5, 11, 11, 13, 8, 8, 5, 5]
y_dimensions = [4, 17, 21, 18, 6, 12, 3, 18, 5, 7, 3, 18, 6, 5, 7, 4, 17, 21, 18, 4, 14, 14, 7, 21, 4, 14, 14, 7]
minimum_height = 65
----------
x_coordinates = [2, 18, 25, 8, 2, 1, 5, 21, 5, 8, 0, 1, 11, 23, 1, 10, 19, 5, 27, 0, 13, 3, 19, 6, 13, 19, 14, 0]
y_coordinates = [27, 9, 0, 4, 21, 49, 0, 2, 24, 22, 7, 31, 23, 21, 10, 0, 40, 3, 21, 17, 9, 50, 57, 29, 4, 26, 50, 0]
x_dimensions = [3, 3, 5, 5, 2, 2, 4, 4, 3, 3, 5, 5, 7, 4, 4, 11, 11, 3, 3, 5, 5, 11, 11, 13, 8, 8, 5, 5]
y_dimensions = [4, 17, 21, 18, 6, 12, 3, 18, 5, 7, 3, 18, 6, 5, 7, 4, 17, 21, 18, 4, 14, 14, 7, 21, 4, 14, 14, 7]
minimum_height = 64
----------
x_coordinates = [13, 24, 17, 14, 11, 22, 13, 10, 21, 7, 11, 16, 0, 13, 26, 19, 0, 27, 13, 16, 21, 19, 6, 0, 2, 22, 0, 5]
y_coordinates = [29, 32, 20, 0, 54, 32, 38, 0, 44, 4, 60, 41, 4, 33, 56, 0, 46, 35, 42, 59, 49, 4, 18, 25, 0, 18, 10, 11]
x_dimensions = [3, 3, 5, 5, 2, 2, 4, 4, 3, 3, 5, 5, 7, 4, 4, 11, 11, 3, 3, 5, 5, 11, 11, 13, 8, 8, 5, 5]
y_dimensions = [4, 17, 21, 18, 6, 12, 3, 18, 5, 7, 3, 18, 6, 5, 7, 4, 17, 21, 18, 4, 14, 14, 7, 21, 4, 14, 14, 7]
minimum_height = 63
----------
x_coordinates = [13, 11, 0, 25, 23, 23, 21, 21, 0, 19, 0, 14, 3, 16, 16, 10, 0, 18, 20, 17, 25, 0, 19, 5, 5, 22, 11, 25]
y_coordinates = [4, 10, 41, 37, 22, 28, 59, 40, 2, 8, 7, 8, 0, 35, 26, 0, 10, 40, 22, 4, 23, 27, 15, 41, 6, 1, 27, 55]
x_dimensions = [3, 3, 5, 5, 2, 2, 4, 4, 3, 3, 5, 5, 7, 4, 4, 11, 11, 3, 3, 5, 5, 11, 11, 13, 8, 8, 5, 5]
y_dimensions = [4, 17, 21, 18, 6, 12, 3, 18, 5, 7, 3, 18, 6, 5, 7, 4, 17, 21, 18, 4, 14, 14, 7, 21, 4, 14, 14, 7]
minimum_height = 62
----------
% Pruned 49997 learnt clauses
% Pruned 50000 learnt clauses
% Pruned 50000 learnt clauses
% Pruned 49988 learnt clauses
x_coordinates = [4, 16, 0, 23, 28, 28, 3, 19, 19, 16, 0, 25, 0, 16, 0, 5, 19, 13, 16, 25, 12, 5, 5, 0, 22, 17, 7, 20]
y_coordinates = [11, 44, 16, 43, 43, 49, 6, 43, 21, 37, 37, 0, 0, 14, 9, 29, 26, 40, 19, 18, 0, 15, 33, 40, 22, 0, 1, 14]
x_dimensions = [3, 3, 5, 5, 2, 2, 4, 4, 3, 3, 5, 5, 7, 4, 4, 11, 11, 3, 3, 5, 5, 11, 11, 13, 8, 8, 5, 5]
y_dimensions = [4, 17, 21, 18, 6, 12, 3, 18, 5, 7, 3, 18, 6, 5, 7, 4, 17, 21, 18, 4, 14, 14, 7, 21, 4, 14, 14, 7]
minimum_height = 61
----------
% Pruned 50000 learnt clauses
x_coordinates = [3, 3, 14, 0, 0, 0, 0, 5, 14, 14, 4, 17, 10, 10, 5, 19, 19, 0, 2, 5, 9, 19, 19, 6, 22, 22, 9, 5]
y_coordinates = [17, 0, 21, 42, 24, 30, 21, 24, 55, 42, 21, 42, 49, 55, 42, 0, 11, 0, 24, 49, 21, 28, 4, 0, 42, 46, 35, 53]
x_dimensions = [3, 3, 5, 5, 2, 2, 4, 4, 3, 3, 5, 5, 7, 4, 4, 11, 11, 3, 3, 5, 5, 11, 11, 13, 8, 8, 5, 5]
y_dimensions = [4, 17, 21, 18, 6, 12, 3, 18, 5, 7, 3, 18, 6, 5, 7, 4, 17, 21, 18, 4, 14, 14, 7, 21, 4, 14, 14, 7]
minimum_height = 60
----------
==========
%%%mzn-stat: nodes=635188
%%%mzn-stat: failures=337551
%%%mzn-stat: restarts=6177
%%%mzn-stat: variables=12610
%%%mzn-stat: intVars=128
%%%mzn-stat: boolVariables=12480
%%%mzn-stat: propagators=3276
%%%mzn-stat: propagations=210615135
%%%mzn-stat: peakDepth=254
%%%mzn-stat: nogoods=337551
%%%mzn-stat: backjumps=103524
%%%mzn-stat: peakMem=0.00
%%%mzn-stat: time=93.612
%%%mzn-stat: initTime=0.035
%%%mzn-stat: solveTime=93.577
%%%mzn-stat: objective=60
%%%mzn-stat: optTime=93.577
%%%mzn-stat: baseMem=0.00
%%%mzn-stat: trailMem=0.05
%%%mzn-stat: randomSeed=1657200264
