x_coordinates = [0, 12, 23, 0, 27, 27, 30, 27, 10, 24, 27, 14, 29, 26, 15, 32, 5, 23, 35]
y_coordinates = [94, 168, 169, 182, 176, 183, 165, 187, 186, 175, 180, 185, 173, 162, 188, 188, 188, 188, 185]
x_dimensions = [38, 4, 15, 12, 11, 8, 6, 5, 4, 3, 11, 10, 9, 8, 7, 6, 5, 4, 3]
y_dimensions = [24, 16, 4, 4, 4, 4, 4, 4, 3, 13, 3, 3, 3, 3, 3, 3, 3, 3, 3]
minimum_height = 191
----------
x_coordinates = [0, 22, 23, 26, 34, 28, 32, 28, 34, 26, 27, 21, 29, 24, 16, 31, 11, 27, 20]
y_coordinates = [89, 174, 186, 130, 78, 182, 167, 178, 179, 151, 164, 84, 151, 168, 187, 171, 187, 171, 184]
x_dimensions = [38, 16, 15, 12, 4, 8, 6, 5, 4, 3, 11, 10, 9, 8, 7, 6, 5, 4, 3]
y_dimensions = [24, 4, 4, 4, 11, 4, 4, 4, 3, 13, 3, 3, 3, 3, 3, 3, 3, 3, 3]
minimum_height = 190
----------
x_coordinates = [0, 26, 7, 14, 29, 30, 31, 28, 32, 25, 24, 21, 29, 30, 19, 32, 33, 35, 22]
y_coordinates = [84, 169, 184, 169, 151, 182, 176, 162, 167, 186, 148, 166, 145, 173, 175, 170, 164, 177, 184]
x_dimensions = [38, 4, 15, 12, 4, 8, 4, 5, 4, 13, 11, 10, 9, 8, 7, 6, 5, 3, 3]
y_dimensions = [24, 16, 4, 4, 11, 4, 6, 4, 3, 3, 3, 3, 3, 3, 3, 3, 3, 4, 3]
minimum_height = 189
----------
x_coordinates = [0, 6, 23, 22, 33, 30, 31, 28, 34, 27, 15, 17, 26, 30, 21, 32, 31, 35, 24]
y_coordinates = [92, 165, 162, 166, 77, 184, 178, 170, 168, 175, 87, 174, 88, 175, 171, 172, 159, 180, 185]
x_dimensions = [38, 16, 15, 12, 4, 8, 4, 4, 4, 3, 11, 10, 9, 8, 7, 6, 5, 3, 3]
y_dimensions = [24, 4, 4, 4, 11, 4, 6, 5, 3, 13, 3, 3, 3, 3, 3, 3, 3, 4, 3]
minimum_height = 188
----------
x_coordinates = [2, 17, 20, 22, 29, 34, 21, 31, 33, 25, 18, 25, 27, 30, 15, 35, 32, 22, 31]
y_coordinates = [85, 146, 161, 169, 150, 165, 175, 179, 149, 176, 151, 184, 83, 173, 182, 180, 59, 183, 166]
x_dimensions = [24, 16, 15, 12, 4, 4, 4, 4, 4, 13, 11, 10, 9, 8, 7, 3, 5, 3, 3]
y_dimensions = [38, 4, 4, 4, 11, 8, 6, 5, 3, 3, 3, 3, 3, 3, 3, 6, 3, 4, 3]
minimum_height = 187
----------
x_coordinates = [14, 34, 21, 9, 28, 13, 17, 34, 31, 25, 23, 26, 29, 26, 31, 33, 33, 23, 10]
y_coordinates = [92, 153, 167, 168, 151, 178, 180, 181, 165, 178, 162, 169, 83, 183, 145, 172, 150, 182, 180]
x_dimensions = [24, 4, 4, 12, 4, 4, 4, 4, 3, 13, 11, 10, 9, 8, 7, 3, 5, 3, 3]
y_dimensions = [38, 16, 15, 4, 11, 8, 6, 5, 4, 3, 3, 3, 3, 3, 3, 6, 3, 4, 3]
minimum_height = 186
----------
x_coordinates = [5, 16, 34, 4, 28, 20, 33, 33, 35, 31, 22, 24, 29, 30, 28, 35, 32, 27, 14]
y_coordinates = [86, 155, 156, 169, 146, 170, 143, 177, 152, 157, 178, 170, 84, 182, 174, 171, 149, 181, 176]
x_dimensions = [24, 4, 4, 12, 4, 4, 4, 4, 3, 3, 11, 10, 9, 8, 7, 3, 5, 3, 3]
y_dimensions = [38, 16, 15, 4, 11, 8, 6, 5, 4, 13, 3, 3, 3, 3, 3, 6, 3, 4, 3]
minimum_height = 185
----------
x_coordinates = [3, 16, 22, 4, 29, 31, 34, 34, 35, 20, 23, 24, 29, 30, 23, 1, 26, 13, 35]
y_coordinates = [87, 166, 156, 173, 156, 167, 160, 179, 166, 171, 178, 181, 107, 175, 175, 176, 169, 177, 172]
x_dimensions = [24, 4, 4, 12, 4, 4, 4, 4, 3, 3, 11, 10, 9, 8, 7, 3, 5, 3, 3]
y_dimensions = [38, 16, 15, 4, 11, 8, 6, 5, 4, 13, 3, 3, 3, 3, 3, 6, 3, 4, 3]
minimum_height = 184
----------
x_coordinates = [13, 26, 34, 7, 30, 3, 18, 22, 6, 34, 24, 8, 4, 30, 1, 35, 1, 32, 19]
y_coordinates = [85, 164, 158, 174, 162, 171, 179, 174, 167, 145, 180, 178, 83, 173, 179, 177, 168, 176, 176]
x_dimensions = [24, 4, 4, 12, 4, 4, 6, 4, 3, 3, 11, 10, 9, 8, 7, 3, 5, 3, 3]
y_dimensions = [38, 16, 15, 4, 11, 8, 4, 5, 4, 13, 3, 3, 3, 3, 3, 6, 3, 4, 3]
minimum_height = 183
----------
x_coordinates = [14, 31, 21, 9, 34, 14, 12, 34, 15, 35, 25, 16, 29, 26, 19, 25, 9, 28, 35]
y_coordinates = [88, 161, 160, 169, 147, 157, 173, 177, 153, 164, 158, 176, 83, 178, 179, 171, 154, 174, 161]
x_dimensions = [24, 4, 4, 12, 4, 4, 4, 4, 3, 3, 11, 10, 9, 8, 7, 6, 5, 3, 3]
y_dimensions = [38, 16, 15, 4, 11, 8, 6, 5, 4, 13, 3, 3, 3, 3, 3, 3, 3, 4, 3]
minimum_height = 182
----------
x_coordinates = [10, 11, 30, 24, 34, 4, 21, 25, 7, 27, 24, 15, 26, 29, 31, 24, 1, 8, 1]
y_coordinates = [88, 165, 160, 156, 164, 172, 169, 176, 168, 160, 153, 177, 146, 178, 175, 173, 168, 177, 177]
x_dimensions = [24, 4, 4, 12, 4, 4, 6, 4, 3, 3, 11, 10, 9, 8, 7, 6, 5, 3, 3]
y_dimensions = [38, 16, 15, 4, 11, 8, 4, 5, 4, 13, 3, 3, 3, 3, 3, 3, 3, 4, 3]
minimum_height = 181
----------
x_coordinates = [12, 15, 11, 14, 34, 29, 29, 26, 26, 29, 25, 20, 27, 30, 19, 28, 24, 32, 35]
y_coordinates = [88, 164, 165, 160, 157, 168, 148, 175, 167, 155, 152, 172, 126, 173, 175, 145, 164, 176, 177]
x_dimensions = [24, 4, 4, 12, 4, 8, 6, 4, 3, 3, 11, 10, 9, 8, 7, 6, 5, 3, 3]
y_dimensions = [38, 16, 15, 4, 11, 4, 4, 5, 4, 13, 3, 3, 3, 3, 3, 3, 3, 4, 3]
minimum_height = 180
----------
x_coordinates = [5, 5, 1, 14, 34, 30, 31, 26, 13, 25, 31, 16, 27, 30, 9, 28, 9, 35, 35]
y_coordinates = [88, 163, 164, 171, 158, 151, 170, 172, 167, 158, 159, 175, 85, 176, 175, 166, 171, 169, 173]
x_dimensions = [24, 4, 4, 12, 4, 4, 4, 4, 3, 3, 3, 10, 9, 8, 7, 3, 5, 3, 3]
y_dimensions = [38, 16, 15, 4, 11, 8, 6, 5, 4, 13, 11, 3, 3, 3, 3, 6, 3, 4, 3]
minimum_height = 179
----------
x_coordinates = [11, 34, 34, 4, 33, 30, 26, 28, 29, 3, 9, 16, 35, 30, 3, 31, 24, 31, 1]
y_coordinates = [88, 156, 141, 174, 130, 155, 172, 167, 140, 156, 154, 175, 83, 175, 171, 172, 140, 151, 175]
x_dimensions = [24, 4, 4, 12, 4, 4, 4, 4, 3, 3, 11, 10, 3, 8, 7, 6, 5, 3, 3]
y_dimensions = [38, 16, 15, 4, 11, 8, 6, 5, 4, 13, 3, 3, 9, 3, 3, 3, 3, 4, 3]
minimum_height = 178
----------
x_coordinates = [11, 34, 4, 8, 0, 32, 30, 29, 31, 17, 23, 20, 35, 33, 2, 32, 26, 20, 1]
y_coordinates = [86, 161, 160, 173, 160, 153, 171, 145, 167, 149, 161, 174, 83, 142, 149, 150, 168, 160, 174]
x_dimensions = [24, 4, 4, 12, 4, 4, 4, 4, 3, 3, 11, 10, 3, 3, 7, 6, 5, 3, 3]
y_dimensions = [38, 16, 15, 4, 11, 8, 6, 5, 4, 13, 3, 3, 9, 8, 3, 3, 3, 4, 3]
minimum_height = 177
----------
x_coordinates = [13, 20, 30, 5, 34, 34, 31, 17, 30, 34, 24, 21, 4, 34, 35, 35, 33, 35, 2]
y_coordinates = [85, 162, 145, 172, 135, 154, 170, 171, 134, 72, 167, 173, 83, 146, 124, 170, 132, 166, 173]
x_dimensions = [24, 16, 4, 12, 4, 4, 4, 4, 3, 3, 11, 10, 9, 3, 3, 3, 5, 3, 3]
y_dimensions = [38, 4, 15, 4, 11, 8, 6, 5, 4, 13, 3, 3, 3, 8, 7, 6, 3, 4, 3]
minimum_height = 176
----------
x_coordinates = [13, 1, 30, 4, 34, 26, 32, 0, 25, 21, 17, 6, 27, 28, 16, 22, 24, 31, 19]
y_coordinates = [86, 164, 152, 171, 160, 157, 171, 170, 168, 152, 165, 168, 135, 167, 168, 172, 151, 167, 172]
x_dimensions = [24, 16, 4, 12, 4, 4, 6, 4, 3, 3, 11, 10, 9, 3, 3, 6, 5, 3, 3]
y_dimensions = [38, 4, 15, 4, 11, 8, 4, 5, 4, 13, 3, 3, 3, 8, 7, 3, 3, 4, 3]
minimum_height = 175
----------
x_coordinates = [0, 17, 34, 26, 34, 33, 33, 31, 31, 21, 19, 24, 23, 35, 30, 11, 33, 34, 32]
y_coordinates = [86, 170, 142, 127, 131, 163, 157, 122, 141, 154, 166, 116, 83, 118, 162, 171, 171, 114, 119]
x_dimensions = [24, 16, 4, 12, 4, 4, 4, 4, 3, 13, 11, 10, 9, 3, 3, 6, 5, 3, 3]
y_dimensions = [38, 4, 15, 4, 11, 8, 6, 5, 4, 3, 3, 3, 3, 8, 7, 3, 3, 4, 3]
minimum_height = 174
----------
x_coordinates = [3, 11, 34, 7, 34, 30, 33, 0, 31, 25, 19, 27, 28, 5, 4, 8, 31, 35, 32]
y_coordinates = [85, 165, 158, 169, 141, 165, 131, 165, 146, 155, 170, 160, 83, 158, 166, 163, 152, 137, 138]
x_dimensions = [24, 16, 4, 12, 4, 4, 4, 4, 3, 13, 11, 3, 9, 3, 3, 3, 5, 3, 3]
y_dimensions = [38, 4, 15, 4, 11, 8, 6, 5, 4, 3, 3, 10, 3, 8, 7, 6, 3, 4, 3]
minimum_height = 173
----------
x_coordinates = [13, 15, 32, 3, 34, 6, 32, 31, 6, 0, 19, 35, 1, 14, 30, 14, 2, 35, 32]
y_coordinates = [85, 168, 144, 168, 133, 158, 123, 167, 143, 158, 165, 159, 84, 160, 159, 154, 131, 129, 82]
x_dimensions = [24, 16, 4, 12, 4, 4, 4, 4, 3, 3, 11, 3, 9, 3, 3, 3, 5, 3, 3]
y_dimensions = [38, 4, 15, 4, 11, 8, 6, 5, 4, 13, 3, 10, 3, 8, 7, 6, 3, 4, 3]
minimum_height = 172
----------
x_coordinates = [4, 11, 30, 7, 34, 0, 26, 22, 1, 4, 0, 27, 29, 18, 34, 19, 2, 35, 32]
y_coordinates = [84, 165, 153, 159, 149, 158, 155, 157, 154, 153, 166, 161, 83, 151, 160, 159, 150, 167, 168]
x_dimensions = [24, 16, 4, 12, 4, 4, 4, 4, 3, 3, 11, 3, 9, 3, 3, 3, 5, 3, 3]
y_dimensions = [38, 4, 15, 4, 11, 8, 6, 5, 4, 13, 3, 10, 3, 8, 7, 6, 3, 4, 3]
minimum_height = 171
----------
x_coordinates = [14, 16, 12, 25, 34, 8, 34, 34, 9, 23, 1, 35, 5, 26, 32, 29, 25, 35, 5]
y_coordinates = [84, 166, 153, 139, 143, 159, 154, 134, 152, 153, 167, 160, 83, 158, 163, 159, 150, 130, 163]
x_dimensions = [24, 16, 4, 12, 4, 4, 4, 4, 3, 3, 11, 3, 9, 3, 3, 3, 5, 3, 3]
y_dimensions = [38, 4, 15, 4, 11, 8, 6, 5, 4, 13, 3, 10, 3, 8, 7, 6, 3, 4, 3]
minimum_height = 170
----------
x_coordinates = [3, 19, 16, 23, 34, 24, 34, 33, 26, 13, 20, 3, 27, 35, 31, 28, 11, 8, 35]
y_coordinates = [83, 143, 154, 154, 132, 158, 163, 147, 139, 153, 166, 162, 88, 152, 162, 159, 166, 165, 160]
x_dimensions = [24, 16, 4, 12, 4, 4, 4, 4, 3, 3, 11, 10, 9, 3, 3, 3, 5, 3, 3]
y_dimensions = [38, 4, 15, 4, 11, 8, 6, 5, 4, 13, 3, 3, 3, 8, 7, 6, 3, 4, 3]
minimum_height = 169
----------
x_coordinates = [13, 22, 14, 2, 34, 7, 34, 33, 10, 18, 24, 21, 2, 30, 31, 11, 5, 28, 30]
y_coordinates = [83, 157, 153, 156, 141, 160, 162, 152, 150, 153, 122, 165, 120, 149, 161, 160, 151, 161, 80]
x_dimensions = [24, 16, 4, 12, 4, 4, 4, 4, 3, 3, 11, 10, 9, 3, 3, 3, 5, 3, 3]
y_dimensions = [38, 4, 15, 4, 11, 8, 6, 5, 4, 13, 3, 3, 3, 8, 7, 6, 3, 4, 3]
minimum_height = 168
----------
x_coordinates = [8, 13, 17, 34, 34, 19, 33, 9, 21, 21, 23, 12, 33, 29, 32, 12, 31, 35, 34]
y_coordinates = [82, 159, 144, 148, 131, 73, 142, 159, 141, 156, 76, 164, 119, 159, 160, 153, 79, 162, 76]
x_dimensions = [24, 16, 4, 4, 4, 4, 4, 4, 3, 13, 11, 10, 3, 3, 3, 3, 5, 3, 3]
y_dimensions = [38, 4, 15, 12, 11, 8, 6, 5, 4, 3, 3, 3, 9, 8, 7, 6, 3, 4, 3]
minimum_height = 167
----------
x_coordinates = [12, 1, 17, 26, 34, 16, 25, 18, 14, 25, 21, 8, 8, 22, 31, 16, 33, 5, 16]
y_coordinates = [82, 158, 146, 155, 137, 131, 162, 161, 145, 159, 129, 163, 119, 158, 163, 139, 134, 162, 127]
x_dimensions = [24, 16, 4, 12, 4, 4, 6, 4, 3, 13, 11, 10, 3, 3, 7, 3, 5, 3, 3]
y_dimensions = [38, 4, 15, 4, 11, 8, 4, 5, 4, 3, 3, 3, 9, 8, 3, 6, 3, 4, 3]
minimum_height = 166
----------
x_coordinates = [0, 5, 15, 23, 34, 30, 21, 1, 31, 25, 24, 11, 32, 35, 31, 20, 31, 20, 35]
y_coordinates = [57, 158, 143, 155, 140, 142, 159, 158, 138, 159, 93, 162, 83, 151, 162, 152, 150, 95, 91]
x_dimensions = [24, 16, 4, 12, 4, 4, 4, 4, 3, 13, 11, 10, 3, 3, 7, 3, 3, 3, 3]
y_dimensions = [38, 4, 15, 4, 11, 8, 6, 5, 4, 3, 3, 3, 9, 8, 3, 6, 5, 4, 3]
minimum_height = 165
----------
x_coordinates = [1, 10, 16, 26, 34, 27, 34, 4, 30, 25, 25, 0, 29, 22, 35, 9, 31, 0, 34]
y_coordinates = [81, 160, 145, 159, 145, 148, 109, 156, 144, 156, 115, 161, 118, 152, 119, 154, 151, 158, 126]
x_dimensions = [24, 16, 4, 12, 4, 4, 4, 4, 3, 13, 11, 10, 3, 3, 3, 3, 3, 4, 3]
y_dimensions = [38, 4, 15, 4, 11, 8, 6, 5, 4, 3, 3, 3, 9, 8, 7, 6, 5, 3, 3]
minimum_height = 164
----------
x_coordinates = [14, 18, 17, 30, 26, 22, 31, 13, 14, 21, 27, 8, 11, 34, 35, 16, 34, 5, 33]
y_coordinates = [80, 159, 143, 144, 142, 137, 138, 155, 144, 156, 135, 160, 117, 155, 142, 137, 150, 159, 124]
x_dimensions = [24, 16, 4, 4, 4, 4, 4, 4, 3, 13, 11, 10, 3, 3, 3, 3, 3, 3, 3]
y_dimensions = [38, 4, 15, 12, 11, 8, 6, 5, 4, 3, 3, 3, 9, 8, 7, 6, 5, 4, 3]
minimum_height = 163
----------
x_coordinates = [5, 6, 18, 30, 14, 9, 26, 2, 5, 25, 23, 25, 29, 22, 34, 21, 7, 35, 33]
y_coordinates = [80, 158, 143, 144, 147, 140, 149, 154, 147, 159, 141, 156, 117, 154, 143, 138, 153, 155, 124]
x_dimensions = [24, 16, 4, 4, 4, 4, 4, 4, 3, 13, 11, 10, 3, 3, 3, 6, 3, 3, 3]
y_dimensions = [38, 4, 15, 12, 11, 8, 6, 5, 4, 3, 3, 3, 9, 8, 7, 3, 5, 4, 3]
minimum_height = 162
----------
x_coordinates = [12, 20, 20, 29, 25, 20, 31, 16, 17, 21, 27, 11, 9, 34, 35, 19, 33, 18, 33]
y_coordinates = [79, 138, 123, 145, 146, 142, 132, 141, 146, 157, 142, 158, 116, 153, 131, 151, 149, 154, 123]
x_dimensions = [24, 16, 4, 4, 4, 4, 4, 4, 3, 13, 11, 10, 3, 3, 3, 6, 5, 3, 3]
y_dimensions = [38, 4, 15, 12, 11, 8, 6, 5, 4, 3, 3, 3, 9, 8, 7, 3, 3, 4, 3]
minimum_height = 161
----------
x_coordinates = [9, 11, 18, 27, 23, 18, 31, 6, 4, 25, 7, 9, 6, 22, 35, 16, 32, 19, 15]
y_coordinates = [79, 148, 125, 145, 137, 140, 147, 151, 147, 157, 145, 157, 116, 152, 147, 152, 154, 155, 124]
x_dimensions = [24, 16, 4, 4, 4, 4, 4, 4, 3, 13, 11, 10, 3, 3, 3, 6, 5, 3, 3]
y_dimensions = [38, 4, 15, 12, 11, 8, 6, 5, 4, 3, 3, 3, 9, 8, 7, 3, 3, 4, 3]
minimum_height = 160
----------
x_coordinates = [4, 18, 17, 34, 10, 20, 14, 11, 0, 21, 3, 20, 29, 32, 35, 15, 0, 17, 13]
y_coordinates = [78, 147, 121, 147, 155, 139, 142, 150, 144, 156, 146, 136, 115, 135, 140, 148, 148, 118, 123]
x_dimensions = [24, 16, 4, 4, 11, 4, 4, 4, 3, 13, 11, 10, 3, 3, 3, 3, 3, 4, 3]
y_dimensions = [38, 4, 15, 12, 4, 8, 6, 5, 4, 3, 3, 3, 9, 8, 7, 6, 5, 3, 3]
minimum_height = 159
----------
x_coordinates = [14, 24, 20, 4, 21, 15, 23, 19, 12, 25, 16, 28, 11, 35, 32, 27, 31, 29, 18]
y_coordinates = [78, 136, 136, 151, 125, 135, 152, 151, 142, 133, 147, 142, 115, 150, 146, 152, 153, 136, 123]
x_dimensions = [24, 4, 4, 12, 4, 4, 4, 4, 3, 13, 3, 10, 3, 3, 3, 3, 3, 3, 3]
y_dimensions = [38, 16, 15, 4, 11, 8, 6, 5, 4, 3, 11, 3, 9, 8, 7, 6, 5, 4, 3]
minimum_height = 158
----------
x_coordinates = [11, 34, 18, 7, 26, 19, 22, 26, 23, 22, 4, 31, 35, 1, 30, 23, 19, 33, 3]
y_coordinates = [77, 141, 118, 150, 142, 142, 151, 153, 141, 122, 146, 147, 114, 149, 140, 145, 150, 137, 122]
x_dimensions = [24, 4, 15, 12, 4, 4, 4, 5, 3, 13, 3, 3, 3, 3, 3, 3, 3, 3, 3]
y_dimensions = [38, 16, 4, 4, 11, 8, 6, 4, 4, 3, 11, 10, 9, 8, 7, 6, 5, 4, 3]
minimum_height = 157
----------
x_coordinates = [8, 6, 32, 24, 33, 31, 29, 25, 33, 24, 3, 24, 5, 34, 35, 34, 29, 22, 2]
y_coordinates = [77, 150, 104, 134, 93, 142, 138, 147, 119, 122, 145, 153, 114, 126, 141, 150, 150, 147, 122]
x_dimensions = [24, 16, 4, 12, 4, 4, 6, 4, 4, 13, 3, 10, 3, 3, 3, 3, 5, 3, 3]
y_dimensions = [38, 4, 15, 4, 11, 8, 4, 5, 3, 3, 11, 3, 9, 8, 7, 6, 3, 4, 3]
minimum_height = 156
----------
x_coordinates = [11, 8, 34, 17, 30, 18, 32, 1, 34, 25, 5, 12, 33, 22, 35, 26, 33, 2, 4]
y_coordinates = [76, 139, 126, 136, 137, 151, 151, 150, 123, 148, 144, 148, 67, 143, 141, 152, 64, 146, 65]
x_dimensions = [24, 4, 4, 4, 4, 8, 6, 4, 4, 13, 3, 10, 3, 3, 3, 6, 5, 3, 3]
y_dimensions = [38, 16, 15, 12, 11, 4, 4, 5, 3, 3, 11, 3, 9, 8, 7, 3, 3, 4, 3]
minimum_height = 155
----------
x_coordinates = [5, 6, 34, 8, 18, 27, 29, 0, 34, 25, 3, 19, 28, 22, 35, 32, 33, 5, 1]
y_coordinates = [76, 147, 119, 132, 136, 146, 150, 150, 140, 143, 139, 151, 18, 143, 147, 137, 134, 151, 16]
x_dimensions = [24, 16, 4, 4, 4, 8, 6, 5, 4, 13, 3, 10, 3, 3, 3, 6, 5, 4, 3]
y_dimensions = [38, 4, 15, 12, 11, 4, 4, 4, 3, 3, 11, 3, 9, 8, 7, 3, 3, 3, 3]
minimum_height = 154
----------
x_coordinates = [9, 5, 34, 24, 28, 24, 32, 0, 35, 25, 2, 20, 1, 21, 32, 31, 33, 20, 4]
y_coordinates = [73, 148, 117, 134, 135, 149, 149, 149, 142, 146, 138, 131, 94, 145, 139, 132, 109, 127, 92]
x_dimensions = [24, 16, 4, 4, 4, 8, 6, 5, 3, 13, 3, 10, 3, 3, 3, 6, 5, 3, 3]
y_dimensions = [38, 4, 15, 12, 11, 4, 4, 4, 4, 3, 11, 3, 9, 8, 7, 3, 3, 4, 3]
minimum_height = 153
----------
x_coordinates = [3, 5, 31, 12, 16, 24, 32, 0, 34, 25, 2, 20, 29, 21, 35, 29, 33, 31, 4]
y_coordinates = [54, 147, 122, 135, 136, 148, 148, 148, 141, 145, 137, 140, 90, 143, 134, 137, 108, 140, 93]
x_dimensions = [24, 16, 4, 4, 4, 8, 6, 5, 3, 13, 3, 10, 3, 3, 3, 6, 5, 3, 3]
y_dimensions = [38, 4, 15, 12, 11, 4, 4, 4, 4, 3, 11, 3, 9, 8, 7, 3, 3, 4, 3]
minimum_height = 152
----------
x_coordinates = [14, 5, 29, 17, 25, 24, 32, 1, 35, 25, 4, 20, 5, 21, 35, 29, 33, 20, 2]
y_coordinates = [74, 147, 121, 132, 133, 147, 147, 143, 133, 144, 132, 118, 111, 143, 137, 136, 130, 114, 119]
x_dimensions = [24, 16, 4, 4, 4, 8, 6, 4, 3, 13, 3, 10, 3, 3, 3, 6, 5, 3, 3]
y_dimensions = [38, 4, 15, 12, 11, 4, 4, 5, 4, 3, 11, 3, 9, 8, 7, 3, 3, 4, 3]
minimum_height = 151
----------
x_coordinates = [13, 15, 34, 21, 14, 24, 32, 10, 35, 25, 12, 21, 10, 6, 32, 30, 33, 31, 13]
y_coordinates = [73, 125, 111, 134, 139, 146, 146, 123, 139, 143, 127, 122, 109, 145, 136, 132, 126, 122, 117]
x_dimensions = [24, 16, 4, 4, 4, 8, 6, 5, 3, 13, 3, 10, 3, 8, 3, 6, 5, 3, 3]
y_dimensions = [38, 4, 15, 12, 11, 4, 4, 4, 4, 3, 11, 3, 9, 3, 7, 3, 3, 4, 3]
minimum_height = 150
----------
x_coordinates = [7, 7, 31, 18, 25, 24, 32, 2, 34, 25, 4, 22, 3, 6, 35, 29, 26, 23, 6]
y_coordinates = [48, 130, 120, 134, 131, 145, 145, 129, 138, 142, 133, 135, 85, 144, 130, 135, 128, 127, 86]
x_dimensions = [24, 16, 4, 4, 4, 8, 6, 5, 3, 13, 3, 3, 3, 8, 3, 6, 5, 3, 3]
y_dimensions = [38, 4, 15, 12, 11, 4, 4, 4, 4, 3, 11, 10, 9, 3, 7, 3, 3, 4, 3]
minimum_height = 149
----------
x_coordinates = [14, 19, 6, 15, 24, 24, 29, 10, 35, 25, 12, 22, 10, 4, 34, 24, 28, 29, 11]
y_coordinates = [73, 131, 124, 133, 112, 123, 127, 130, 133, 145, 134, 138, 108, 143, 137, 135, 138, 141, 105]
x_dimensions = [24, 16, 4, 4, 4, 8, 6, 5, 3, 13, 3, 3, 3, 8, 3, 6, 5, 3, 3]
y_dimensions = [38, 4, 15, 12, 11, 4, 4, 4, 4, 3, 11, 10, 9, 3, 7, 3, 3, 4, 3]
minimum_height = 148
----------
x_coordinates = [10, 15, 3, 11, 34, 34, 31, 6, 35, 25, 8, 17, 7, 29, 35, 35, 30, 27, 10]
y_coordinates = [72, 142, 128, 133, 106, 122, 141, 143, 130, 119, 132, 139, 109, 111, 140, 134, 138, 138, 117]
x_dimensions = [24, 16, 4, 4, 4, 4, 4, 5, 3, 13, 3, 10, 3, 3, 3, 3, 5, 3, 3]
y_dimensions = [38, 4, 15, 12, 11, 8, 6, 4, 4, 3, 11, 3, 9, 8, 7, 6, 3, 4, 3]
minimum_height = 147
----------
x_coordinates = [0, 15, 31, 11, 0, 32, 32, 4, 34, 25, 8, 5, 27, 30, 25, 35, 31, 2, 8]
y_coordinates = [70, 137, 124, 126, 129, 116, 142, 134, 109, 113, 123, 138, 104, 105, 143, 133, 139, 140, 112]
x_dimensions = [24, 16, 4, 4, 4, 4, 6, 5, 3, 13, 3, 10, 3, 3, 7, 3, 5, 3, 3]
y_dimensions = [38, 4, 15, 12, 11, 8, 4, 4, 4, 3, 11, 3, 9, 8, 3, 6, 3, 4, 3]
minimum_height = 146
----------
x_coordinates = [12, 17, 25, 21, 3, 31, 32, 24, 35, 25, 20, 7, 6, 31, 10, 29, 33, 29, 34]
y_coordinates = [71, 129, 130, 133, 134, 127, 138, 126, 134, 123, 118, 138, 108, 115, 141, 139, 142, 135, 116]
x_dimensions = [24, 4, 4, 4, 4, 4, 6, 5, 3, 13, 3, 10, 3, 3, 7, 3, 5, 3, 3]
y_dimensions = [38, 16, 15, 12, 11, 8, 4, 4, 4, 3, 11, 3, 9, 8, 3, 6, 3, 4, 3]
minimum_height = 145
----------
x_coordinates = [13, 23, 26, 27, 14, 34, 32, 33, 35, 25, 20, 18, 8, 26, 27, 6, 9, 28, 22]
y_coordinates = [61, 125, 110, 125, 133, 132, 140, 124, 103, 107, 130, 141, 98, 99, 137, 138, 139, 140, 105]
x_dimensions = [24, 4, 4, 4, 4, 4, 6, 5, 3, 13, 3, 10, 3, 3, 7, 3, 5, 3, 3]
y_dimensions = [38, 16, 15, 12, 11, 8, 4, 4, 4, 3, 11, 3, 9, 8, 3, 6, 3, 4, 3]
minimum_height = 144
----------
x_coordinates = [13, 23, 14, 28, 10, 34, 32, 17, 35, 25, 20, 19, 6, 9, 27, 7, 18, 29, 20]
y_coordinates = [70, 124, 128, 124, 132, 130, 139, 122, 110, 114, 126, 140, 107, 107, 136, 137, 137, 139, 113]
x_dimensions = [24, 4, 4, 4, 4, 4, 6, 5, 3, 13, 3, 10, 3, 3, 7, 3, 5, 3, 3]
y_dimensions = [38, 16, 15, 12, 11, 8, 4, 4, 4, 3, 11, 3, 9, 8, 3, 6, 3, 4, 3]
minimum_height = 143
----------
x_coordinates = [13, 23, 26, 28, 15, 34, 32, 21, 35, 25, 20, 19, 6, 9, 27, 7, 10, 29, 22]
y_coordinates = [70, 123, 54, 123, 131, 130, 138, 66, 66, 111, 128, 139, 104, 107, 135, 136, 137, 138, 112]
x_dimensions = [24, 4, 4, 4, 4, 4, 6, 5, 3, 13, 3, 10, 3, 3, 7, 3, 5, 3, 3]
y_dimensions = [38, 16, 15, 12, 11, 8, 4, 4, 4, 3, 11, 3, 9, 8, 3, 6, 3, 4, 3]
minimum_height = 142
----------
x_coordinates = [2, 23, 26, 25, 16, 31, 32, 28, 29, 19, 20, 28, 32, 35, 29, 30, 33, 27, 22]
y_coordinates = [69, 52, 68, 129, 58, 48, 63, 56, 134, 110, 55, 60, 102, 106, 138, 67, 67, 64, 49]
x_dimensions = [24, 4, 4, 4, 4, 4, 6, 5, 3, 13, 3, 10, 3, 3, 7, 3, 5, 3, 3]
y_dimensions = [38, 16, 15, 12, 11, 8, 4, 4, 4, 3, 11, 3, 9, 8, 3, 6, 3, 4, 3]
minimum_height = 141
----------
x_coordinates = [0, 28, 27, 34, 13, 31, 32, 30, 34, 25, 25, 28, 35, 34, 31, 17, 20, 25, 27]
y_coordinates = [69, 121, 105, 119, 129, 106, 133, 84, 91, 95, 125, 137, 106, 98, 88, 134, 135, 136, 87]
x_dimensions = [24, 4, 4, 4, 4, 4, 6, 5, 3, 13, 3, 10, 3, 3, 7, 3, 5, 3, 3]
y_dimensions = [38, 16, 15, 12, 11, 8, 4, 4, 4, 3, 11, 3, 9, 8, 3, 6, 3, 4, 3]
minimum_height = 140
----------
x_coordinates = [1, 30, 26, 34, 12, 31, 20, 16, 34, 25, 19, 28, 34, 35, 31, 24, 7, 27, 19]
y_coordinates = [68, 123, 124, 123, 116, 109, 122, 121, 91, 97, 126, 117, 100, 109, 120, 116, 121, 120, 108]
x_dimensions = [24, 4, 4, 4, 4, 4, 6, 4, 3, 13, 3, 10, 3, 3, 7, 3, 5, 3, 3]
y_dimensions = [38, 16, 15, 12, 11, 8, 4, 5, 4, 3, 11, 3, 9, 8, 3, 6, 3, 4, 3]
minimum_height = 139
----------
x_coordinates = [8, 31, 19, 7, 13, 33, 17, 3, 35, 25, 6, 34, 34, 34, 35, 31, 23, 28, 0]
y_coordinates = [68, 108, 130, 131, 120, 92, 125, 127, 117, 64, 116, 128, 83, 100, 121, 124, 123, 123, 126]
x_dimensions = [24, 4, 15, 12, 4, 4, 6, 4, 3, 13, 3, 3, 3, 3, 3, 3, 5, 3, 3]
y_dimensions = [38, 16, 4, 4, 11, 8, 4, 5, 4, 3, 11, 10, 9, 8, 7, 6, 3, 4, 3]
minimum_height = 138
----------
x_coordinates = [9, 31, 2, 8, 20, 33, 29, 4, 35, 25, 4, 24, 35, 35, 17, 34, 7, 35, 6]
y_coordinates = [67, 111, 128, 133, 125, 96, 127, 132, 90, 12, 117, 132, 104, 118, 126, 131, 125, 126, 103]
x_dimensions = [24, 4, 15, 12, 4, 4, 6, 4, 3, 13, 3, 10, 3, 3, 3, 3, 5, 3, 3]
y_dimensions = [38, 16, 4, 4, 11, 8, 4, 5, 4, 3, 11, 3, 9, 8, 7, 6, 3, 4, 3]
minimum_height = 137
----------
x_coordinates = [8, 31, 16, 0, 12, 33, 6, 20, 35, 25, 23, 24, 34, 35, 0, 34, 3, 35, 9]
y_coordinates = [67, 113, 125, 132, 124, 96, 128, 131, 122, 64, 114, 129, 104, 114, 125, 130, 127, 126, 124]
x_dimensions = [24, 4, 15, 12, 4, 4, 6, 4, 3, 13, 3, 10, 3, 3, 3, 3, 3, 3, 3]
y_dimensions = [38, 16, 4, 4, 11, 8, 4, 5, 4, 3, 11, 3, 9, 8, 7, 6, 5, 4, 3]
minimum_height = 136
----------
x_coordinates = [1, 34, 5, 20, 24, 30, 32, 34, 35, 25, 29, 25, 26, 33, 35, 2, 19, 31, 28]
y_coordinates = [66, 107, 127, 123, 128, 114, 103, 123, 99, 84, 103, 132, 103, 91, 128, 127, 106, 122, 98]
x_dimensions = [24, 4, 15, 4, 11, 4, 6, 4, 3, 13, 3, 10, 3, 3, 3, 3, 5, 3, 3]
y_dimensions = [38, 16, 4, 12, 4, 8, 4, 5, 4, 3, 11, 3, 9, 8, 7, 6, 3, 4, 3]
minimum_height = 135
----------
x_coordinates = [13, 34, 0, 15, 27, 30, 27, 32, 34, 25, 10, 24, 26, 33, 32, 33, 33, 30, 10]
y_coordinates = [66, 104, 129, 129, 126, 111, 55, 130, 38, 42, 103, 119, 45, 48, 59, 120, 56, 119, 95]
x_dimensions = [24, 4, 15, 12, 11, 4, 6, 5, 3, 13, 3, 3, 9, 3, 3, 3, 5, 3, 3]
y_dimensions = [38, 16, 4, 4, 4, 8, 4, 4, 4, 3, 11, 10, 3, 8, 7, 6, 3, 4, 3]
minimum_height = 134
----------
x_coordinates = [1, 34, 0, 15, 27, 30, 28, 23, 34, 25, 26, 13, 26, 33, 32, 35, 14, 31, 28]
y_coordinates = [64, 104, 126, 124, 127, 103, 116, 128, 100, 73, 99, 130, 83, 92, 120, 121, 119, 112, 124]
x_dimensions = [24, 4, 15, 12, 11, 4, 6, 4, 3, 13, 3, 10, 9, 3, 3, 3, 5, 3, 3]
y_dimensions = [38, 16, 4, 4, 4, 8, 4, 5, 4, 3, 11, 3, 3, 8, 7, 6, 3, 4, 3]
minimum_height = 133
----------
x_coordinates = [9, 7, 0, 15, 27, 23, 27, 11, 34, 25, 4, 17, 26, 34, 32, 35, 33, 35, 4]
y_coordinates = [65, 112, 128, 125, 127, 116, 116, 123, 110, 32, 102, 129, 58, 102, 120, 121, 114, 117, 123]
x_dimensions = [24, 4, 15, 12, 11, 4, 6, 4, 3, 13, 3, 10, 9, 3, 3, 3, 5, 3, 3]
y_dimensions = [38, 16, 4, 4, 4, 8, 4, 5, 4, 3, 11, 3, 3, 8, 7, 6, 3, 4, 3]
minimum_height = 132
----------
x_coordinates = [1, 34, 12, 0, 27, 33, 28, 23, 35, 25, 26, 20, 28, 32, 32, 35, 35, 11, 29]
y_coordinates = [64, 110, 127, 126, 126, 83, 122, 122, 97, 69, 90, 117, 72, 102, 95, 91, 101, 122, 100]
x_dimensions = [24, 4, 15, 12, 11, 4, 6, 4, 3, 13, 3, 3, 9, 3, 3, 3, 3, 3, 3]
y_dimensions = [38, 16, 4, 4, 4, 8, 4, 5, 4, 3, 11, 10, 3, 8, 7, 6, 5, 4, 3]
minimum_height = 131
----------
x_coordinates = [9, 19, 12, 0, 27, 30, 29, 23, 26, 25, 6, 35, 28, 33, 33, 16, 34, 11, 8]
y_coordinates = [64, 117, 126, 125, 125, 109, 121, 121, 113, 49, 100, 115, 61, 101, 94, 114, 110, 119, 122]
x_dimensions = [24, 16, 15, 12, 11, 4, 6, 4, 3, 13, 3, 3, 9, 3, 3, 3, 3, 3, 3]
y_dimensions = [38, 4, 4, 4, 4, 8, 4, 5, 4, 3, 11, 10, 3, 8, 7, 6, 5, 4, 3]
minimum_height = 130
----------
x_coordinates = [12, 18, 3, 22, 27, 33, 32, 34, 2, 25, 9, 0, 28, 15, 35, 12, 29, 24, 4]
y_coordinates = [63, 113, 123, 125, 120, 108, 116, 124, 113, 29, 107, 119, 33, 115, 101, 115, 115, 119, 117]
x_dimensions = [24, 4, 15, 12, 11, 4, 6, 4, 3, 13, 3, 3, 9, 3, 3, 3, 3, 3, 3]
y_dimensions = [38, 16, 4, 4, 4, 8, 4, 5, 4, 3, 11, 10, 3, 8, 7, 6, 5, 4, 3]
minimum_height = 129
----------
x_coordinates = [9, 30, 3, 18, 34, 34, 32, 34, 27, 25, 24, 0, 26, 14, 33, 11, 17, 19, 27]
y_coordinates = [55, 111, 122, 124, 112, 104, 93, 123, 113, 2, 110, 116, 34, 111, 97, 111, 111, 120, 118]
x_dimensions = [24, 4, 15, 12, 4, 4, 6, 4, 3, 13, 3, 3, 9, 3, 3, 3, 3, 3, 3]
y_dimensions = [38, 16, 4, 4, 11, 8, 4, 5, 4, 3, 11, 10, 3, 8, 7, 6, 5, 4, 3]
minimum_height = 128
----------
x_coordinates = [12, 30, 3, 18, 34, 34, 32, 34, 16, 25, 19, 17, 26, 0, 33, 13, 27, 10, 25]
y_coordinates = [27, 111, 113, 113, 103, 119, 92, 114, 122, 12, 123, 118, 24, 113, 96, 120, 118, 120, 100]
x_dimensions = [24, 4, 15, 12, 4, 4, 6, 4, 3, 13, 11, 10, 9, 3, 3, 3, 3, 3, 3]
y_dimensions = [38, 16, 4, 4, 11, 8, 4, 5, 4, 3, 3, 3, 3, 8, 7, 6, 5, 4, 3]
minimum_height = 127
----------
x_coordinates = [13, 4, 3, 21, 30, 34, 32, 33, 18, 25, 19, 20, 26, 0, 32, 35, 2, 34, 24]
y_coordinates = [60, 118, 122, 121, 110, 109, 98, 121, 122, 42, 107, 118, 53, 116, 102, 103, 111, 117, 108]
x_dimensions = [24, 16, 15, 12, 4, 4, 6, 4, 3, 13, 3, 10, 9, 3, 3, 3, 3, 3, 3]
y_dimensions = [38, 4, 4, 4, 11, 8, 4, 5, 4, 3, 11, 3, 3, 8, 7, 6, 5, 4, 3]
minimum_height = 126
----------
x_coordinates = [14, 3, 7, 22, 34, 31, 32, 3, 28, 25, 18, 24, 27, 0, 35, 15, 2, 19, 35]
y_coordinates = [61, 121, 117, 120, 114, 106, 100, 116, 112, 22, 106, 116, 46, 116, 107, 111, 111, 121, 104]
x_dimensions = [24, 16, 15, 12, 4, 4, 6, 4, 3, 13, 3, 10, 9, 3, 3, 3, 3, 3, 3]
y_dimensions = [38, 4, 4, 4, 11, 8, 4, 5, 4, 3, 11, 3, 3, 8, 7, 6, 5, 4, 3]
minimum_height = 125
----------
x_coordinates = [14, 0, 16, 22, 31, 33, 30, 34, 15, 25, 9, 9, 27, 35, 33, 12, 15, 19, 34]
y_coordinates = [25, 117, 116, 120, 108, 100, 85, 119, 112, 4, 106, 121, 8, 111, 93, 107, 107, 120, 90]
x_dimensions = [24, 16, 15, 12, 4, 4, 6, 4, 3, 13, 3, 10, 9, 3, 3, 3, 3, 3, 3]
y_dimensions = [38, 4, 4, 4, 11, 8, 4, 5, 4, 3, 11, 3, 3, 8, 7, 6, 5, 4, 3]
minimum_height = 124
----------
x_coordinates = [1, 0, 16, 22, 31, 32, 30, 34, 16, 25, 12, 6, 29, 35, 32, 35, 15, 19, 33]
y_coordinates = [60, 116, 115, 119, 107, 99, 79, 118, 119, 83, 105, 120, 86, 110, 92, 93, 106, 119, 89]
x_dimensions = [24, 16, 15, 12, 4, 4, 6, 4, 3, 13, 3, 10, 9, 3, 3, 3, 3, 3, 3]
y_dimensions = [38, 4, 4, 4, 11, 8, 4, 5, 4, 3, 11, 3, 3, 8, 7, 6, 5, 4, 3]
minimum_height = 123
----------
x_coordinates = [14, 0, 16, 22, 31, 33, 30, 34, 6, 25, 9, 8, 28, 35, 33, 12, 15, 19, 30]
y_coordinates = [49, 115, 114, 118, 106, 98, 87, 117, 105, 43, 104, 119, 46, 108, 91, 105, 105, 118, 97]
x_dimensions = [24, 16, 15, 12, 4, 4, 6, 4, 3, 13, 3, 10, 9, 3, 3, 3, 3, 3, 3]
y_dimensions = [38, 4, 4, 4, 11, 8, 4, 5, 4, 3, 11, 3, 3, 8, 7, 6, 5, 4, 3]
minimum_height = 122
----------
x_coordinates = [14, 0, 16, 22, 31, 31, 30, 34, 15, 25, 15, 9, 29, 35, 32, 35, 12, 19, 35]
y_coordinates = [44, 114, 113, 117, 105, 97, 86, 116, 104, 22, 107, 118, 41, 108, 90, 102, 104, 117, 95]
x_dimensions = [24, 16, 15, 12, 4, 4, 6, 4, 4, 13, 11, 10, 9, 3, 3, 3, 3, 3, 3]
y_dimensions = [38, 4, 4, 4, 11, 8, 4, 5, 3, 3, 3, 3, 3, 8, 7, 6, 5, 4, 3]
minimum_height = 121
----------
x_coordinates = [1, 0, 16, 22, 31, 31, 30, 34, 14, 25, 25, 9, 27, 35, 33, 28, 18, 19, 35]
y_coordinates = [59, 113, 112, 116, 104, 96, 76, 115, 103, 80, 96, 117, 83, 106, 89, 103, 103, 116, 103]
x_dimensions = [24, 16, 15, 12, 4, 4, 6, 4, 4, 13, 3, 10, 9, 3, 3, 3, 3, 3, 3]
y_dimensions = [38, 4, 4, 4, 11, 8, 4, 5, 3, 3, 11, 3, 3, 8, 7, 6, 5, 4, 3]
minimum_height = 120
----------
x_coordinates = [0, 15, 19, 21, 34, 27, 30, 32, 30, 25, 33, 9, 26, 3, 32, 33, 6, 31, 35]
y_coordinates = [58, 99, 114, 96, 108, 106, 69, 86, 66, 73, 97, 116, 76, 107, 79, 91, 113, 110, 78]
x_dimensions = [24, 4, 15, 12, 4, 4, 6, 4, 4, 13, 3, 10, 9, 3, 3, 3, 3, 3, 3]
y_dimensions = [38, 16, 4, 4, 11, 8, 4, 5, 3, 3, 11, 3, 3, 8, 7, 6, 5, 4, 3]
minimum_height = 119
----------
x_coordinates = [11, 8, 19, 22, 34, 31, 30, 4, 15, 25, 12, 18, 29, 5, 32, 1, 15, 28, 35]
y_coordinates = [27, 102, 114, 110, 107, 99, 88, 113, 115, 9, 106, 104, 13, 105, 92, 112, 106, 106, 98]
x_dimensions = [24, 4, 15, 12, 4, 4, 6, 4, 4, 13, 3, 3, 9, 3, 3, 3, 3, 3, 3]
y_dimensions = [38, 16, 4, 4, 11, 8, 4, 5, 3, 3, 11, 10, 3, 8, 7, 6, 5, 4, 3]
minimum_height = 118
----------
x_coordinates = [10, 7, 16, 21, 34, 31, 30, 17, 29, 25, 31, 11, 29, 14, 32, 33, 13, 26, 35]
y_coordinates = [42, 101, 113, 102, 105, 91, 80, 101, 99, 14, 106, 107, 39, 105, 84, 99, 98, 98, 90]
x_dimensions = [24, 4, 15, 12, 4, 4, 6, 4, 4, 13, 3, 3, 9, 3, 3, 3, 3, 3, 3]
y_dimensions = [38, 16, 4, 4, 11, 8, 4, 5, 3, 3, 11, 10, 3, 8, 7, 6, 5, 4, 3]
minimum_height = 117
----------
x_coordinates = [3, 4, 19, 22, 34, 31, 18, 15, 11, 25, 12, 8, 27, 1, 32, 9, 1, 31, 35]
y_coordinates = [46, 100, 112, 108, 105, 96, 103, 111, 102, 38, 105, 100, 83, 106, 89, 110, 101, 104, 95]
x_dimensions = [24, 4, 15, 12, 4, 4, 6, 4, 4, 13, 3, 3, 9, 3, 3, 3, 3, 3, 3]
y_dimensions = [38, 16, 4, 4, 11, 8, 4, 5, 3, 3, 11, 10, 3, 8, 7, 6, 5, 4, 3]
minimum_height = 116
----------
x_coordinates = [11, 12, 23, 26, 33, 32, 8, 22, 21, 21, 24, 16, 1, 30, 35, 19, 16, 19, 32]
y_coordinates = [47, 94, 100, 96, 104, 88, 95, 95, 92, 36, 104, 103, 84, 107, 81, 99, 95, 95, 85]
x_dimensions = [24, 4, 15, 12, 4, 4, 4, 4, 4, 13, 3, 3, 9, 3, 3, 3, 3, 3, 3]
y_dimensions = [38, 16, 4, 4, 11, 8, 6, 5, 3, 3, 11, 10, 3, 8, 7, 6, 5, 4, 3]
minimum_height = 115
----------
x_coordinates = [6, 30, 22, 23, 34, 32, 32, 19, 32, 3, 34, 33, 0, 30, 32, 35, 3, 20, 30]
y_coordinates = [50, 94, 110, 90, 99, 71, 46, 88, 50, 86, 60, 80, 83, 79, 53, 92, 78, 93, 87]
x_dimensions = [24, 4, 15, 12, 4, 4, 6, 4, 4, 3, 3, 3, 3, 3, 3, 3, 3, 3, 3]
y_dimensions = [38, 16, 4, 4, 11, 8, 4, 5, 3, 13, 11, 10, 9, 8, 7, 6, 5, 4, 3]
minimum_height = 114
----------
x_coordinates = [1, 30, 9, 26, 34, 33, 32, 22, 25, 25, 24, 27, 26, 25, 33, 25, 29, 23, 35]
y_coordinates = [53, 97, 109, 93, 102, 79, 75, 91, 74, 87, 102, 103, 90, 84, 68, 78, 75, 96, 90]
x_dimensions = [24, 4, 15, 12, 4, 4, 6, 4, 4, 13, 3, 3, 9, 8, 3, 3, 3, 3, 3]
y_dimensions = [38, 16, 4, 4, 11, 8, 4, 5, 3, 3, 11, 10, 3, 3, 7, 6, 5, 4, 3]
minimum_height = 113
----------
x_coordinates = [6, 30, 23, 23, 19, 33, 0, 24, 34, 34, 35, 33, 31, 27, 22, 32, 30, 32, 3]
y_coordinates = [55, 22, 51, 104, 101, 80, 85, 46, 35, 88, 101, 38, 92, 19, 94, 48, 87, 108, 92]
x_dimensions = [24, 4, 15, 12, 4, 4, 6, 4, 4, 3, 3, 3, 3, 8, 3, 6, 3, 3, 3]
y_dimensions = [38, 16, 4, 4, 11, 8, 4, 5, 3, 13, 11, 10, 9, 3, 7, 3, 5, 4, 3]
minimum_height = 112
----------
x_coordinates = [6, 34, 22, 23, 19, 27, 14, 18, 34, 31, 35, 35, 26, 30, 16, 32, 11, 20, 3]
y_coordinates = [53, 74, 49, 99, 100, 91, 96, 48, 42, 86, 90, 101, 108, 70, 102, 46, 98, 96, 89]
x_dimensions = [24, 4, 15, 12, 4, 4, 6, 4, 4, 3, 3, 3, 9, 8, 3, 6, 3, 3, 3]
y_dimensions = [38, 16, 4, 4, 11, 8, 4, 5, 3, 13, 11, 10, 3, 3, 7, 3, 5, 4, 3]
minimum_height = 111
----------
x_coordinates = [3, 32, 16, 26, 22, 34, 16, 12, 29, 31, 28, 30, 27, 27, 15, 30, 9, 25, 12]
y_coordinates = [53, 64, 91, 106, 98, 89, 96, 94, 47, 90, 95, 80, 82, 61, 103, 52, 96, 49, 101]
x_dimensions = [24, 4, 15, 12, 4, 4, 6, 4, 4, 3, 3, 3, 3, 8, 3, 6, 3, 3, 3]
y_dimensions = [38, 16, 4, 4, 11, 8, 4, 5, 3, 13, 11, 10, 9, 3, 7, 3, 5, 4, 3]
minimum_height = 110
----------
x_coordinates = [3, 30, 16, 26, 21, 34, 15, 11, 29, 31, 28, 30, 27, 26, 14, 30, 25, 24, 33]
y_coordinates = [52, 73, 90, 105, 98, 88, 95, 93, 38, 89, 94, 41, 81, 35, 102, 51, 95, 48, 102]
x_dimensions = [24, 4, 15, 12, 4, 4, 6, 4, 4, 3, 3, 3, 3, 8, 3, 6, 3, 3, 3]
y_dimensions = [38, 16, 4, 4, 11, 8, 4, 5, 3, 13, 11, 10, 9, 3, 7, 3, 5, 4, 3]
minimum_height = 109
----------
x_coordinates = [6, 34, 23, 26, 18, 22, 12, 19, 34, 3, 35, 35, 25, 30, 9, 32, 0, 6, 35]
y_coordinates = [53, 85, 49, 101, 97, 97, 100, 48, 40, 90, 61, 75, 105, 72, 100, 46, 100, 100, 105]
x_dimensions = [24, 4, 15, 12, 4, 4, 6, 4, 4, 3, 3, 3, 9, 8, 3, 6, 3, 3, 3]
y_dimensions = [38, 16, 4, 4, 11, 8, 4, 5, 3, 13, 11, 10, 3, 3, 7, 3, 5, 4, 3]
minimum_height = 108
----------
x_coordinates = [6, 23, 16, 27, 2, 34, 30, 31, 28, 35, 28, 26, 31, 26, 5, 30, 20, 30, 28]
y_coordinates = [49, 91, 87, 94, 85, 99, 75, 90, 22, 86, 25, 39, 98, 36, 100, 83, 102, 79, 91]
x_dimensions = [24, 4, 15, 4, 4, 4, 6, 4, 4, 3, 3, 3, 3, 8, 3, 6, 3, 3, 3]
y_dimensions = [38, 16, 4, 12, 11, 8, 4, 5, 3, 13, 11, 10, 9, 3, 7, 3, 5, 4, 3]
minimum_height = 107
----------
x_coordinates = [7, 34, 19, 34, 23, 30, 31, 15, 33, 4, 33, 33, 27, 29, 20, 32, 12, 29, 31]
y_coordinates = [51, 90, 102, 78, 89, 89, 74, 99, 22, 88, 39, 29, 89, 26, 95, 50, 96, 47, 97]
x_dimensions = [24, 4, 15, 4, 4, 4, 6, 4, 4, 3, 3, 3, 3, 8, 3, 6, 3, 3, 3]
y_dimensions = [38, 16, 4, 12, 11, 8, 4, 5, 3, 13, 11, 10, 9, 3, 7, 3, 5, 4, 3]
minimum_height = 106
----------
x_coordinates = [13, 34, 23, 27, 17, 31, 30, 23, 34, 21, 35, 34, 28, 27, 14, 32, 25, 24, 32]
y_coordinates = [12, 75, 58, 84, 90, 94, 54, 87, 50, 92, 94, 65, 96, 62, 98, 91, 100, 93, 102]
x_dimensions = [24, 4, 15, 4, 4, 4, 6, 4, 4, 3, 3, 3, 3, 8, 3, 6, 3, 3, 3]
y_dimensions = [38, 16, 4, 12, 11, 8, 4, 5, 3, 13, 11, 10, 9, 3, 7, 3, 5, 4, 3]
minimum_height = 105
----------
x_coordinates = [11, 18, 21, 27, 34, 34, 30, 18, 21, 31, 33, 31, 28, 25, 15, 22, 12, 9, 21]
y_coordinates = [21, 78, 66, 80, 93, 85, 61, 94, 63, 91, 70, 81, 92, 77, 90, 92, 90, 91, 75]
x_dimensions = [24, 4, 15, 4, 4, 4, 6, 4, 4, 3, 3, 3, 3, 8, 3, 6, 3, 3, 3]
y_dimensions = [38, 16, 4, 12, 11, 8, 4, 5, 3, 13, 11, 10, 9, 3, 7, 3, 5, 4, 3]
minimum_height = 104
----------
x_coordinates = [6, 2, 23, 27, 13, 34, 30, 9, 34, 31, 35, 35, 23, 30, 6, 32, 12, 24, 32]
y_coordinates = [50, 86, 46, 91, 99, 92, 77, 98, 43, 87, 81, 67, 90, 64, 95, 100, 91, 99, 84]
x_dimensions = [24, 4, 15, 4, 11, 4, 6, 4, 4, 3, 3, 3, 3, 8, 3, 6, 3, 3, 3]
y_dimensions = [38, 16, 4, 12, 4, 8, 4, 5, 3, 13, 11, 10, 9, 3, 7, 3, 5, 4, 3]
minimum_height = 103
----------
x_coordinates = [6, 0, 23, 27, 4, 34, 30, 23, 33, 18, 35, 31, 6, 30, 24, 31, 15, 21, 33]
y_coordinates = [50, 82, 46, 90, 97, 94, 76, 90, 43, 89, 83, 86, 94, 73, 95, 96, 93, 95, 80]
x_dimensions = [24, 4, 15, 4, 11, 4, 6, 4, 4, 3, 3, 3, 9, 8, 3, 3, 3, 3, 3]
y_dimensions = [38, 16, 4, 12, 4, 8, 4, 5, 3, 13, 11, 10, 3, 3, 7, 6, 5, 4, 3]
minimum_height = 102
----------
x_coordinates = [9, 34, 23, 31, 14, 27, 30, 17, 33, 21, 35, 12, 25, 33, 15, 31, 18, 33, 32]
y_coordinates = [28, 85, 66, 70, 97, 93, 24, 92, 51, 90, 74, 84, 87, 54, 84, 93, 87, 62, 82]
x_dimensions = [24, 4, 15, 4, 11, 4, 6, 4, 4, 13, 3, 3, 9, 3, 3, 3, 3, 3, 3]
y_dimensions = [38, 16, 4, 12, 4, 8, 4, 5, 3, 3, 11, 10, 3, 8, 7, 6, 5, 4, 3]
minimum_height = 101
----------
x_coordinates = [14, 26, 23, 31, 25, 14, 32, 21, 34, 13, 35, 10, 25, 32, 18, 35, 30, 34, 35]
y_coordinates = [33, 80, 29, 71, 96, 92, 21, 93, 17, 89, 76, 86, 18, 83, 93, 90, 91, 25, 87]
x_dimensions = [24, 4, 15, 4, 11, 4, 6, 4, 4, 13, 3, 3, 9, 3, 3, 3, 5, 3, 3]
y_dimensions = [38, 16, 4, 12, 4, 8, 4, 5, 3, 3, 11, 10, 3, 8, 7, 6, 3, 4, 3]
minimum_height = 100
----------
x_coordinates = [11, 18, 23, 31, 17, 31, 30, 22, 34, 4, 35, 1, 29, 35, 15, 35, 26, 34, 35]
y_coordinates = [41, 79, 37, 79, 95, 91, 26, 90, 30, 94, 71, 89, 16, 82, 87, 93, 92, 33, 90]
x_dimensions = [24, 4, 15, 4, 11, 4, 6, 4, 4, 13, 3, 3, 9, 3, 3, 3, 5, 3, 3]
y_dimensions = [38, 16, 4, 12, 4, 8, 4, 5, 3, 3, 11, 10, 3, 8, 7, 6, 3, 4, 3]
minimum_height = 99
----------
x_coordinates = [7, 19, 34, 32, 17, 28, 31, 23, 34, 25, 32, 14, 29, 33, 25, 35, 27, 31, 35]
y_coordinates = [37, 77, 60, 22, 94, 88, 56, 82, 53, 75, 86, 85, 34, 78, 87, 92, 84, 71, 86]
x_dimensions = [24, 4, 4, 4, 11, 4, 6, 4, 4, 13, 3, 3, 9, 3, 3, 3, 5, 3, 3]
y_dimensions = [38, 16, 15, 12, 4, 8, 4, 5, 3, 3, 11, 10, 3, 8, 7, 6, 3, 4, 3]
minimum_height = 98
----------
x_coordinates = [6, 21, 30, 33, 24, 25, 32, 25, 33, 25, 34, 18, 28, 34, 31, 35, 29, 3, 32]
y_coordinates = [41, 79, 65, 22, 34, 84, 61, 92, 58, 80, 69, 87, 38, 83, 83, 91, 90, 78, 94]
x_dimensions = [24, 4, 4, 4, 11, 4, 6, 4, 4, 13, 3, 3, 9, 3, 3, 3, 5, 3, 3]
y_dimensions = [38, 16, 15, 12, 4, 8, 4, 5, 3, 3, 11, 10, 3, 8, 7, 6, 3, 4, 3]
minimum_height = 97
----------
x_coordinates = [9, 31, 33, 32, 26, 27, 32, 28, 30, 18, 18, 15, 29, 35, 29, 21, 33, 2, 35]
y_coordinates = [37, 80, 62, 14, 30, 88, 26, 75, 7, 79, 85, 86, 34, 85, 23, 92, 77, 74, 93]
x_dimensions = [24, 4, 4, 4, 11, 4, 6, 5, 4, 13, 3, 3, 9, 3, 3, 6, 5, 3, 3]
y_dimensions = [38, 16, 15, 12, 4, 8, 4, 4, 3, 3, 11, 10, 3, 8, 7, 3, 3, 4, 3]
minimum_height = 96
----------
x_coordinates = [6, 34, 2, 34, 26, 30, 32, 21, 33, 22, 34, 5, 29, 35, 24, 29, 17, 31, 35]
y_coordinates = [42, 60, 70, 45, 38, 56, 30, 90, 42, 87, 76, 85, 35, 87, 80, 92, 86, 75, 57]
x_dimensions = [24, 4, 4, 4, 11, 4, 6, 4, 4, 13, 3, 3, 9, 3, 3, 6, 5, 3, 3]
y_dimensions = [38, 16, 15, 12, 4, 8, 4, 5, 3, 3, 11, 10, 3, 8, 7, 3, 3, 4, 3]
minimum_height = 95
----------
x_coordinates = [14, 21, 10, 26, 22, 34, 15, 25, 30, 25, 35, 29, 28, 35, 24, 33, 35, 32, 35]
y_coordinates = [27, 76, 64, 68, 65, 69, 75, 13, 75, 80, 83, 84, 65, 19, 18, 8, 14, 90, 77]
x_dimensions = [24, 4, 4, 4, 4, 4, 6, 4, 4, 13, 3, 3, 9, 3, 3, 3, 3, 3, 3]
y_dimensions = [38, 16, 15, 12, 11, 8, 4, 5, 3, 3, 11, 10, 3, 8, 7, 6, 5, 4, 3]
minimum_height = 94
----------
x_coordinates = [14, 23, 10, 27, 19, 31, 3, 22, 30, 24, 35, 9, 29, 35, 22, 33, 34, 32, 35]
y_coordinates = [32, 77, 69, 81, 77, 85, 83, 18, 78, 10, 82, 86, 75, 24, 70, 13, 19, 81, 79]
x_dimensions = [24, 4, 4, 4, 4, 4, 6, 4, 4, 13, 3, 10, 9, 3, 3, 3, 3, 3, 3]
y_dimensions = [38, 16, 15, 12, 11, 8, 4, 5, 3, 3, 11, 3, 3, 8, 7, 6, 5, 4, 3]
minimum_height = 93
----------
x_coordinates = [5, 8, 17, 31, 0, 4, 12, 30, 28, 18, 35, 20, 29, 35, 3, 33, 34, 32, 35]
y_coordinates = [33, 76, 71, 80, 81, 80, 86, 69, 79, 86, 81, 89, 52, 70, 73, 59, 65, 76, 78]
x_dimensions = [24, 4, 4, 4, 4, 4, 6, 4, 3, 13, 3, 10, 9, 3, 3, 3, 3, 3, 3]
y_dimensions = [38, 16, 15, 12, 11, 8, 4, 5, 4, 3, 11, 3, 3, 8, 7, 6, 5, 4, 3]
minimum_height = 92
----------
x_coordinates = [0, 7, 23, 31, 3, 27, 32, 30, 11, 14, 35, 34, 29, 35, 4, 33, 34, 20, 29]
y_coordinates = [44, 75, 72, 74, 73, 80, 86, 35, 85, 87, 75, 15, 71, 36, 84, 25, 31, 83, 88]
x_dimensions = [38, 4, 4, 4, 4, 4, 6, 4, 3, 13, 3, 3, 9, 3, 3, 3, 3, 3, 3]
y_dimensions = [24, 16, 15, 12, 11, 8, 4, 5, 4, 3, 11, 10, 3, 8, 7, 6, 5, 4, 3]
minimum_height = 91
----------
x_coordinates = [0, 4, 21, 34, 0, 25, 23, 10, 1, 8, 29, 35, 28, 31, 1, 18, 35, 15, 32]
y_coordinates = [39, 74, 71, 63, 68, 74, 86, 75, 79, 79, 77, 80, 36, 69, 83, 73, 75, 74, 78]
x_dimensions = [38, 4, 4, 4, 4, 4, 6, 5, 3, 13, 3, 3, 9, 3, 3, 3, 3, 3, 3]
y_dimensions = [24, 16, 15, 12, 11, 8, 4, 4, 4, 3, 11, 10, 3, 8, 7, 6, 5, 4, 3]
minimum_height = 90
----------
x_coordinates = [0, 6, 20, 32, 31, 23, 23, 27, 26, 7, 30, 28, 14, 35, 29, 24, 26, 4, 35]
y_coordinates = [43, 84, 69, 30, 78, 35, 31, 83, 80, 79, 67, 21, 40, 77, 34, 83, 75, 77, 86]
x_dimensions = [38, 16, 4, 4, 4, 4, 6, 4, 4, 13, 3, 3, 9, 3, 3, 3, 3, 3, 3]
y_dimensions = [24, 4, 15, 12, 11, 8, 4, 5, 3, 3, 11, 10, 3, 8, 7, 6, 5, 4, 3]
minimum_height = 89
----------
x_coordinates = [0, 12, 4, 25, 34, 8, 7, 29, 28, 12, 32, 33, 28, 33, 32, 31, 30, 27, 30]
y_coordinates = [43, 80, 73, 68, 77, 75, 18, 76, 82, 77, 29, 19, 40, 69, 12, 82, 67, 36, 73]
x_dimensions = [38, 16, 4, 4, 4, 4, 6, 4, 3, 13, 3, 3, 9, 3, 3, 3, 3, 3, 3]
y_dimensions = [24, 4, 15, 12, 11, 8, 4, 5, 4, 3, 11, 10, 3, 8, 7, 6, 5, 4, 3]
minimum_height = 88
----------
x_coordinates = [0, 11, 17, 10, 6, 27, 30, 31, 35, 14, 34, 35, 29, 32, 7, 32, 35, 9, 35]
y_coordinates = [42, 83, 75, 71, 76, 79, 67, 79, 80, 79, 28, 18, 39, 71, 69, 84, 72, 38, 77]
x_dimensions = [38, 16, 15, 4, 4, 4, 6, 4, 3, 13, 3, 3, 9, 3, 3, 6, 3, 3, 3]
y_dimensions = [24, 4, 4, 12, 11, 8, 4, 5, 4, 3, 11, 10, 3, 8, 7, 3, 5, 4, 3]
minimum_height = 87
----------
x_coordinates = [0, 18, 3, 27, 23, 16, 17, 31, 34, 3, 32, 30, 29, 35, 22, 32, 20, 29, 35]
y_coordinates = [42, 70, 73, 74, 75, 78, 23, 78, 68, 82, 28, 18, 39, 72, 27, 83, 79, 35, 80]
x_dimensions = [38, 16, 15, 4, 4, 4, 6, 4, 3, 13, 3, 3, 9, 3, 3, 6, 3, 3, 3]
y_dimensions = [24, 4, 4, 12, 11, 8, 4, 5, 4, 3, 11, 10, 3, 8, 7, 3, 5, 4, 3]
minimum_height = 86
----------
x_coordinates = [0, 22, 18, 26, 31, 21, 21, 30, 34, 8, 33, 24, 29, 35, 33, 35, 32, 29, 32]
y_coordinates = [34, 30, 19, 71, 61, 77, 15, 80, 81, 79, 14, 5, 58, 73, 7, 67, 75, 24, 72]
x_dimensions = [38, 16, 4, 4, 4, 4, 6, 4, 3, 13, 3, 3, 9, 3, 3, 3, 3, 3, 3]
y_dimensions = [24, 4, 15, 12, 11, 8, 4, 5, 4, 3, 11, 10, 3, 8, 7, 6, 5, 4, 3]
minimum_height = 85
----------
x_coordinates = [0, 22, 18, 26, 33, 21, 16, 30, 34, 8, 33, 21, 23, 5, 30, 33, 35, 29, 33]
y_coordinates = [38, 33, 19, 72, 62, 76, 34, 79, 81, 80, 16, 8, 69, 75, 72, 27, 76, 26, 73]
x_dimensions = [38, 16, 4, 4, 4, 4, 6, 4, 4, 13, 3, 3, 9, 3, 3, 3, 3, 3, 3]
y_dimensions = [24, 4, 15, 12, 11, 8, 4, 5, 3, 3, 11, 10, 3, 8, 7, 6, 5, 4, 3]
minimum_height = 84
----------
x_coordinates = [0, 19, 15, 27, 31, 16, 13, 34, 20, 3, 35, 35, 29, 0, 13, 35, 31, 18, 24]
y_coordinates = [37, 30, 18, 71, 67, 75, 33, 78, 80, 80, 61, 24, 34, 75, 73, 72, 78, 71, 80]
x_dimensions = [38, 16, 4, 4, 4, 4, 6, 4, 4, 13, 3, 3, 9, 3, 3, 3, 3, 3, 3]
y_dimensions = [24, 4, 15, 12, 11, 8, 4, 5, 3, 3, 11, 10, 3, 8, 7, 6, 5, 4, 3]
minimum_height = 83
----------
x_coordinates = [0, 19, 15, 26, 34, 16, 13, 33, 31, 25, 35, 12, 32, 23, 25, 35, 35, 20, 34]
y_coordinates = [11, 59, 47, 75, 45, 74, 62, 41, 63, 56, 64, 52, 66, 71, 79, 35, 59, 74, 79]
x_dimensions = [38, 16, 4, 12, 4, 4, 6, 5, 4, 13, 3, 3, 3, 3, 7, 3, 3, 3, 3]
y_dimensions = [24, 4, 15, 4, 11, 8, 4, 4, 3, 3, 11, 10, 9, 8, 3, 6, 5, 4, 3]
minimum_height = 82
----------
x_coordinates = [0, 15, 11, 19, 34, 11, 9, 32, 34, 25, 6, 22, 30, 32, 31, 35, 35, 3, 35]
y_coordinates = [19, 65, 52, 72, 53, 73, 69, 49, 64, 67, 66, 62, 58, 73, 70, 43, 76, 75, 73]
x_dimensions = [38, 4, 4, 12, 4, 4, 6, 5, 4, 13, 3, 3, 3, 3, 7, 3, 3, 3, 3]
y_dimensions = [24, 16, 15, 4, 11, 8, 4, 4, 3, 3, 11, 10, 9, 8, 3, 6, 5, 4, 3]
minimum_height = 81
----------
x_coordinates = [0, 15, 11, 10, 7, 14, 0, 33, 35, 25, 4, 28, 31, 34, 32, 35, 6, 1, 35]
y_coordinates = [30, 66, 57, 72, 61, 76, 65, 60, 73, 26, 63, 70, 64, 65, 73, 54, 75, 71, 77]
x_dimensions = [38, 16, 4, 12, 4, 8, 4, 5, 3, 13, 3, 3, 3, 3, 3, 3, 3, 3, 3]
y_dimensions = [24, 4, 15, 4, 11, 4, 6, 4, 4, 3, 11, 10, 9, 8, 7, 6, 5, 4, 3]
minimum_height = 80
----------
x_coordinates = [0, 17, 13, 26, 9, 16, 4, 32, 35, 23, 10, 34, 31, 33, 28, 35, 12, 1, 9]
y_coordinates = [19, 66, 52, 53, 52, 74, 65, 49, 75, 1, 63, 57, 57, 67, 76, 43, 74, 66, 74]
x_dimensions = [38, 16, 4, 12, 4, 8, 6, 5, 3, 13, 3, 3, 3, 3, 7, 3, 3, 3, 3]
y_dimensions = [24, 4, 15, 4, 11, 4, 4, 4, 4, 3, 11, 10, 9, 8, 3, 6, 5, 4, 3]
minimum_height = 79
----------
x_coordinates = [0, 15, 27, 26, 18, 20, 22, 32, 34, 25, 27, 33, 30, 31, 28, 35, 17, 15, 35]
y_coordinates = [9, 66, 36, 51, 50, 74, 50, 47, 70, 1, 55, 57, 56, 67, 75, 41, 73, 54, 74]
x_dimensions = [38, 16, 4, 12, 4, 8, 4, 5, 3, 13, 3, 3, 3, 3, 7, 3, 3, 3, 3]
y_dimensions = [24, 4, 15, 4, 11, 4, 6, 4, 4, 3, 11, 10, 9, 8, 3, 6, 5, 4, 3]
minimum_height = 78
----------
x_coordinates = [0, 18, 29, 26, 24, 28, 22, 33, 35, 25, 31, 34, 32, 35, 31, 35, 25, 15, 35]
y_coordinates = [8, 47, 36, 51, 61, 69, 50, 44, 73, 5, 55, 55, 68, 65, 33, 38, 72, 54, 48]
x_dimensions = [38, 4, 4, 12, 4, 4, 4, 5, 3, 13, 3, 3, 3, 3, 7, 3, 3, 3, 3]
y_dimensions = [24, 16, 15, 4, 11, 8, 6, 4, 4, 3, 11, 10, 9, 8, 3, 6, 5, 4, 3]
minimum_height = 77
----------
x_coordinates = [0, 7, 29, 21, 13, 26, 17, 33, 35, 25, 29, 32, 35, 23, 31, 35, 30, 10, 34]
y_coordinates = [14, 68, 38, 53, 51, 68, 52, 52, 72, 9, 57, 59, 60, 68, 69, 42, 73, 56, 49]
x_dimensions = [38, 16, 4, 12, 4, 4, 4, 5, 3, 13, 3, 3, 3, 3, 7, 3, 5, 3, 3]
y_dimensions = [24, 4, 15, 4, 11, 8, 6, 4, 4, 3, 11, 10, 9, 8, 3, 6, 3, 4, 3]
minimum_height = 76
----------
x_coordinates = [0, 18, 28, 24, 14, 31, 17, 33, 25, 24, 31, 35, 35, 22, 28, 32, 28, 17, 28]
y_coordinates = [8, 56, 48, 33, 56, 64, 50, 60, 71, 4, 37, 47, 66, 65, 72, 54, 67, 36, 63]
x_dimensions = [38, 4, 4, 12, 4, 4, 4, 5, 3, 13, 3, 3, 3, 3, 7, 3, 3, 3, 3]
y_dimensions = [24, 16, 15, 4, 11, 8, 6, 4, 4, 3, 11, 10, 9, 8, 3, 6, 5, 4, 3]
minimum_height = 75
----------
x_coordinates = [0, 25, 33, 21, 30, 34, 29, 22, 17, 24, 22, 26, 18, 27, 20, 35, 14, 19, 26]
y_coordinates = [3, 41, 40, 37, 62, 66, 51, 63, 70, 0, 52, 57, 67, 66, 71, 60, 66, 54, 60]
x_dimensions = [38, 4, 4, 12, 4, 4, 4, 5, 3, 13, 3, 10, 9, 3, 7, 3, 3, 3, 3]
y_dimensions = [24, 16, 15, 4, 11, 8, 6, 4, 4, 3, 11, 3, 3, 8, 3, 6, 5, 4, 3]
minimum_height = 74
----------
x_coordinates = [0, 25, 34, 20, 30, 14, 30, 21, 11, 22, 17, 21, 22, 30, 31, 20, 27, 14, 18]
y_coordinates = [19, 49, 52, 45, 56, 69, 50, 65, 68, 4, 55, 49, 70, 67, 70, 59, 65, 64, 66]
x_dimensions = [38, 4, 4, 12, 4, 8, 4, 5, 3, 13, 3, 3, 9, 8, 7, 3, 3, 3, 3]
y_dimensions = [24, 16, 15, 4, 11, 4, 6, 4, 4, 3, 11, 10, 3, 3, 3, 6, 5, 4, 3]
minimum_height = 73
----------
x_coordinates = [0, 22, 34, 21, 30, 13, 30, 32, 34, 10, 12, 19, 21, 5, 29, 29, 35, 8, 32]
y_coordinates = [8, 48, 52, 33, 58, 68, 52, 40, 44, 65, 43, 39, 69, 68, 37, 42, 67, 51, 69]
x_dimensions = [38, 16, 4, 12, 4, 8, 4, 5, 3, 13, 3, 3, 9, 8, 7, 3, 3, 3, 3]
y_dimensions = [24, 4, 15, 4, 11, 4, 6, 4, 4, 3, 11, 10, 3, 3, 3, 6, 5, 4, 3]
minimum_height = 72
----------
x_coordinates = [0, 0, 16, 20, 31, 15, 32, 0, 12, 4, 17, 22, 23, 4, 28, 35, 35, 14, 32]
y_coordinates = [20, 62, 61, 47, 54, 67, 50, 66, 67, 58, 50, 51, 68, 68, 65, 58, 64, 50, 68]
x_dimensions = [38, 16, 15, 12, 4, 8, 6, 4, 3, 13, 3, 3, 9, 8, 7, 3, 3, 3, 3]
y_dimensions = [24, 4, 4, 4, 11, 4, 4, 5, 4, 3, 11, 10, 3, 3, 3, 6, 5, 4, 3]
minimum_height = 71
----------
x_coordinates = [0, 11, 16, 19, 31, 29, 30, 4, 27, 15, 16, 1, 20, 8, 30, 35, 8, 10, 34]
y_coordinates = [20, 66, 62, 58, 56, 46, 50, 63, 66, 46, 51, 60, 49, 61, 67, 61, 65, 57, 53]
x_dimensions = [38, 16, 15, 12, 4, 8, 4, 4, 3, 13, 3, 3, 9, 8, 7, 3, 3, 3, 3]
y_dimensions = [24, 4, 4, 4, 11, 4, 6, 5, 4, 3, 11, 10, 3, 3, 3, 6, 5, 4, 3]
minimum_height = 70
----------
x_coordinates = [0, 15, 6, 20, 34, 30, 24, 28, 21, 23, 35, 3, 12, 24, 31, 35, 32, 30, 35]
y_coordinates = [4, 56, 62, 52, 46, 42, 60, 61, 65, 39, 28, 59, 66, 66, 57, 63, 64, 35, 60]
x_dimensions = [38, 16, 15, 12, 4, 8, 4, 4, 3, 13, 3, 3, 9, 8, 7, 3, 3, 3, 3]
y_dimensions = [24, 4, 4, 4, 11, 4, 6, 5, 4, 3, 11, 10, 3, 3, 3, 6, 5, 4, 3]
minimum_height = 69
----------
x_coordinates = [0, 18, 2, 22, 34, 30, 31, 27, 20, 17, 35, 8, 19, 23, 11, 17, 35, 16, 35]
y_coordinates = [8, 56, 64, 51, 49, 34, 61, 60, 64, 34, 38, 54, 37, 65, 59, 62, 63, 48, 60]
x_dimensions = [38, 16, 15, 12, 4, 8, 4, 4, 3, 13, 3, 3, 9, 8, 7, 3, 3, 3, 3]
y_dimensions = [24, 4, 4, 4, 11, 4, 6, 5, 4, 3, 11, 10, 3, 3, 3, 6, 5, 4, 3]
minimum_height = 68
----------
x_coordinates = [0, 15, 12, 22, 34, 29, 31, 30, 27, 22, 35, 7, 20, 23, 16, 10, 35, 30, 35]
y_coordinates = [8, 60, 56, 51, 48, 44, 61, 55, 56, 37, 33, 57, 43, 64, 64, 64, 59, 40, 64]
x_dimensions = [38, 16, 15, 12, 4, 8, 4, 4, 3, 13, 3, 3, 9, 8, 7, 6, 3, 3, 3]
y_dimensions = [24, 4, 4, 4, 11, 4, 6, 5, 4, 3, 11, 10, 3, 3, 3, 3, 5, 4, 3]
minimum_height = 67
----------
x_coordinates = [0, 15, 8, 22, 34, 30, 31, 31, 28, 23, 35, 5, 20, 23, 24, 18, 35, 22, 35]
y_coordinates = [5, 59, 55, 48, 44, 40, 60, 55, 52, 2, 29, 56, 39, 56, 63, 63, 58, 35, 63]
x_dimensions = [38, 16, 15, 12, 4, 8, 4, 4, 3, 13, 3, 3, 9, 8, 7, 6, 3, 3, 3]
y_dimensions = [24, 4, 4, 4, 11, 4, 6, 5, 4, 3, 11, 10, 3, 3, 3, 3, 5, 4, 3]
minimum_height = 66
----------
x_coordinates = [0, 15, 8, 21, 33, 30, 30, 31, 22, 24, 35, 2, 20, 23, 31, 7, 35, 30, 5]
y_coordinates = [6, 61, 56, 48, 46, 42, 30, 57, 52, 1, 31, 55, 40, 56, 62, 62, 57, 38, 55]
x_dimensions = [38, 16, 15, 12, 4, 8, 4, 4, 3, 13, 3, 3, 9, 8, 7, 6, 3, 3, 3]
y_dimensions = [24, 4, 4, 4, 11, 4, 6, 5, 4, 3, 11, 10, 3, 3, 3, 3, 5, 4, 3]
minimum_height = 65
----------
x_coordinates = [0, 16, 18, 22, 34, 26, 33, 12, 25, 18, 32, 34, 17, 24, 25, 31, 35, 21, 35]
y_coordinates = [29, 60, 22, 8, 2, 18, 23, 58, 4, 12, 53, 13, 17, 57, 26, 12, 59, 56, 56]
x_dimensions = [38, 16, 15, 12, 4, 8, 4, 4, 3, 13, 3, 3, 9, 8, 7, 3, 3, 3, 3]
y_dimensions = [24, 4, 4, 4, 11, 4, 6, 5, 4, 3, 11, 10, 3, 3, 3, 6, 5, 4, 3]
minimum_height = 64
----------
x_coordinates = [0, 15, 14, 7, 31, 31, 34, 11, 28, 22, 35, 35, 21, 23, 16, 19, 31, 14, 34]
y_coordinates = [30, 59, 23, 18, 8, 22, 54, 58, 15, 19, 9, 20, 27, 56, 56, 17, 58, 14, 60]
x_dimensions = [38, 16, 15, 12, 4, 4, 4, 4, 3, 13, 3, 3, 9, 8, 7, 3, 3, 3, 3]
y_dimensions = [24, 4, 4, 4, 11, 8, 6, 5, 4, 3, 11, 10, 3, 3, 3, 6, 5, 4, 3]
minimum_height = 63
----------
x_coordinates = [0, 15, 9, 23, 24, 28, 34, 11, 32, 22, 35, 35, 22, 3, 15, 19, 31, 14, 32]
y_coordinates = [30, 55, 26, 12, 19, 19, 56, 57, 25, 16, 9, 20, 59, 58, 59, 15, 57, 15, 19]
x_dimensions = [38, 16, 15, 12, 4, 4, 4, 4, 3, 13, 3, 3, 9, 8, 7, 3, 3, 3, 3]
y_dimensions = [24, 4, 4, 4, 11, 8, 6, 5, 4, 3, 11, 10, 3, 3, 3, 6, 5, 4, 3]
minimum_height = 62
----------
x_coordinates = [1, 15, 26, 14, 31, 27, 34, 10, 35, 25, 35, 35, 18, 2, 30, 24, 10, 7, 34]
y_coordinates = [7, 57, 23, 45, 47, 49, 24, 53, 40, 44, 47, 30, 54, 56, 21, 48, 58, 52, 58]
x_dimensions = [24, 16, 4, 4, 4, 4, 4, 4, 3, 13, 3, 3, 9, 8, 7, 3, 5, 3, 3]
y_dimensions = [38, 4, 15, 12, 11, 8, 6, 5, 4, 3, 11, 10, 3, 3, 3, 6, 3, 4, 3]
minimum_height = 61
----------
x_coordinates = [1, 18, 29, 25, 26, 31, 34, 19, 35, 25, 35, 35, 2, 11, 25, 23, 30, 23, 24]
y_coordinates = [12, 5, 31, 34, 49, 49, 26, 55, 42, 46, 49, 32, 56, 57, 28, 50, 57, 56, 9]
x_dimensions = [24, 16, 4, 4, 4, 4, 4, 4, 3, 13, 3, 3, 9, 8, 7, 3, 5, 3, 3]
y_dimensions = [38, 4, 15, 12, 11, 8, 6, 5, 4, 3, 11, 10, 3, 3, 3, 6, 3, 4, 3]
minimum_height = 60
----------
x_coordinates = [3, 18, 31, 30, 34, 30, 34, 15, 0, 27, 0, 27, 2, 28, 31, 24, 19, 35, 26]
y_coordinates = [15, 8, 24, 47, 46, 39, 40, 54, 38, 46, 45, 36, 56, 5, 14, 53, 56, 36, 12]
x_dimensions = [24, 16, 4, 4, 4, 4, 4, 4, 3, 3, 3, 3, 9, 8, 7, 3, 5, 3, 3]
y_dimensions = [38, 4, 15, 12, 11, 8, 6, 5, 4, 13, 11, 10, 3, 3, 3, 6, 3, 4, 3]
minimum_height = 59
----------
x_coordinates = [6, 20, 34, 4, 2, 30, 2, 16, 3, 25, 0, 31, 28, 30, 29, 21, 24, 35, 33]
y_coordinates = [13, 9, 33, 54, 30, 48, 41, 54, 47, 52, 47, 38, 6, 23, 55, 51, 55, 29, 26]
x_dimensions = [24, 16, 4, 12, 4, 8, 4, 5, 3, 13, 3, 3, 9, 8, 7, 3, 5, 3, 3]
y_dimensions = [38, 4, 15, 4, 11, 4, 6, 4, 4, 3, 11, 10, 3, 3, 3, 6, 3, 4, 3]
minimum_height = 58
----------
x_coordinates = [7, 17, 3, 13, 3, 34, 31, 29, 0, 25, 0, 35, 26, 19, 27, 10, 33, 31, 7]
y_coordinates = [12, 3, 42, 53, 31, 46, 40, 7, 37, 54, 41, 36, 0, 50, 51, 51, 6, 47, 52]
x_dimensions = [24, 16, 4, 12, 4, 4, 4, 4, 3, 13, 3, 3, 9, 8, 7, 3, 5, 3, 3]
y_dimensions = [38, 4, 15, 4, 11, 8, 6, 5, 4, 3, 11, 10, 3, 3, 3, 6, 3, 4, 3]
minimum_height = 57
----------
x_coordinates = [7, 21, 3, 10, 3, 34, 31, 31, 0, 25, 0, 35, 29, 30, 27, 22, 33, 34, 33]
y_coordinates = [12, 5, 41, 52, 30, 45, 39, 34, 36, 53, 40, 35, 9, 0, 50, 50, 31, 27, 24]
x_dimensions = [24, 16, 4, 12, 4, 4, 4, 4, 3, 13, 3, 3, 9, 8, 7, 3, 5, 3, 3]
y_dimensions = [38, 4, 15, 4, 11, 8, 6, 5, 4, 3, 11, 10, 3, 3, 3, 6, 3, 4, 3]
minimum_height = 56
----------
x_coordinates = [10, 22, 34, 9, 6, 34, 5, 31, 4, 25, 2, 34, 0, 2, 31, 3, 35, 0, 28]
y_coordinates = [17, 2, 32, 5, 41, 47, 31, 9, 27, 6, 31, 22, 5, 52, 14, 46, 9, 46, 13]
x_dimensions = [24, 16, 4, 4, 4, 4, 4, 4, 3, 13, 3, 3, 9, 8, 7, 3, 3, 3, 3]
y_dimensions = [38, 4, 15, 12, 11, 8, 6, 5, 4, 3, 11, 10, 3, 3, 3, 6, 5, 4, 3]
minimum_height = 55
----------
x_coordinates = [7, 2, 3, 31, 30, 34, 3, 31, 31, 34, 6, 35, 31, 22, 27, 34, 35, 35, 0]
y_coordinates = [13, 12, 33, 33, 2, 46, 48, 27, 45, 12, 2, 36, 18, 10, 51, 6, 26, 31, 50]
x_dimensions = [24, 4, 4, 4, 4, 4, 4, 4, 3, 3, 3, 3, 3, 8, 7, 3, 3, 3, 3]
y_dimensions = [38, 16, 15, 12, 11, 8, 6, 5, 4, 13, 11, 10, 9, 3, 3, 6, 5, 4, 3]
minimum_height = 54
----------
x_coordinates = [10, 2, 6, 2, 5, 34, 34, 34, 27, 35, 9, 33, 2, 19, 27, 7, 35, 35, 30]
y_coordinates = [12, 25, 32, 41, 10, 45, 39, 30, 8, 11, 1, 1, 9, 50, 50, 47, 25, 35, 9]
x_dimensions = [24, 4, 4, 4, 4, 4, 4, 4, 3, 3, 3, 3, 3, 8, 7, 3, 3, 3, 3]
y_dimensions = [38, 16, 15, 12, 11, 8, 6, 5, 4, 13, 11, 10, 9, 3, 3, 6, 5, 4, 3]
minimum_height = 53
----------
x_coordinates = [10, 8, 34, 2, 3, 34, 6, 3, 5, 35, 7, 33, 2, 4, 31, 7, 28, 6, 5]
y_coordinates = [14, 10, 34, 35, 24, 26, 40, 47, 12, 13, 25, 3, 12, 7, 0, 46, 11, 36, 2]
x_dimensions = [24, 16, 4, 4, 4, 4, 4, 4, 3, 3, 3, 3, 3, 8, 7, 3, 5, 3, 3]
y_dimensions = [38, 4, 15, 12, 11, 8, 6, 5, 4, 13, 11, 10, 9, 3, 3, 6, 3, 4, 3]
minimum_height = 52
----------
x_coordinates = [14, 6, 10, 9, 14, 18, 26, 22, 22, 0, 35, 32, 3, 20, 28, 29, 2, 25, 3]
y_coordinates = [0, 35, 34, 22, 39, 43, 47, 46, 42, 36, 40, 41, 42, 39, 38, 41, 32, 42, 37]
x_dimensions = [24, 4, 4, 4, 4, 4, 6, 4, 3, 3, 3, 3, 3, 8, 7, 3, 5, 3, 3]
y_dimensions = [38, 16, 15, 12, 11, 8, 4, 5, 4, 13, 11, 10, 9, 3, 3, 6, 3, 4, 3]
minimum_height = 51
----------
x_coordinates = [0, 8, 23, 25, 27, 29, 28, 26, 32, 11, 29, 35, 10, 27, 31, 24, 6, 27, 24]
y_coordinates = [5, 43, 1, 28, 43, 15, 11, 23, 36, 47, 29, 33, 1, 40, 47, 44, 47, 47, 41]
x_dimensions = [24, 16, 15, 4, 11, 4, 6, 4, 3, 13, 3, 3, 9, 8, 7, 3, 5, 4, 3]
y_dimensions = [38, 4, 4, 12, 4, 8, 4, 5, 4, 3, 11, 10, 3, 3, 3, 6, 3, 3, 3]
minimum_height = 50
----------
x_coordinates = [0, 0, 25, 28, 16, 29, 30, 26, 35, 23, 35, 25, 12, 27, 32, 27, 28, 28, 24]
y_coordinates = [7, 45, 4, 24, 45, 10, 18, 19, 34, 1, 38, 32, 0, 43, 33, 46, 40, 36, 42]
x_dimensions = [24, 16, 4, 4, 11, 4, 6, 4, 3, 13, 3, 3, 9, 8, 3, 6, 5, 3, 3]
y_dimensions = [38, 4, 15, 12, 4, 8, 4, 5, 4, 3, 11, 10, 3, 3, 7, 3, 3, 4, 3]
minimum_height = 49
----------
x_coordinates = [1, 22, 12, 26, 1, 30, 30, 27, 28, 25, 35, 31, 34, 30, 32, 27, 30, 33, 27]
y_coordinates = [6, 2, 44, 21, 44, 14, 10, 37, 33, 6, 22, 32, 33, 42, 25, 45, 22, 45, 42]
x_dimensions = [24, 16, 15, 4, 11, 4, 6, 4, 3, 13, 3, 3, 3, 8, 3, 6, 5, 4, 3]
y_dimensions = [38, 4, 4, 12, 4, 8, 4, 5, 4, 3, 11, 10, 9, 3, 7, 3, 3, 3, 3]
minimum_height = 48
----------
x_coordinates = [0, 11, 23, 31, 27, 27, 27, 30, 24, 25, 24, 35, 26, 30, 32, 29, 27, 27, 27]
y_coordinates = [9, 1, 5, 11, 1, 15, 9, 39, 31, 23, 35, 33, 26, 43, 29, 36, 33, 40, 44]
x_dimensions = [24, 16, 15, 4, 11, 4, 4, 5, 3, 13, 3, 3, 9, 8, 3, 6, 5, 3, 3]
y_dimensions = [38, 4, 4, 12, 4, 8, 6, 4, 4, 3, 11, 10, 3, 3, 7, 3, 3, 4, 3]
minimum_height = 47
----------
x_coordinates = [0, 11, 23, 25, 27, 29, 28, 32, 32, 25, 24, 32, 25, 30, 35, 35, 27, 27, 27]
y_coordinates = [8, 0, 4, 8, 0, 12, 29, 23, 28, 20, 34, 32, 25, 42, 29, 36, 35, 39, 43]
x_dimensions = [24, 16, 15, 4, 11, 4, 4, 4, 3, 13, 3, 3, 3, 8, 3, 3, 5, 3, 3]
y_dimensions = [38, 4, 4, 12, 4, 8, 6, 5, 4, 3, 11, 10, 9, 3, 7, 6, 3, 4, 3]
minimum_height = 46
----------
x_coordinates = [0, 7, 23, 31, 27, 27, 28, 29, 24, 25, 24, 35, 16, 30, 32, 31, 27, 27, 32]
y_coordinates = [7, 3, 3, 11, 23, 10, 32, 27, 30, 0, 34, 32, 0, 42, 32, 8, 38, 41, 39]
x_dimensions = [24, 16, 15, 4, 11, 4, 4, 4, 3, 13, 3, 3, 9, 8, 3, 6, 5, 3, 3]
y_dimensions = [38, 4, 4, 12, 4, 8, 6, 5, 4, 3, 11, 10, 3, 3, 7, 3, 3, 4, 3]
minimum_height = 45
----------
x_coordinates = [1, 3, 19, 34, 27, 27, 29, 31, 32, 25, 28, 35, 26, 31, 35, 30, 31, 29, 32]
y_coordinates = [6, 2, 0, 0, 18, 4, 40, 25, 30, 12, 22, 33, 37, 4, 26, 15, 22, 33, 34]
x_dimensions = [24, 16, 15, 4, 11, 4, 6, 4, 3, 13, 3, 3, 9, 3, 3, 6, 5, 3, 3]
y_dimensions = [38, 4, 4, 12, 4, 8, 4, 5, 4, 3, 11, 10, 3, 8, 7, 3, 3, 4, 3]
minimum_height = 44
----------
x_coordinates = [1, 1, 34, 30, 33, 25, 34, 25, 35, 30, 27, 27, 17, 32, 29, 30, 35, 26, 31]
y_coordinates = [1, 39, 0, 4, 21, 17, 15, 12, 39, 22, 25, 2, 40, 35, 36, 16, 34, 38, 1]
x_dimensions = [24, 16, 4, 4, 4, 4, 4, 4, 3, 3, 3, 3, 9, 3, 3, 3, 3, 3, 3]
y_dimensions = [38, 4, 15, 12, 11, 8, 6, 5, 4, 13, 11, 10, 3, 8, 7, 6, 5, 4, 3]
minimum_height = 43
----------
x_coordinates = [1, 5, 25, 33, 30, 28, 32, 29, 27, 35, 27, 29, 21, 32, 35, 34, 32, 2, 25]
y_coordinates = [0, 38, 1, 7, 31, 16, 19, 11, 35, 23, 24, 0, 39, 23, 0, 36, 2, 38, 21]
x_dimensions = [24, 16, 4, 4, 4, 4, 6, 4, 3, 3, 3, 3, 9, 3, 3, 3, 3, 3, 3]
y_dimensions = [38, 4, 15, 12, 11, 8, 4, 5, 4, 13, 11, 10, 3, 8, 7, 6, 5, 4, 3]
minimum_height = 42
----------
x_coordinates = [0, 24, 26, 31, 31, 30, 32, 27, 35, 35, 28, 24, 15, 34, 29, 32, 35, 35, 35]
y_coordinates = [0, 25, 0, 8, 20, 0, 37, 18, 12, 24, 23, 15, 38, 0, 34, 31, 16, 8, 21]
x_dimensions = [24, 4, 4, 4, 4, 4, 6, 4, 3, 3, 3, 3, 9, 3, 3, 3, 3, 3, 3]
y_dimensions = [38, 16, 15, 12, 11, 8, 4, 5, 4, 13, 11, 10, 3, 8, 7, 6, 5, 4, 3]
minimum_height = 41
----------
x_coordinates = [0, 27, 30, 24, 31, 34, 34, 34, 24, 24, 24, 27, 28, 34, 31, 35, 35, 31, 31]
y_coordinates = [2, 24, 0, 11, 22, 8, 34, 16, 36, 23, 0, 1, 15, 0, 33, 21, 29, 15, 19]
x_dimensions = [24, 4, 4, 4, 4, 4, 4, 4, 3, 3, 3, 3, 3, 3, 3, 3, 3, 3, 3]
y_dimensions = [38, 16, 15, 12, 11, 8, 6, 5, 4, 13, 11, 10, 9, 8, 7, 6, 5, 4, 3]
minimum_height = 40
----------
x_coordinates = [0, 27, 31, 24, 34, 34, 24, 34, 35, 28, 31, 28, 31, 35, 24, 24, 25, 31, 24]
y_coordinates = [1, 0, 13, 16, 28, 5, 33, 0, 24, 26, 28, 16, 4, 15, 0, 7, 28, 0, 13]
x_dimensions = [24, 4, 4, 4, 4, 4, 4, 4, 3, 3, 3, 3, 3, 3, 3, 3, 3, 3, 3]
y_dimensions = [38, 16, 15, 12, 11, 8, 6, 5, 4, 13, 11, 10, 9, 8, 7, 6, 5, 4, 3]
minimum_height = 39
----------
x_coordinates = [0, 11, 23, 11, 27, 7, 34, 3, 23, 11, 0, 24, 8, 0, 0, 17, 0, 27, 31]
y_coordinates = [0, 31, 24, 27, 28, 27, 32, 30, 28, 35, 35, 35, 24, 24, 27, 24, 30, 32, 32]
x_dimensions = [38, 16, 15, 12, 11, 4, 4, 4, 4, 13, 11, 10, 9, 8, 7, 6, 3, 4, 3]
y_dimensions = [24, 4, 4, 4, 4, 8, 6, 5, 3, 3, 3, 3, 3, 3, 3, 3, 5, 3, 3]
minimum_height = 38
----------
==========
%%%mzn-stat: nodes=175341
%%%mzn-stat: failures=87134
%%%mzn-stat: restarts=2036
%%%mzn-stat: variables=10586
%%%mzn-stat: intVars=79
%%%mzn-stat: boolVariables=10505
%%%mzn-stat: propagators=1410
%%%mzn-stat: propagations=41202416
%%%mzn-stat: peakDepth=156
%%%mzn-stat: nogoods=87134
%%%mzn-stat: backjumps=28332
%%%mzn-stat: peakMem=0.00
%%%mzn-stat: time=18.758
%%%mzn-stat: initTime=0.022
%%%mzn-stat: solveTime=18.736
%%%mzn-stat: objective=38
%%%mzn-stat: optTime=18.736
%%%mzn-stat: baseMem=0.00
%%%mzn-stat: trailMem=0.02
%%%mzn-stat: randomSeed=1657545767
