x_coordinates = [0, 5, 10, 0, 14, 9, 14, 13, 8, 8, 5, 11, 5, 0, 5, 2]
y_coordinates = [88, 84, 84, 85, 85, 80, 81, 91, 46, 74, 91, 77, 77, 79, 81, 82]
x_dimensions = [5, 5, 4, 5, 4, 5, 4, 4, 3, 10, 8, 7, 6, 5, 4, 3]
y_dimensions = [6, 5, 5, 3, 6, 4, 4, 3, 11, 3, 3, 3, 3, 3, 3, 3]
minimum_height = 94
----------
x_coordinates = [0, 5, 10, 0, 14, 9, 14, 13, 7, 8, 1, 11, 7, 12, 13, 13]
y_coordinates = [81, 84, 84, 87, 82, 89, 88, 72, 26, 59, 90, 75, 80, 44, 78, 69]
x_dimensions = [5, 5, 4, 5, 4, 5, 4, 4, 11, 10, 8, 7, 6, 5, 4, 3]
y_dimensions = [6, 5, 5, 3, 6, 4, 4, 3, 3, 3, 3, 3, 3, 3, 3, 3]
minimum_height = 93
----------
x_coordinates = [0, 5, 10, 0, 14, 9, 14, 11, 5, 8, 1, 8, 12, 6, 7, 5]
y_coordinates = [80, 83, 83, 86, 81, 88, 87, 55, 45, 70, 89, 67, 78, 80, 26, 71]
x_dimensions = [5, 5, 4, 5, 4, 5, 4, 4, 3, 3, 8, 7, 6, 5, 4, 3]
y_dimensions = [6, 5, 5, 3, 6, 4, 4, 3, 11, 10, 3, 3, 3, 3, 3, 3]
minimum_height = 92
----------
x_coordinates = [8, 5, 10, 0, 4, 9, 14, 14, 1, 10, 7, 11, 7, 1, 10, 8]
y_coordinates = [76, 86, 86, 88, 80, 82, 84, 88, 39, 60, 57, 73, 70, 83, 42, 54]
x_dimensions = [5, 5, 4, 5, 4, 5, 4, 4, 11, 3, 8, 7, 6, 3, 4, 3]
y_dimensions = [6, 5, 5, 3, 6, 4, 4, 3, 3, 10, 3, 3, 3, 5, 3, 3]
minimum_height = 91
----------
x_coordinates = [0, 9, 14, 9, 5, 14, 0, 14, 3, 8, 3, 11, 8, 4, 3, 15]
y_coordinates = [78, 84, 80, 81, 81, 85, 84, 68, 31, 65, 75, 74, 78, 87, 46, 71]
x_dimensions = [5, 5, 4, 5, 4, 4, 4, 4, 11, 3, 8, 7, 6, 5, 4, 3]
y_dimensions = [6, 5, 5, 3, 6, 5, 4, 3, 3, 10, 3, 3, 3, 3, 3, 3]
minimum_height = 90
----------
x_coordinates = [4, 13, 14, 8, 9, 10, 0, 14, 8, 15, 10, 3, 0, 6, 0, 12]
y_coordinates = [78, 84, 79, 69, 83, 78, 82, 54, 42, 65, 75, 74, 86, 84, 77, 72]
x_dimensions = [5, 5, 4, 5, 4, 4, 4, 4, 3, 3, 8, 7, 6, 3, 4, 3]
y_dimensions = [6, 5, 5, 3, 6, 5, 4, 3, 11, 10, 3, 3, 3, 5, 3, 3]
minimum_height = 89
----------
x_coordinates = [1, 13, 11, 12, 7, 14, 6, 14, 0, 10, 6, 11, 5, 7, 13, 8]
y_coordinates = [83, 80, 40, 85, 81, 73, 77, 27, 43, 64, 74, 61, 61, 85, 45, 47]
x_dimensions = [6, 5, 4, 5, 6, 4, 4, 4, 11, 3, 8, 7, 6, 5, 4, 3]
y_dimensions = [5, 5, 5, 3, 4, 5, 4, 3, 3, 10, 3, 3, 3, 3, 3, 3]
minimum_height = 88
----------
x_coordinates = [7, 12, 11, 8, 4, 14, 0, 15, 0, 11, 3, 11, 12, 13, 3, 11]
y_coordinates = [46, 49, 57, 83, 81, 79, 83, 54, 41, 73, 72, 70, 46, 84, 47, 32]
x_dimensions = [5, 5, 4, 5, 4, 4, 4, 3, 3, 3, 8, 7, 6, 5, 4, 3]
y_dimensions = [6, 5, 5, 3, 6, 5, 4, 4, 11, 10, 3, 3, 3, 3, 3, 3]
minimum_height = 87
----------
x_coordinates = [9, 0, 11, 12, 6, 14, 5, 14, 4, 13, 3, 11, 7, 8, 9, 4]
y_coordinates = [76, 81, 49, 83, 82, 78, 78, 34, 40, 66, 65, 63, 73, 70, 57, 72]
x_dimensions = [5, 5, 4, 5, 6, 4, 4, 4, 3, 3, 8, 7, 6, 5, 4, 3]
y_dimensions = [6, 5, 5, 3, 4, 5, 4, 3, 11, 10, 3, 3, 3, 3, 3, 3]
minimum_height = 86
----------
x_coordinates = [8, 7, 14, 13, 12, 3, 10, 14, 5, 0, 3, 11, 11, 13, 11, 5]
y_coordinates = [74, 80, 66, 78, 81, 80, 65, 63, 41, 72, 70, 71, 30, 75, 5, 73]
x_dimensions = [5, 5, 4, 5, 6, 4, 4, 4, 3, 3, 8, 7, 6, 5, 4, 3]
y_dimensions = [6, 5, 5, 3, 4, 5, 4, 3, 11, 10, 3, 3, 3, 3, 3, 3]
minimum_height = 85
----------
x_coordinates = [13, 8, 11, 13, 4, 12, 3, 14, 6, 0, 3, 11, 7, 7, 8, 8]
y_coordinates = [67, 71, 60, 73, 72, 79, 68, 55, 30, 72, 78, 76, 65, 68, 8, 81]
x_dimensions = [5, 5, 4, 5, 4, 4, 4, 4, 3, 3, 8, 7, 6, 5, 4, 3]
y_dimensions = [6, 5, 5, 3, 6, 5, 4, 3, 11, 10, 3, 3, 3, 3, 3, 3]
minimum_height = 84
----------
x_coordinates = [7, 3, 14, 13, 3, 13, 10, 14, 6, 0, 10, 3, 6, 8, 7, 0]
y_coordinates = [77, 71, 63, 75, 76, 79, 60, 58, 40, 72, 70, 68, 65, 74, 57, 69]
x_dimensions = [5, 5, 4, 5, 4, 5, 4, 4, 3, 3, 8, 7, 6, 5, 4, 3]
y_dimensions = [6, 5, 5, 3, 6, 4, 4, 3, 11, 10, 3, 3, 3, 3, 3, 3]
minimum_height = 83
----------
x_coordinates = [1, 7, 11, 12, 6, 14, 5, 15, 3, 5, 10, 11, 12, 13, 6, 3]
y_coordinates = [75, 77, 50, 79, 71, 57, 54, 53, 40, 61, 70, 73, 67, 76, 58, 71]
x_dimensions = [5, 5, 4, 5, 4, 4, 4, 3, 3, 3, 8, 7, 6, 5, 4, 3]
y_dimensions = [6, 5, 5, 3, 6, 5, 4, 4, 11, 10, 3, 3, 3, 3, 3, 3]
minimum_height = 82
----------
x_coordinates = [8, 13, 14, 3, 10, 14, 10, 14, 4, 7, 10, 0, 4, 0, 5, 5]
y_coordinates = [75, 74, 61, 75, 61, 66, 67, 53, 39, 65, 71, 70, 62, 78, 59, 78]
x_dimensions = [5, 5, 4, 5, 4, 4, 4, 4, 3, 3, 8, 7, 6, 5, 4, 3]
y_dimensions = [6, 5, 5, 3, 6, 5, 4, 3, 11, 10, 3, 3, 3, 3, 3, 3]
minimum_height = 81
----------
x_coordinates = [5, 10, 11, 10, 7, 14, 0, 15, 3, 11, 15, 4, 4, 0, 5, 14]
y_coordinates = [71, 75, 57, 72, 65, 65, 69, 54, 35, 62, 70, 64, 60, 76, 55, 62]
x_dimensions = [5, 5, 4, 5, 4, 4, 4, 3, 3, 3, 3, 3, 6, 5, 4, 3]
y_dimensions = [6, 5, 5, 3, 6, 5, 4, 4, 11, 10, 8, 7, 3, 3, 3, 3]
minimum_height = 80
----------
x_coordinates = [5, 10, 14, 10, 7, 14, 1, 14, 8, 13, 15, 11, 4, 0, 10, 13]
y_coordinates = [72, 74, 25, 71, 65, 65, 69, 22, 35, 30, 70, 64, 28, 76, 27, 61]
x_dimensions = [5, 5, 4, 5, 4, 4, 4, 4, 3, 3, 3, 3, 6, 5, 4, 3]
y_dimensions = [6, 5, 5, 3, 6, 5, 4, 3, 11, 10, 8, 7, 3, 3, 3, 3]
minimum_height = 79
----------
x_coordinates = [4, 9, 6, 10, 6, 13, 2, 14, 3, 8, 15, 1, 12, 1, 10, 13]
y_coordinates = [72, 73, 26, 70, 66, 62, 64, 30, 38, 56, 70, 71, 67, 68, 30, 59]
x_dimensions = [5, 5, 4, 5, 4, 4, 4, 4, 11, 3, 3, 3, 6, 5, 4, 3]
y_dimensions = [6, 5, 5, 3, 6, 5, 4, 3, 3, 10, 8, 7, 3, 3, 3, 3]
minimum_height = 78
----------
x_coordinates = [13, 9, 11, 8, 14, 13, 9, 15, 0, 12, 10, 5, 4, 0, 6, 7]
y_coordinates = [65, 72, 27, 69, 71, 60, 62, 28, 16, 32, 43, 69, 26, 70, 30, 41]
x_dimensions = [5, 5, 4, 5, 4, 4, 4, 3, 3, 3, 8, 3, 6, 5, 4, 3]
y_dimensions = [6, 5, 5, 3, 6, 5, 4, 4, 11, 10, 3, 7, 3, 3, 3, 3]
minimum_height = 77
----------
x_coordinates = [13, 9, 12, 8, 14, 13, 7, 10, 4, 8, 1, 0, 12, 3, 4, 5]
y_coordinates = [64, 71, 56, 68, 70, 51, 54, 37, 30, 58, 73, 66, 61, 69, 60, 66]
x_dimensions = [5, 5, 4, 5, 4, 4, 4, 4, 3, 3, 8, 3, 6, 5, 4, 3]
y_dimensions = [6, 5, 5, 3, 6, 5, 4, 3, 11, 10, 3, 7, 3, 3, 3, 3]
minimum_height = 76
----------
x_coordinates = [13, 12, 10, 15, 9, 14, 6, 14, 2, 13, 1, 8, 4, 12, 1, 6]
y_coordinates = [69, 51, 58, 64, 68, 59, 58, 56, 5, 38, 72, 65, 62, 48, 60, 69]
x_dimensions = [5, 5, 4, 3, 4, 4, 4, 4, 3, 3, 8, 7, 6, 5, 3, 3]
y_dimensions = [6, 5, 5, 5, 6, 5, 4, 3, 11, 10, 3, 3, 3, 3, 4, 3]
minimum_height = 75
----------
x_coordinates = [4, 11, 13, 14, 14, 14, 14, 10, 5, 9, 10, 8, 12, 12, 10, 7]
y_coordinates = [65, 42, 59, 66, 33, 54, 50, 53, 26, 61, 71, 47, 63, 39, 57, 71]
x_dimensions = [5, 5, 5, 3, 4, 4, 4, 4, 11, 3, 8, 7, 6, 5, 3, 3]
y_dimensions = [6, 5, 4, 5, 6, 5, 4, 3, 3, 10, 3, 3, 3, 3, 4, 3]
minimum_height = 74
----------
x_coordinates = [2, 3, 14, 11, 14, 14, 14, 10, 5, 8, 2, 7, 11, 7, 11, 0]
y_coordinates = [60, 68, 59, 65, 64, 54, 50, 53, 19, 63, 53, 58, 70, 50, 61, 69]
x_dimensions = [5, 5, 4, 3, 4, 4, 4, 4, 3, 3, 8, 7, 6, 5, 3, 3]
y_dimensions = [6, 5, 5, 5, 6, 5, 4, 3, 11, 10, 3, 3, 3, 3, 4, 3]
minimum_height = 73
----------
x_coordinates = [12, 6, 11, 11, 14, 14, 8, 10, 8, 10, 3, 10, 12, 13, 3, 0]
y_coordinates = [53, 64, 59, 67, 66, 41, 52, 39, 24, 42, 69, 36, 63, 50, 65, 69]
x_dimensions = [5, 5, 5, 3, 4, 4, 4, 4, 3, 3, 8, 7, 6, 5, 3, 3]
y_dimensions = [6, 5, 4, 5, 6, 5, 4, 3, 11, 10, 3, 3, 3, 3, 4, 3]
minimum_height = 72
----------
x_coordinates = [7, 6, 12, 11, 14, 14, 14, 15, 8, 10, 1, 0, 8, 9, 15, 12]
y_coordinates = [57, 66, 46, 66, 61, 39, 51, 55, 23, 35, 54, 58, 63, 53, 67, 56]
x_dimensions = [5, 5, 4, 3, 4, 4, 4, 3, 3, 3, 8, 7, 6, 5, 3, 3]
y_dimensions = [6, 5, 5, 5, 6, 5, 4, 4, 11, 10, 3, 3, 3, 3, 4, 3]
minimum_height = 71
----------
x_coordinates = [9, 0, 3, 11, 5, 14, 10, 12, 8, 15, 7, 10, 6, 15, 15, 3]
y_coordinates = [55, 65, 57, 67, 66, 40, 51, 63, 29, 48, 60, 45, 63, 58, 63, 62]
x_dimensions = [6, 5, 4, 5, 6, 4, 4, 3, 3, 3, 8, 7, 6, 3, 3, 3]
y_dimensions = [5, 5, 5, 3, 4, 5, 4, 4, 11, 10, 3, 3, 3, 5, 4, 3]
minimum_height = 70
----------
x_coordinates = [10, 9, 14, 15, 5, 6, 12, 15, 0, 15, 6, 1, 8, 14, 2, 12]
y_coordinates = [57, 43, 64, 40, 39, 58, 36, 60, 33, 50, 63, 66, 66, 45, 63, 40]
x_dimensions = [5, 5, 4, 3, 6, 4, 4, 3, 3, 3, 8, 7, 6, 3, 4, 3]
y_dimensions = [6, 5, 5, 5, 4, 5, 4, 4, 11, 10, 3, 3, 3, 5, 3, 3]
minimum_height = 69
----------
x_coordinates = [10, 9, 14, 15, 5, 14, 11, 0, 2, 0, 3, 3, 8, 15, 7, 14]
y_coordinates = [56, 51, 48, 58, 53, 43, 64, 62, 11, 52, 62, 59, 46, 63, 65, 53]
x_dimensions = [5, 5, 4, 3, 4, 4, 4, 3, 3, 3, 8, 7, 6, 3, 4, 3]
y_dimensions = [6, 5, 5, 5, 6, 5, 4, 4, 11, 10, 3, 3, 3, 5, 3, 3]
minimum_height = 68
----------
x_coordinates = [10, 10, 14, 15, 7, 14, 8, 2, 8, 4, 3, 6, 12, 13, 5, 11]
y_coordinates = [37, 49, 59, 48, 54, 43, 63, 63, 23, 50, 60, 46, 64, 54, 63, 59]
x_dimensions = [5, 5, 4, 3, 4, 4, 4, 3, 3, 3, 8, 7, 6, 3, 3, 3]
y_dimensions = [6, 5, 5, 5, 6, 5, 4, 4, 11, 10, 3, 3, 3, 5, 4, 3]
minimum_height = 67
----------
x_coordinates = [13, 0, 0, 5, 14, 11, 10, 4, 3, 15, 6, 8, 7, 15, 6, 13]
y_coordinates = [33, 49, 61, 49, 60, 48, 59, 62, 22, 50, 39, 53, 63, 45, 58, 42]
x_dimensions = [5, 5, 4, 3, 4, 4, 4, 3, 11, 3, 8, 7, 6, 3, 3, 3]
y_dimensions = [6, 5, 5, 5, 6, 5, 4, 4, 3, 10, 3, 3, 3, 5, 4, 3]
minimum_height = 66
----------
x_coordinates = [11, 6, 14, 3, 14, 14, 10, 5, 5, 11, 5, 10, 7, 15, 5, 13]
y_coordinates = [32, 53, 60, 53, 54, 41, 61, 58, 19, 51, 48, 38, 29, 49, 62, 46]
x_dimensions = [5, 5, 4, 3, 4, 4, 4, 3, 11, 3, 8, 7, 6, 3, 4, 3]
y_dimensions = [6, 5, 5, 5, 6, 5, 4, 4, 3, 10, 3, 3, 3, 5, 3, 3]
minimum_height = 65
----------
x_coordinates = [5, 1, 0, 6, 14, 14, 14, 3, 7, 11, 7, 4, 9, 15, 0, 15]
y_coordinates = [58, 50, 60, 49, 54, 44, 60, 46, 20, 53, 41, 55, 49, 49, 46, 41]
x_dimensions = [5, 5, 5, 3, 4, 4, 4, 3, 3, 3, 8, 7, 6, 3, 3, 3]
y_dimensions = [6, 5, 4, 5, 6, 5, 4, 4, 11, 10, 3, 3, 3, 5, 4, 3]
minimum_height = 64
----------
x_coordinates = [4, 1, 0, 6, 12, 14, 13, 12, 8, 9, 6, 2, 8, 15, 9, 14]
y_coordinates = [47, 53, 48, 53, 55, 41, 59, 51, 16, 52, 44, 58, 41, 50, 48, 46]
x_dimensions = [5, 5, 4, 3, 6, 4, 4, 3, 3, 3, 8, 7, 6, 3, 3, 3]
y_dimensions = [6, 5, 5, 5, 4, 5, 4, 4, 11, 10, 3, 3, 3, 5, 4, 3]
minimum_height = 63
----------
x_coordinates = [1, 6, 7, 15, 14, 14, 11, 14, 8, 11, 5, 0, 10, 15, 3, 14]
y_coordinates = [50, 50, 55, 47, 56, 34, 47, 52, 20, 51, 43, 59, 31, 39, 56, 44]
x_dimensions = [5, 5, 4, 3, 4, 4, 4, 3, 3, 3, 8, 7, 6, 3, 4, 3]
y_dimensions = [6, 5, 5, 5, 6, 5, 4, 4, 11, 10, 3, 3, 3, 5, 3, 3]
minimum_height = 62
----------
x_coordinates = [10, 6, 9, 14, 14, 14, 9, 13, 8, 11, 10, 10, 10, 14, 15, 12]
y_coordinates = [36, 49, 21, 50, 55, 10, 26, 25, 4, 51, 30, 15, 33, 45, 18, 42]
x_dimensions = [5, 5, 4, 3, 4, 4, 4, 3, 3, 3, 8, 7, 6, 3, 3, 3]
y_dimensions = [6, 5, 5, 5, 6, 5, 4, 4, 11, 10, 3, 3, 3, 5, 4, 3]
minimum_height = 61
----------
x_coordinates = [4, 3, 9, 15, 14, 14, 0, 13, 2, 11, 3, 1, 7, 15, 8, 15]
y_coordinates = [43, 52, 45, 49, 54, 32, 42, 42, 5, 50, 57, 49, 40, 37, 51, 46]
x_dimensions = [5, 5, 4, 3, 4, 4, 4, 3, 3, 3, 8, 7, 6, 3, 3, 3]
y_dimensions = [6, 5, 5, 5, 6, 5, 4, 4, 11, 10, 3, 3, 3, 5, 4, 3]
minimum_height = 60
----------
x_coordinates = [11, 5, 10, 15, 9, 14, 6, 0, 6, 11, 5, 3, 0, 14, 14, 14]
y_coordinates = [34, 43, 50, 54, 55, 29, 48, 51, 12, 40, 31, 52, 48, 41, 49, 46]
x_dimensions = [5, 5, 4, 3, 6, 4, 4, 3, 3, 3, 8, 7, 6, 3, 3, 3]
y_dimensions = [6, 5, 5, 5, 4, 5, 4, 4, 11, 10, 3, 3, 3, 5, 4, 3]
minimum_height = 59
----------
x_coordinates = [10, 5, 10, 15, 9, 14, 5, 2, 4, 11, 15, 3, 8, 14, 14, 15]
y_coordinates = [29, 45, 49, 50, 54, 24, 53, 53, 21, 38, 31, 50, 35, 41, 46, 55]
x_dimensions = [5, 5, 4, 3, 6, 4, 4, 3, 3, 3, 3, 7, 6, 3, 3, 3]
y_dimensions = [6, 5, 5, 5, 4, 5, 4, 4, 11, 10, 8, 3, 3, 5, 4, 3]
minimum_height = 58
----------
x_coordinates = [7, 6, 10, 14, 9, 14, 14, 13, 1, 11, 4, 3, 12, 14, 0, 7]
y_coordinates = [35, 45, 51, 52, 30, 1, 48, 37, 27, 41, 33, 50, 34, 42, 50, 53]
x_dimensions = [5, 5, 4, 3, 6, 4, 4, 3, 3, 3, 3, 7, 6, 3, 3, 3]
y_dimensions = [6, 5, 5, 5, 4, 5, 4, 4, 11, 10, 8, 3, 3, 5, 4, 3]
minimum_height = 57
----------
x_coordinates = [6, 1, 14, 7, 10, 14, 3, 8, 5, 11, 15, 5, 9, 3, 0, 4]
y_coordinates = [41, 44, 47, 51, 52, 32, 49, 47, 0, 42, 37, 35, 38, 39, 50, 53]
x_dimensions = [5, 5, 4, 3, 6, 4, 4, 3, 11, 3, 3, 7, 6, 3, 3, 3]
y_dimensions = [6, 5, 5, 5, 4, 5, 4, 4, 3, 10, 8, 3, 3, 5, 4, 3]
minimum_height = 56
----------
x_coordinates = [0, 12, 11, 10, 14, 14, 7, 0, 1, 15, 5, 3, 8, 4, 0, 10]
y_coordinates = [40, 34, 47, 52, 39, 29, 48, 51, 3, 45, 38, 52, 41, 46, 48, 44]
x_dimensions = [5, 5, 4, 5, 4, 4, 4, 3, 3, 3, 3, 7, 6, 3, 4, 3]
y_dimensions = [6, 5, 5, 3, 6, 5, 4, 4, 11, 10, 8, 3, 3, 5, 3, 3]
minimum_height = 55
----------
x_coordinates = [1, 6, 11, 6, 14, 14, 7, 3, 1, 15, 6, 0, 10, 3, 0, 11]
y_coordinates = [36, 41, 49, 51, 38, 29, 47, 50, 22, 44, 38, 47, 35, 42, 50, 43]
x_dimensions = [5, 5, 4, 5, 4, 4, 4, 3, 11, 3, 8, 7, 6, 3, 3, 3]
y_dimensions = [6, 5, 5, 3, 6, 5, 4, 4, 3, 10, 3, 3, 3, 5, 4, 3]
minimum_height = 54
----------
x_coordinates = [1, 9, 14, 13, 14, 14, 10, 3, 1, 15, 6, 3, 9, 6, 0, 11]
y_coordinates = [40, 41, 48, 27, 42, 22, 49, 46, 25, 32, 37, 50, 38, 45, 49, 46]
x_dimensions = [5, 5, 4, 3, 4, 4, 4, 3, 3, 3, 3, 7, 6, 3, 3, 3]
y_dimensions = [6, 5, 5, 5, 6, 5, 4, 4, 11, 10, 8, 3, 3, 5, 4, 3]
minimum_height = 53
----------
x_coordinates = [3, 8, 14, 10, 13, 14, 7, 11, 3, 12, 9, 6, 10, 4, 1, 0]
y_coordinates = [40, 43, 47, 30, 41, 27, 48, 48, 2, 12, 38, 27, 35, 46, 48, 45]
x_dimensions = [5, 5, 4, 3, 4, 4, 4, 3, 3, 3, 8, 7, 6, 3, 3, 3]
y_dimensions = [6, 5, 5, 5, 6, 5, 4, 4, 11, 10, 3, 3, 3, 5, 4, 3]
minimum_height = 52
----------
x_coordinates = [4, 9, 14, 10, 14, 14, 7, 12, 2, 12, 8, 5, 10, 4, 11, 1]
y_coordinates = [40, 42, 46, 15, 40, 12, 47, 20, 16, 24, 37, 23, 34, 46, 47, 45]
x_dimensions = [5, 5, 4, 3, 4, 4, 4, 3, 3, 3, 8, 7, 6, 3, 3, 3]
y_dimensions = [6, 5, 5, 5, 6, 5, 4, 4, 11, 10, 3, 3, 3, 5, 4, 3]
minimum_height = 51
----------
x_coordinates = [1, 9, 14, 13, 0, 14, 11, 15, 5, 13, 8, 4, 10, 6, 14, 11]
y_coordinates = [40, 41, 42, 16, 46, 10, 31, 31, 12, 21, 38, 30, 35, 45, 47, 46]
x_dimensions = [5, 5, 4, 3, 6, 4, 4, 3, 3, 3, 8, 7, 6, 3, 4, 3]
y_dimensions = [6, 5, 5, 5, 4, 5, 4, 4, 11, 10, 3, 3, 3, 5, 3, 3]
minimum_height = 50
----------
x_coordinates = [1, 9, 14, 14, 14, 14, 11, 15, 1, 15, 5, 8, 4, 6, 4, 2]
y_coordinates = [40, 41, 38, 18, 43, 10, 23, 24, 22, 28, 46, 27, 37, 41, 26, 46]
x_dimensions = [5, 5, 4, 3, 4, 4, 4, 3, 3, 3, 8, 7, 6, 3, 3, 3]
y_dimensions = [6, 5, 5, 5, 6, 5, 4, 4, 11, 10, 3, 3, 3, 5, 4, 3]
minimum_height = 49
----------
x_coordinates = [9, 13, 14, 8, 2, 14, 7, 4, 8, 15, 1, 11, 12, 6, 8, 15]
y_coordinates = [41, 33, 38, 24, 42, 9, 29, 26, 13, 17, 39, 27, 30, 42, 35, 45]
x_dimensions = [5, 5, 4, 3, 4, 4, 4, 3, 3, 3, 8, 7, 6, 3, 3, 3]
y_dimensions = [6, 5, 5, 5, 6, 5, 4, 4, 11, 10, 3, 3, 3, 5, 4, 3]
minimum_height = 48
----------
x_coordinates = [12, 7, 8, 5, 4, 14, 9, 15, 2, 1, 10, 8, 2, 12, 15, 11]
y_coordinates = [39, 23, 38, 37, 43, 11, 31, 34, 15, 37, 44, 35, 34, 23, 25, 28]
x_dimensions = [6, 5, 4, 3, 6, 4, 4, 3, 3, 3, 8, 7, 6, 3, 3, 3]
y_dimensions = [5, 5, 5, 5, 4, 5, 4, 4, 11, 10, 3, 3, 3, 5, 4, 3]
minimum_height = 47
----------
x_coordinates = [13, 0, 9, 3, 12, 14, 10, 14, 3, 6, 5, 11, 0, 8, 6, 12]
y_coordinates = [40, 41, 38, 36, 25, 14, 31, 31, 22, 29, 43, 35, 33, 24, 39, 22]
x_dimensions = [5, 5, 4, 3, 4, 4, 4, 3, 3, 3, 8, 7, 6, 3, 3, 3]
y_dimensions = [6, 5, 5, 5, 6, 5, 4, 4, 11, 10, 3, 3, 3, 5, 4, 3]
minimum_height = 46
----------
x_coordinates = [0, 9, 14, 15, 14, 14, 14, 7, 3, 11, 6, 1, 1, 8, 5, 4]
y_coordinates = [39, 40, 39, 34, 24, 19, 30, 31, 10, 30, 23, 36, 33, 35, 39, 29]
x_dimensions = [5, 5, 4, 3, 4, 4, 4, 3, 11, 3, 8, 7, 6, 3, 3, 3]
y_dimensions = [6, 5, 5, 5, 6, 5, 4, 4, 3, 10, 3, 3, 3, 5, 4, 3]
minimum_height = 45
----------
x_coordinates = [2, 3, 14, 13, 14, 14, 4, 8, 4, 11, 6, 11, 2, 8, 0, 0]
y_coordinates = [17, 39, 39, 26, 20, 34, 29, 30, 6, 34, 23, 31, 33, 39, 40, 37]
x_dimensions = [5, 5, 4, 3, 4, 4, 4, 3, 3, 3, 8, 7, 6, 3, 3, 3]
y_dimensions = [6, 5, 5, 5, 6, 5, 4, 4, 11, 10, 3, 3, 3, 5, 4, 3]
minimum_height = 44
----------
x_coordinates = [4, 5, 10, 15, 5, 14, 1, 11, 2, 14, 9, 11, 5, 9, 6, 1]
y_coordinates = [23, 35, 39, 38, 17, 13, 33, 30, 8, 24, 21, 34, 32, 16, 40, 22]
x_dimensions = [5, 5, 5, 3, 4, 4, 4, 3, 3, 3, 8, 7, 6, 3, 4, 3]
y_dimensions = [6, 5, 4, 5, 6, 5, 4, 4, 11, 10, 3, 3, 3, 5, 3, 3]
minimum_height = 43
----------
x_coordinates = [13, 9, 14, 12, 6, 14, 2, 15, 5, 6, 10, 11, 0, 11, 8, 2]
y_coordinates = [15, 29, 28, 37, 23, 2, 32, 38, 12, 29, 21, 34, 36, 24, 39, 22]
x_dimensions = [5, 5, 4, 3, 4, 4, 4, 3, 3, 3, 8, 7, 6, 3, 4, 3]
y_dimensions = [6, 5, 5, 5, 6, 5, 4, 4, 11, 10, 3, 3, 3, 5, 3, 3]
minimum_height = 42
----------
x_coordinates = [9, 5, 10, 8, 8, 14, 14, 5, 6, 2, 9, 11, 11, 9, 9, 6]
y_coordinates = [17, 31, 30, 36, 5, 16, 31, 37, 11, 31, 27, 35, 38, 12, 23, 22]
x_dimensions = [5, 5, 4, 3, 4, 4, 4, 3, 3, 3, 8, 7, 6, 3, 3, 3]
y_dimensions = [6, 5, 5, 5, 6, 5, 4, 4, 11, 10, 3, 3, 3, 5, 4, 3]
minimum_height = 41
----------
x_coordinates = [0, 5, 0, 1, 10, 14, 5, 15, 5, 9, 10, 12, 0, 8, 6, 4]
y_coordinates = [19, 22, 26, 37, 23, 26, 30, 36, 11, 29, 20, 33, 34, 15, 36, 27]
x_dimensions = [5, 5, 4, 5, 4, 4, 4, 3, 3, 3, 8, 3, 6, 3, 3, 3]
y_dimensions = [6, 5, 5, 3, 6, 5, 4, 4, 11, 10, 3, 7, 3, 5, 4, 3]
minimum_height = 40
----------
x_coordinates = [8, 13, 14, 0, 12, 14, 11, 15, 6, 9, 10, 12, 0, 8, 5, 11]
y_coordinates = [33, 34, 29, 36, 23, 4, 9, 19, 15, 20, 13, 16, 22, 8, 35, 30]
x_dimensions = [5, 5, 4, 5, 4, 4, 4, 3, 3, 3, 8, 3, 6, 3, 3, 3]
y_dimensions = [6, 5, 5, 3, 6, 5, 4, 4, 11, 10, 3, 7, 3, 5, 4, 3]
minimum_height = 39
----------
x_coordinates = [13, 0, 0, 12, 14, 8, 13, 15, 5, 4, 5, 12, 6, 12, 10, 11]
y_coordinates = [21, 23, 30, 4, 27, 13, 34, 8, 13, 28, 25, 9, 8, 16, 34, 31]
x_dimensions = [5, 5, 4, 3, 4, 4, 4, 3, 3, 10, 8, 3, 6, 3, 3, 3]
y_dimensions = [6, 5, 5, 5, 6, 5, 4, 4, 11, 3, 3, 7, 3, 5, 4, 3]
minimum_height = 38
----------
x_coordinates = [9, 10, 6, 13, 14, 14, 14, 6, 0, 4, 2, 3, 0, 1, 14, 11]
y_coordinates = [24, 15, 33, 10, 28, 23, 5, 25, 16, 30, 13, 19, 27, 32, 34, 33]
x_dimensions = [5, 5, 5, 3, 4, 4, 4, 3, 3, 10, 8, 3, 6, 3, 4, 3]
y_dimensions = [6, 5, 4, 5, 6, 5, 4, 4, 11, 3, 3, 7, 3, 5, 3, 3]
minimum_height = 37
----------
x_coordinates = [10, 4, 10, 15, 1, 3, 14, 15, 1, 5, 8, 7, 11, 15, 8, 12]
y_coordinates = [22, 18, 17, 21, 30, 25, 17, 27, 13, 30, 14, 23, 11, 31, 33, 33]
x_dimensions = [5, 5, 4, 3, 4, 4, 4, 3, 3, 10, 8, 3, 6, 3, 4, 3]
y_dimensions = [6, 5, 5, 5, 6, 5, 4, 4, 11, 3, 3, 7, 3, 5, 3, 3]
minimum_height = 36
----------
x_coordinates = [10, 9, 6, 14, 1, 0, 14, 15, 4, 5, 6, 7, 12, 15, 12, 13]
y_coordinates = [23, 11, 24, 10, 28, 23, 6, 27, 13, 29, 8, 17, 16, 22, 19, 32]
x_dimensions = [5, 5, 4, 3, 4, 4, 4, 3, 3, 10, 8, 3, 6, 3, 3, 3]
y_dimensions = [6, 5, 5, 5, 6, 5, 4, 4, 11, 3, 3, 7, 3, 5, 4, 3]
minimum_height = 35
----------
x_coordinates = [2, 7, 4, 15, 2, 14, 14, 0, 3, 8, 9, 11, 3, 7, 14, 12]
y_coordinates = [19, 15, 25, 16, 30, 24, 12, 27, 8, 29, 4, 22, 4, 20, 21, 18]
x_dimensions = [5, 5, 4, 3, 6, 4, 4, 4, 3, 10, 8, 3, 6, 3, 4, 3]
y_dimensions = [6, 5, 5, 5, 4, 5, 4, 3, 11, 3, 3, 7, 3, 5, 3, 3]
minimum_height = 34
----------
x_coordinates = [5, 12, 14, 10, 1, 10, 14, 1, 3, 4, 6, 13, 3, 15, 7, 13]
y_coordinates = [24, 6, 28, 20, 23, 25, 2, 29, 12, 30, 1, 11, 9, 23, 20, 20]
x_dimensions = [5, 5, 4, 3, 4, 4, 4, 3, 3, 10, 8, 3, 6, 3, 3, 3]
y_dimensions = [6, 5, 5, 5, 6, 5, 4, 4, 11, 3, 3, 7, 3, 5, 4, 3]
minimum_height = 33
----------
x_coordinates = [10, 5, 10, 13, 14, 6, 14, 3, 3, 8, 10, 0, 2, 15, 0, 12]
y_coordinates = [20, 4, 8, 15, 5, 24, 11, 27, 15, 29, 2, 21, 1, 24, 28, 26]
x_dimensions = [5, 5, 4, 3, 4, 4, 4, 3, 3, 10, 8, 3, 6, 3, 3, 3]
y_dimensions = [6, 5, 5, 5, 6, 5, 4, 4, 11, 3, 3, 7, 3, 5, 4, 3]
minimum_height = 32
----------
x_coordinates = [13, 4, 14, 15, 14, 9, 14, 8, 8, 4, 3, 12, 6, 11, 0, 14]
y_coordinates = [0, 2, 17, 6, 22, 1, 13, 27, 10, 21, 24, 6, 7, 24, 21, 28]
x_dimensions = [5, 5, 4, 3, 4, 4, 4, 3, 3, 10, 8, 3, 6, 3, 3, 3]
y_dimensions = [6, 5, 5, 5, 6, 5, 4, 4, 11, 3, 3, 7, 3, 5, 4, 3]
minimum_height = 31
----------
x_coordinates = [10, 9, 3, 10, 14, 6, 6, 2, 0, 1, 10, 11, 10, 6, 5, 7]
y_coordinates = [9, 4, 19, 18, 23, 10, 15, 27, 13, 24, 15, 23, 1, 27, 6, 21]
x_dimensions = [5, 5, 4, 3, 4, 4, 4, 4, 3, 10, 8, 3, 6, 5, 3, 3]
y_dimensions = [6, 5, 5, 5, 6, 5, 4, 3, 11, 3, 3, 7, 3, 3, 4, 3]
minimum_height = 30
----------
x_coordinates = [1, 6, 6, 11, 14, 10, 14, 12, 2, 5, 10, 9, 0, 15, 15, 4]
y_coordinates = [19, 24, 19, 23, 14, 15, 23, 10, 2, 5, 20, 8, 26, 2, 7, 14]
x_dimensions = [5, 5, 4, 3, 4, 4, 4, 3, 3, 10, 8, 3, 6, 3, 3, 3]
y_dimensions = [6, 5, 5, 5, 6, 5, 4, 4, 11, 3, 3, 7, 3, 5, 4, 3]
minimum_height = 29
----------
x_coordinates = [1, 7, 2, 12, 6, 14, 9, 6, 3, 9, 10, 15, 12, 0, 12, 5]
y_coordinates = [17, 17, 23, 25, 22, 11, 3, 8, 3, 7, 22, 4, 16, 10, 7, 14]
x_dimensions = [5, 5, 4, 5, 4, 4, 4, 3, 3, 3, 8, 3, 6, 3, 3, 3]
y_dimensions = [6, 5, 5, 3, 6, 5, 4, 4, 11, 10, 3, 7, 3, 5, 4, 3]
minimum_height = 28
----------
x_coordinates = [5, 10, 1, 13, 4, 8, 0, 4, 1, 15, 10, 12, 15, 1, 7, 11]
y_coordinates = [20, 16, 22, 3, 14, 11, 18, 10, 2, 8, 24, 8, 18, 13, 7, 21]
x_dimensions = [5, 5, 4, 3, 4, 4, 4, 3, 3, 3, 8, 3, 3, 3, 3, 3]
y_dimensions = [6, 5, 5, 5, 6, 5, 4, 4, 11, 10, 3, 7, 6, 5, 4, 3]
minimum_height = 27
----------
x_coordinates = [10, 13, 6, 1, 11, 11, 5, 5, 2, 3, 9, 15, 15, 0, 8, 8]
y_coordinates = [20, 1, 19, 23, 14, 9, 4, 9, 1, 13, 6, 12, 19, 12, 12, 16]
x_dimensions = [5, 5, 4, 5, 4, 4, 4, 3, 3, 3, 8, 3, 3, 3, 3, 3]
y_dimensions = [6, 5, 5, 3, 6, 5, 4, 4, 11, 10, 3, 7, 6, 5, 4, 3]
minimum_height = 26
----------
x_coordinates = [10, 13, 7, 15, 14, 11, 6, 15, 2, 4, 2, 3, 1, 0, 11, 8]
y_coordinates = [7, 2, 20, 7, 19, 13, 11, 15, 2, 15, 5, 8, 19, 14, 18, 17]
x_dimensions = [5, 5, 4, 3, 4, 4, 4, 3, 11, 3, 8, 3, 3, 3, 3, 3]
y_dimensions = [6, 5, 5, 5, 6, 5, 4, 4, 3, 10, 3, 7, 6, 5, 4, 3]
minimum_height = 25
----------
x_coordinates = [13, 13, 9, 0, 14, 11, 0, 15, 2, 6, 5, 4, 0, 3, 11, 15]
y_coordinates = [0, 6, 20, 16, 18, 11, 12, 11, 0, 14, 5, 11, 21, 16, 16, 15]
x_dimensions = [5, 5, 5, 3, 4, 4, 4, 3, 3, 3, 8, 7, 6, 3, 3, 3]
y_dimensions = [6, 5, 4, 5, 6, 5, 4, 4, 11, 10, 3, 3, 3, 5, 4, 3]
minimum_height = 24
----------
x_coordinates = [0, 8, 13, 13, 2, 11, 3, 14, 5, 7, 10, 0, 8, 2, 15, 8]
y_coordinates = [3, 6, 7, 4, 19, 18, 12, 0, 1, 15, 11, 9, 1, 16, 18, 20]
x_dimensions = [5, 5, 5, 5, 6, 4, 4, 3, 3, 10, 8, 3, 6, 5, 3, 3]
y_dimensions = [6, 5, 4, 3, 4, 5, 4, 4, 11, 3, 3, 7, 3, 3, 4, 3]
minimum_height = 23
----------
x_coordinates = [13, 0, 10, 0, 5, 13, 3, 15, 8, 7, 2, 5, 2, 0, 14, 11]
y_coordinates = [5, 6, 11, 14, 18, 0, 14, 11, 0, 15, 11, 4, 1, 19, 18, 18]
x_dimensions = [5, 5, 5, 3, 6, 4, 4, 3, 3, 10, 8, 3, 6, 5, 3, 3]
y_dimensions = [6, 5, 4, 5, 4, 5, 4, 4, 11, 3, 3, 7, 3, 3, 4, 3]
minimum_height = 22
----------
x_coordinates = [0, 4, 13, 2, 2, 14, 8, 15, 5, 8, 10, 8, 1, 9, 12, 11]
y_coordinates = [5, 12, 4, 0, 17, 10, 1, 0, 1, 18, 15, 5, 11, 12, 0, 9]
x_dimensions = [5, 5, 5, 3, 6, 4, 4, 3, 3, 10, 8, 3, 3, 5, 3, 3]
y_dimensions = [6, 5, 4, 5, 4, 5, 4, 4, 11, 3, 3, 7, 6, 3, 4, 3]
minimum_height = 21
----------
x_coordinates = [6, 13, 14, 3, 1, 11, 10, 1, 7, 8, 0, 10, 0, 4, 15, 1]
y_coordinates = [0, 7, 12, 1, 6, 1, 13, 10, 6, 17, 17, 6, 0, 12, 3, 14]
x_dimensions = [5, 5, 4, 3, 6, 4, 4, 3, 3, 10, 8, 3, 3, 3, 3, 3]
y_dimensions = [6, 5, 5, 5, 4, 5, 4, 4, 11, 3, 3, 7, 6, 5, 4, 3]
minimum_height = 20
----------
x_coordinates = [0, 3, 3, 9, 12, 7, 8, 15, 0, 5, 10, 15, 6, 0, 12, 12]
y_coordinates = [0, 6, 11, 0, 8, 12, 8, 0, 5, 16, 5, 12, 0, 16, 0, 13]
x_dimensions = [6, 5, 4, 3, 6, 5, 4, 3, 3, 10, 8, 3, 3, 5, 3, 3]
y_dimensions = [5, 5, 5, 5, 4, 4, 4, 4, 11, 3, 3, 7, 6, 3, 4, 3]
minimum_height = 19
----------
x_coordinates = [0, 0, 0, 5, 12, 11, 8, 11, 8, 5, 15, 8, 15, 0, 11, 5]
y_coordinates = [12, 7, 0, 3, 14, 9, 14, 6, 3, 8, 6, 0, 0, 4, 3, 0]
x_dimensions = [5, 5, 5, 3, 6, 4, 4, 4, 3, 3, 3, 7, 3, 5, 4, 3]
y_dimensions = [6, 5, 4, 5, 4, 5, 4, 3, 11, 10, 8, 3, 6, 3, 3, 3]
minimum_height = 18
----------
==========
%%%mzn-stat: nodes=132918
%%%mzn-stat: failures=66531
%%%mzn-stat: restarts=1511
%%%mzn-stat: variables=4682
%%%mzn-stat: intVars=65
%%%mzn-stat: boolVariables=4615
%%%mzn-stat: propagators=994
%%%mzn-stat: propagations=25712171
%%%mzn-stat: peakDepth=99
%%%mzn-stat: nogoods=66531
%%%mzn-stat: backjumps=32061
%%%mzn-stat: peakMem=0.00
%%%mzn-stat: time=10.473
%%%mzn-stat: initTime=0.011
%%%mzn-stat: solveTime=10.462
%%%mzn-stat: objective=18
%%%mzn-stat: optTime=10.462
%%%mzn-stat: baseMem=0.00
%%%mzn-stat: trailMem=0.01
%%%mzn-stat: randomSeed=1657541145
