x_coordinates = [0, 22, 15, 16, 8, 27, 20, 26, 3, 9, 5, 13, 0, 4, 25, 16, 2, 10, 17, 23, 28, 32]
y_coordinates = [122, 193, 216, 189, 231, 233, 232, 200, 233, 236, 237, 237, 224, 240, 240, 240, 243, 243, 243, 243, 243, 243]
x_dimensions = [35, 4, 20, 17, 12, 8, 7, 6, 5, 4, 4, 22, 3, 12, 10, 9, 8, 7, 6, 5, 4, 3]
y_dimensions = [14, 23, 4, 4, 4, 4, 4, 4, 4, 4, 3, 3, 19, 3, 3, 3, 3, 3, 3, 3, 3, 3]
minimum_height = 246
----------
x_coordinates = [0, 1, 27, 5, 10, 31, 3, 25, 26, 0, 14, 4, 22, 10, 4, 20, 21, 15, 32, 24, 21, 18]
y_coordinates = [4, 212, 217, 231, 235, 236, 235, 237, 241, 241, 239, 242, 220, 228, 239, 169, 214, 225, 169, 165, 239, 239]
x_dimensions = [35, 4, 4, 17, 12, 4, 7, 6, 5, 4, 4, 22, 3, 12, 10, 3, 8, 7, 3, 3, 4, 3]
y_dimensions = [14, 23, 20, 4, 4, 8, 4, 4, 4, 4, 3, 3, 19, 3, 3, 9, 3, 3, 6, 5, 3, 3]
minimum_height = 245
----------
x_coordinates = [3, 16, 28, 9, 10, 0, 22, 29, 4, 30, 31, 9, 7, 23, 25, 20, 20, 24, 29, 27, 31, 10]
y_coordinates = [105, 214, 207, 192, 237, 235, 237, 237, 240, 233, 241, 241, 221, 227, 196, 220, 229, 230, 184, 232, 200, 198]
x_dimensions = [14, 4, 4, 17, 12, 4, 7, 6, 5, 4, 4, 22, 3, 12, 10, 3, 3, 3, 3, 3, 4, 3]
y_dimensions = [35, 23, 20, 4, 4, 8, 4, 4, 4, 4, 3, 3, 19, 3, 3, 9, 8, 7, 6, 5, 3, 3]
minimum_height = 244
----------
x_coordinates = [17, 13, 22, 7, 6, 24, 28, 18, 8, 4, 0, 13, 3, 29, 21, 26, 0, 32, 16, 32, 17, 31]
y_coordinates = [119, 124, 211, 231, 235, 232, 236, 236, 239, 239, 240, 240, 220, 224, 208, 223, 231, 229, 213, 224, 207, 209]
x_dimensions = [14, 4, 4, 17, 12, 4, 7, 6, 5, 4, 4, 22, 3, 3, 10, 3, 3, 3, 6, 3, 4, 3]
y_dimensions = [35, 23, 20, 4, 4, 8, 4, 4, 4, 4, 3, 3, 19, 12, 3, 9, 8, 7, 3, 5, 3, 3]
minimum_height = 243
----------
x_coordinates = [16, 29, 31, 10, 23, 27, 21, 25, 30, 27, 2, 6, 28, 20, 25, 32, 27, 29, 29, 17, 31, 30]
y_coordinates = [116, 173, 219, 206, 215, 207, 235, 219, 203, 159, 239, 239, 223, 170, 151, 162, 199, 163, 196, 169, 239, 148]
x_dimensions = [14, 4, 4, 17, 12, 4, 7, 6, 5, 4, 4, 22, 3, 12, 10, 3, 3, 3, 6, 3, 4, 3]
y_dimensions = [35, 23, 20, 4, 4, 8, 4, 4, 4, 4, 3, 3, 19, 3, 3, 9, 8, 7, 3, 5, 3, 3]
minimum_height = 242
----------
x_coordinates = [0, 19, 30, 18, 7, 31, 12, 23, 26, 31, 8, 11, 29, 18, 19, 30, 32, 30, 23, 28, 15, 26]
y_coordinates = [91, 215, 179, 175, 220, 214, 237, 221, 217, 202, 238, 199, 222, 212, 238, 72, 233, 207, 226, 202, 233, 232]
x_dimensions = [35, 4, 4, 17, 12, 4, 7, 6, 5, 4, 4, 22, 3, 12, 10, 3, 3, 3, 6, 3, 4, 3]
y_dimensions = [14, 23, 20, 4, 4, 8, 4, 4, 4, 4, 3, 3, 19, 3, 3, 9, 8, 7, 3, 5, 3, 3]
minimum_height = 241
----------
x_coordinates = [17, 14, 30, 16, 18, 28, 21, 29, 30, 4, 26, 8, 28, 17, 18, 31, 26, 32, 14, 31, 15, 27]
y_coordinates = [119, 214, 202, 89, 220, 232, 236, 227, 223, 201, 204, 201, 69, 210, 233, 61, 224, 231, 82, 197, 237, 60]
x_dimensions = [14, 4, 4, 17, 12, 4, 7, 6, 5, 4, 4, 22, 3, 12, 10, 3, 3, 3, 6, 3, 4, 3]
y_dimensions = [35, 23, 20, 4, 4, 8, 4, 4, 4, 4, 3, 3, 19, 3, 3, 9, 8, 7, 3, 5, 3, 3]
minimum_height = 240
----------
x_coordinates = [8, 7, 20, 16, 23, 19, 12, 31, 27, 26, 23, 8, 30, 32, 11, 4, 11, 1, 26, 1, 5, 9]
y_coordinates = [86, 213, 208, 140, 229, 231, 235, 233, 234, 201, 234, 205, 195, 217, 228, 227, 232, 232, 226, 227, 236, 236]
x_dimensions = [14, 4, 4, 17, 12, 4, 7, 4, 4, 4, 4, 22, 3, 3, 10, 3, 8, 3, 6, 3, 4, 3]
y_dimensions = [35, 23, 20, 4, 4, 8, 4, 6, 5, 4, 3, 3, 19, 12, 3, 9, 3, 7, 3, 5, 3, 3]
minimum_height = 239
----------
x_coordinates = [3, 21, 14, 17, 28, 20, 0, 3, 31, 31, 20, 13, 32, 25, 25, 18, 10, 7, 10, 0, 23, 23]
y_coordinates = [118, 215, 212, 120, 218, 211, 234, 228, 233, 200, 201, 205, 210, 218, 230, 229, 232, 231, 235, 228, 198, 208]
x_dimensions = [14, 4, 4, 17, 4, 8, 7, 4, 4, 4, 4, 22, 3, 3, 10, 3, 8, 3, 6, 3, 4, 3]
y_dimensions = [35, 23, 20, 4, 12, 4, 4, 6, 5, 4, 3, 3, 19, 12, 3, 9, 3, 7, 3, 5, 3, 3]
minimum_height = 238
----------
x_coordinates = [17, 24, 31, 16, 30, 20, 27, 1, 31, 8, 30, 12, 30, 28, 23, 28, 9, 17, 19, 16, 5, 32]
y_coordinates = [117, 213, 214, 103, 191, 229, 74, 231, 206, 205, 211, 203, 84, 216, 188, 228, 234, 230, 210, 225, 234, 234]
x_dimensions = [14, 4, 4, 17, 4, 4, 7, 4, 4, 4, 4, 22, 3, 3, 10, 3, 8, 3, 6, 3, 4, 3]
y_dimensions = [35, 23, 20, 4, 12, 8, 4, 6, 5, 4, 3, 3, 19, 12, 3, 9, 3, 7, 3, 5, 3, 3]
minimum_height = 237
----------
x_coordinates = [17, 28, 20, 0, 24, 31, 10, 3, 25, 31, 31, 11, 0, 32, 10, 32, 7, 10, 29, 17, 24, 25]
y_coordinates = [114, 213, 216, 148, 217, 193, 226, 228, 208, 201, 190, 205, 217, 215, 233, 227, 228, 230, 210, 226, 232, 229]
x_dimensions = [14, 4, 4, 17, 4, 4, 7, 4, 4, 4, 4, 22, 3, 3, 10, 3, 3, 7, 6, 3, 4, 3]
y_dimensions = [35, 23, 20, 4, 12, 8, 4, 6, 5, 4, 3, 3, 19, 12, 3, 9, 8, 3, 3, 5, 3, 3]
minimum_height = 236
----------
x_coordinates = [17, 0, 22, 0, 25, 18, 28, 14, 28, 31, 18, 13, 17, 23, 22, 26, 15, 11, 28, 9, 31, 32]
y_coordinates = [106, 228, 208, 103, 91, 220, 87, 222, 214, 201, 217, 205, 87, 231, 103, 227, 232, 221, 219, 204, 224, 216]
x_dimensions = [14, 23, 4, 17, 4, 4, 7, 4, 4, 4, 4, 22, 3, 12, 10, 9, 8, 3, 6, 3, 4, 3]
y_dimensions = [35, 4, 20, 4, 12, 8, 4, 6, 5, 4, 3, 3, 19, 3, 3, 3, 3, 7, 3, 5, 3, 3]
minimum_height = 235
----------
x_coordinates = [4, 0, 22, 18, 30, 18, 26, 27, 31, 9, 12, 13, 3, 23, 11, 26, 21, 7, 29, 6, 14, 10]
y_coordinates = [99, 230, 210, 103, 207, 222, 212, 222, 223, 201, 221, 199, 218, 231, 209, 228, 202, 223, 219, 199, 227, 227]
x_dimensions = [14, 23, 4, 17, 4, 4, 4, 4, 4, 4, 3, 22, 19, 12, 10, 9, 3, 3, 6, 3, 4, 3]
y_dimensions = [35, 4, 20, 4, 12, 8, 7, 6, 5, 4, 4, 3, 3, 3, 3, 3, 8, 7, 3, 5, 3, 3]
minimum_height = 234
----------
x_coordinates = [17, 0, 23, 0, 26, 31, 3, 0, 27, 31, 12, 10, 4, 29, 13, 27, 32, 15, 30, 16, 14, 10]
y_coordinates = [101, 216, 213, 103, 192, 225, 229, 223, 228, 200, 220, 204, 224, 207, 230, 219, 206, 221, 219, 211, 227, 229]
x_dimensions = [14, 23, 4, 17, 4, 4, 7, 4, 4, 4, 3, 22, 19, 3, 10, 3, 3, 7, 3, 3, 4, 3]
y_dimensions = [35, 4, 20, 4, 12, 8, 4, 6, 5, 4, 4, 3, 3, 12, 3, 9, 8, 3, 6, 5, 3, 3]
minimum_height = 233
----------
x_coordinates = [17, 1, 24, 0, 28, 16, 26, 16, 31, 31, 12, 12, 15, 30, 3, 28, 32, 9, 31, 0, 28, 13]
y_coordinates = [106, 222, 212, 103, 207, 226, 196, 216, 227, 200, 218, 204, 84, 184, 226, 219, 213, 229, 221, 227, 228, 226]
x_dimensions = [14, 23, 4, 17, 4, 8, 7, 4, 4, 4, 3, 22, 3, 3, 10, 3, 3, 7, 3, 3, 3, 3]
y_dimensions = [35, 4, 20, 4, 12, 4, 4, 6, 5, 4, 4, 3, 19, 12, 3, 9, 8, 3, 6, 5, 4, 3]
minimum_height = 232
----------
x_coordinates = [10, 0, 23, 6, 7, 15, 0, 31, 31, 31, 9, 11, 4, 30, 22, 28, 3, 2, 31, 0, 27, 12]
y_coordinates = [110, 217, 211, 213, 200, 227, 221, 214, 226, 201, 227, 205, 224, 189, 208, 219, 207, 228, 220, 204, 228, 228]
x_dimensions = [14, 23, 4, 17, 4, 8, 4, 4, 4, 4, 3, 22, 19, 3, 10, 3, 3, 7, 3, 3, 4, 3]
y_dimensions = [35, 4, 20, 4, 12, 4, 7, 6, 5, 4, 4, 3, 3, 12, 3, 9, 8, 3, 6, 5, 3, 3]
minimum_height = 231
----------
x_coordinates = [11, 1, 24, 18, 30, 1, 1, 8, 28, 20, 19, 2, 9, 30, 14, 28, 30, 21, 32, 32, 31, 18]
y_coordinates = [114, 214, 202, 103, 191, 226, 221, 218, 216, 202, 220, 211, 224, 203, 208, 221, 95, 227, 220, 215, 226, 227]
x_dimensions = [14, 23, 4, 17, 4, 8, 7, 4, 4, 4, 3, 22, 19, 3, 10, 3, 3, 7, 3, 3, 3, 3]
y_dimensions = [35, 4, 20, 4, 12, 4, 4, 6, 5, 4, 4, 3, 3, 12, 3, 9, 8, 3, 6, 5, 4, 3]
minimum_height = 230
----------
x_coordinates = [2, 0, 31, 16, 30, 9, 0, 27, 4, 22, 19, 1, 8, 23, 21, 29, 26, 19, 31, 32, 20, 17]
y_coordinates = [110, 215, 194, 107, 182, 222, 222, 223, 222, 201, 211, 219, 226, 213, 208, 214, 215, 205, 223, 218, 222, 223]
x_dimensions = [14, 23, 4, 17, 4, 8, 4, 4, 4, 4, 3, 22, 19, 3, 10, 3, 3, 7, 3, 3, 3, 3]
y_dimensions = [35, 4, 20, 4, 12, 4, 7, 6, 5, 4, 4, 3, 3, 12, 3, 9, 8, 3, 6, 5, 4, 3]
minimum_height = 229
----------
x_coordinates = [17, 5, 25, 4, 30, 11, 1, 28, 31, 0, 19, 4, 9, 28, 11, 31, 2, 21, 32, 8, 25, 22]
y_coordinates = [96, 216, 189, 150, 187, 221, 224, 222, 208, 211, 221, 212, 225, 210, 208, 213, 215, 209, 222, 220, 221, 221]
x_dimensions = [14, 23, 4, 17, 4, 8, 7, 4, 4, 4, 3, 22, 19, 3, 10, 3, 3, 7, 3, 3, 3, 3]
y_dimensions = [35, 4, 20, 4, 12, 4, 4, 6, 5, 4, 4, 3, 3, 12, 3, 9, 8, 3, 6, 5, 4, 3]
minimum_height = 228
----------
x_coordinates = [4, 2, 27, 18, 31, 21, 1, 31, 28, 23, 19, 3, 9, 25, 16, 28, 0, 5, 32, 15, 12, 22]
y_coordinates = [112, 215, 192, 143, 203, 188, 223, 215, 222, 204, 220, 211, 224, 212, 208, 213, 207, 220, 221, 219, 220, 220]
x_dimensions = [14, 23, 4, 17, 4, 8, 7, 4, 4, 4, 3, 22, 19, 3, 10, 3, 3, 7, 3, 3, 3, 3]
y_dimensions = [35, 4, 20, 4, 12, 4, 4, 6, 5, 4, 4, 3, 3, 12, 3, 9, 8, 3, 6, 5, 4, 3]
minimum_height = 227
----------
x_coordinates = [17, 1, 29, 0, 30, 27, 28, 30, 31, 23, 10, 2, 9, 24, 9, 27, 7, 17, 25, 14, 16, 13]
y_coordinates = [106, 214, 183, 103, 203, 179, 102, 215, 221, 207, 222, 211, 100, 211, 202, 214, 218, 220, 223, 218, 223, 223]
x_dimensions = [14, 23, 4, 17, 4, 8, 7, 4, 4, 4, 3, 22, 19, 3, 10, 3, 3, 7, 6, 3, 4, 3]
y_dimensions = [35, 4, 20, 4, 12, 4, 4, 6, 5, 4, 4, 3, 3, 12, 3, 9, 8, 3, 3, 5, 3, 3]
minimum_height = 226
----------
x_coordinates = [1, 2, 27, 15, 27, 10, 26, 31, 5, 23, 32, 3, 13, 25, 4, 28, 2, 15, 9, 22, 18, 30]
y_coordinates = [106, 210, 180, 103, 200, 218, 112, 215, 220, 205, 221, 214, 98, 213, 199, 216, 217, 222, 222, 220, 219, 212]
x_dimensions = [14, 23, 4, 17, 4, 8, 7, 4, 4, 4, 3, 22, 19, 3, 10, 3, 3, 7, 6, 3, 4, 3]
y_dimensions = [35, 4, 20, 4, 12, 4, 4, 6, 5, 4, 4, 3, 3, 12, 3, 9, 8, 3, 3, 5, 3, 3]
minimum_height = 225
----------
x_coordinates = [17, 2, 26, 5, 30, 15, 5, 30, 6, 31, 16, 10, 14, 0, 5, 32, 3, 24, 10, 27, 20, 24]
y_coordinates = [108, 206, 193, 202, 189, 216, 187, 205, 219, 201, 221, 213, 185, 212, 210, 215, 215, 218, 221, 221, 220, 221]
x_dimensions = [14, 23, 4, 17, 4, 8, 7, 4, 4, 4, 4, 22, 19, 3, 10, 3, 3, 7, 6, 5, 4, 3]
y_dimensions = [35, 4, 20, 4, 12, 4, 4, 6, 5, 4, 3, 3, 3, 12, 3, 9, 8, 3, 3, 3, 3, 3]
minimum_height = 224
----------
x_coordinates = [8, 4, 31, 9, 27, 13, 4, 30, 6, 31, 19, 11, 12, 2, 12, 29, 10, 22, 21, 26, 23, 32]
y_coordinates = [105, 183, 181, 179, 190, 215, 200, 208, 218, 201, 219, 205, 202, 211, 199, 214, 215, 217, 211, 211, 220, 219]
x_dimensions = [14, 23, 4, 17, 4, 8, 7, 4, 4, 4, 3, 22, 19, 3, 10, 3, 3, 7, 3, 3, 4, 3]
y_dimensions = [35, 4, 20, 4, 12, 4, 4, 6, 5, 4, 4, 3, 3, 12, 3, 9, 8, 3, 6, 5, 3, 3]
minimum_height = 223
----------
x_coordinates = [12, 4, 24, 16, 28, 20, 2, 31, 28, 16, 31, 6, 9, 26, 32, 1, 31, 27, 32, 26, 23, 32]
y_coordinates = [110, 214, 184, 105, 197, 207, 206, 189, 209, 207, 219, 211, 204, 172, 195, 213, 181, 216, 206, 167, 218, 213]
x_dimensions = [14, 23, 4, 17, 4, 8, 7, 4, 4, 4, 4, 22, 19, 3, 3, 3, 3, 7, 3, 3, 4, 3]
y_dimensions = [35, 4, 20, 4, 12, 4, 4, 6, 5, 4, 3, 3, 3, 12, 10, 9, 8, 3, 6, 5, 3, 3]
minimum_height = 222
----------
x_coordinates = [14, 4, 25, 17, 22, 23, 12, 30, 31, 9, 30, 13, 7, 32, 26, 32, 29, 25, 32, 31, 27, 30]
y_coordinates = [109, 217, 149, 105, 194, 173, 209, 207, 174, 213, 203, 213, 206, 188, 199, 179, 192, 187, 168, 216, 218, 200]
x_dimensions = [14, 23, 4, 17, 4, 8, 7, 4, 4, 4, 3, 22, 19, 3, 3, 3, 3, 7, 3, 3, 4, 3]
y_dimensions = [35, 4, 20, 4, 12, 4, 4, 6, 5, 4, 4, 3, 3, 12, 10, 9, 8, 3, 6, 5, 3, 3]
minimum_height = 221
----------
x_coordinates = [17, 11, 30, 0, 30, 25, 1, 31, 8, 8, 29, 0, 7, 22, 17, 12, 15, 25, 21, 28, 18, 32]
y_coordinates = [106, 99, 174, 103, 195, 203, 209, 214, 207, 212, 207, 217, 193, 208, 199, 206, 209, 211, 202, 214, 212, 210]
x_dimensions = [14, 23, 4, 17, 4, 4, 7, 4, 4, 4, 3, 22, 19, 3, 3, 3, 3, 7, 3, 3, 4, 3]
y_dimensions = [35, 4, 20, 4, 12, 8, 4, 6, 5, 4, 4, 3, 3, 12, 10, 9, 8, 3, 6, 5, 3, 3]
minimum_height = 220
----------
x_coordinates = [17, 10, 26, 0, 30, 25, 4, 31, 17, 14, 29, 0, 10, 22, 14, 11, 1, 25, 21, 28, 18, 32]
y_coordinates = [104, 8, 178, 127, 194, 202, 209, 213, 206, 212, 206, 216, 198, 207, 202, 205, 205, 210, 201, 213, 211, 209]
x_dimensions = [14, 23, 4, 17, 4, 4, 7, 4, 4, 4, 3, 22, 19, 3, 3, 3, 3, 7, 3, 3, 4, 3]
y_dimensions = [35, 4, 20, 4, 12, 8, 4, 6, 5, 4, 4, 3, 3, 12, 10, 9, 8, 3, 6, 5, 3, 3]
minimum_height = 219
----------
x_coordinates = [17, 9, 30, 14, 0, 28, 0, 10, 18, 7, 32, 13, 11, 15, 7, 4, 12, 22, 14, 26, 17, 29]
y_coordinates = [108, 152, 176, 103, 195, 202, 191, 211, 207, 194, 210, 196, 193, 199, 208, 206, 203, 210, 211, 213, 212, 212]
x_dimensions = [14, 23, 4, 17, 4, 4, 7, 4, 4, 4, 3, 22, 19, 3, 3, 3, 3, 7, 3, 3, 4, 3]
y_dimensions = [35, 4, 20, 4, 12, 8, 4, 6, 5, 4, 4, 3, 3, 12, 10, 9, 8, 3, 6, 5, 3, 3]
minimum_height = 218
----------
x_coordinates = [17, 5, 30, 12, 26, 31, 6, 0, 14, 13, 32, 7, 7, 17, 3, 21, 10, 24, 18, 6, 4, 29]
y_coordinates = [107, 184, 185, 103, 195, 205, 202, 211, 209, 205, 213, 214, 193, 196, 201, 205, 206, 211, 208, 207, 213, 214]
x_dimensions = [14, 23, 4, 17, 4, 4, 7, 4, 4, 4, 3, 22, 19, 3, 3, 3, 3, 7, 3, 3, 3, 3]
y_dimensions = [35, 4, 20, 4, 12, 8, 4, 6, 5, 4, 4, 3, 3, 12, 10, 9, 8, 3, 6, 5, 4, 3]
minimum_height = 217
----------
x_coordinates = [4, 12, 5, 18, 1, 9, 24, 19, 30, 30, 16, 12, 5, 19, 16, 23, 32, 31, 29, 22, 20, 13]
y_coordinates = [107, 183, 195, 126, 191, 207, 192, 206, 199, 203, 213, 189, 192, 196, 198, 213, 207, 192, 207, 201, 212, 212]
x_dimensions = [14, 23, 4, 17, 4, 4, 7, 6, 5, 4, 4, 22, 19, 12, 3, 9, 3, 3, 3, 3, 3, 3]
y_dimensions = [35, 4, 20, 4, 12, 8, 4, 4, 4, 4, 3, 3, 3, 3, 10, 3, 8, 7, 6, 5, 4, 3]
minimum_height = 216
----------
x_coordinates = [17, 12, 0, 0, 4, 10, 7, 29, 30, 30, 20, 8, 16, 19, 4, 23, 32, 14, 27, 19, 17, 14]
y_coordinates = [106, 189, 195, 103, 195, 206, 202, 102, 203, 199, 211, 199, 193, 196, 204, 211, 207, 205, 202, 202, 211, 212]
x_dimensions = [14, 23, 4, 17, 12, 4, 7, 6, 5, 4, 3, 22, 19, 12, 3, 9, 3, 3, 3, 3, 3, 3]
y_dimensions = [35, 4, 20, 4, 4, 8, 4, 4, 4, 4, 4, 3, 3, 3, 10, 3, 8, 7, 6, 5, 4, 3]
minimum_height = 215
----------
x_coordinates = [17, 0, 2, 0, 25, 18, 24, 19, 1, 2, 21, 13, 6, 23, 32, 29, 8, 16, 32, 5, 31, 32]
y_coordinates = [94, 181, 185, 121, 202, 196, 189, 210, 209, 205, 193, 177, 204, 184, 195, 203, 211, 207, 205, 209, 180, 211]
x_dimensions = [14, 23, 4, 17, 4, 4, 7, 6, 4, 4, 4, 22, 19, 12, 3, 3, 8, 3, 3, 3, 3, 3]
y_dimensions = [35, 4, 20, 4, 12, 8, 4, 4, 5, 4, 3, 3, 3, 3, 10, 9, 3, 7, 6, 5, 4, 3]
minimum_height = 214
----------
x_coordinates = [3, 8, 27, 18, 23, 31, 16, 26, 15, 11, 30, 13, 4, 22, 1, 31, 27, 28, 8, 19, 22, 24]
y_coordinates = [102, 165, 178, 103, 203, 162, 204, 174, 208, 206, 159, 171, 201, 198, 195, 189, 207, 210, 207, 209, 193, 209]
x_dimensions = [14, 23, 4, 17, 12, 4, 7, 6, 4, 4, 4, 22, 19, 12, 3, 3, 8, 7, 3, 5, 3, 3]
y_dimensions = [35, 4, 20, 4, 4, 8, 4, 4, 5, 4, 3, 3, 3, 3, 10, 9, 3, 3, 6, 3, 4, 3]
minimum_height = 213
----------
x_coordinates = [0, 8, 28, 17, 31, 31, 25, 29, 31, 28, 30, 6, 6, 19, 25, 32, 27, 27, 32, 1, 29, 32]
y_coordinates = [87, 170, 188, 103, 176, 168, 208, 164, 159, 153, 147, 205, 209, 185, 195, 203, 150, 175, 153, 209, 143, 144]
x_dimensions = [35, 23, 4, 17, 4, 4, 7, 6, 4, 4, 4, 22, 19, 12, 3, 3, 8, 3, 3, 5, 3, 3]
y_dimensions = [14, 4, 20, 4, 12, 8, 4, 4, 5, 4, 3, 3, 3, 3, 10, 9, 3, 7, 6, 3, 4, 3]
minimum_height = 212
----------
x_coordinates = [17, 3, 12, 0, 27, 31, 25, 29, 31, 23, 26, 9, 4, 23, 0, 3, 27, 30, 30, 32, 29, 32]
y_coordinates = [92, 207, 202, 117, 187, 193, 160, 183, 188, 172, 206, 199, 163, 164, 200, 204, 173, 176, 167, 201, 207, 206]
x_dimensions = [14, 23, 20, 17, 4, 4, 7, 6, 4, 4, 3, 22, 19, 12, 3, 9, 8, 3, 3, 3, 3, 3]
y_dimensions = [35, 4, 4, 4, 12, 8, 4, 4, 5, 4, 4, 3, 3, 3, 10, 3, 3, 7, 6, 5, 4, 3]
minimum_height = 211
----------
x_coordinates = [17, 3, 11, 0, 30, 30, 25, 27, 31, 27, 31, 8, 6, 23, 28, 26, 19, 25, 32, 0, 31, 25]
y_coordinates = [103, 206, 202, 103, 158, 194, 154, 190, 185, 184, 204, 199, 157, 151, 171, 207, 184, 181, 179, 205, 171, 169]
x_dimensions = [14, 23, 20, 17, 4, 4, 7, 6, 4, 4, 4, 22, 19, 12, 3, 9, 8, 7, 3, 3, 3, 3]
y_dimensions = [35, 4, 4, 4, 12, 8, 4, 4, 5, 4, 3, 3, 3, 3, 10, 3, 3, 3, 6, 5, 4, 3]
minimum_height = 210
----------
x_coordinates = [17, 12, 26, 0, 19, 30, 29, 31, 27, 18, 30, 13, 16, 23, 29, 22, 9, 28, 6, 22, 32, 31]
y_coordinates = [103, 199, 174, 135, 163, 138, 154, 193, 194, 195, 174, 203, 151, 161, 164, 206, 198, 148, 198, 194, 169, 206]
x_dimensions = [14, 23, 4, 17, 4, 4, 4, 4, 4, 4, 4, 22, 19, 12, 3, 9, 3, 7, 3, 3, 3, 3]
y_dimensions = [35, 4, 20, 4, 12, 8, 7, 6, 5, 4, 3, 3, 3, 3, 10, 3, 8, 3, 6, 5, 4, 3]
minimum_height = 209
----------
x_coordinates = [1, 31, 27, 15, 16, 23, 30, 8, 3, 7, 12, 7, 14, 20, 21, 12, 0, 11, 32, 24, 24, 29]
y_coordinates = [97, 179, 184, 103, 184, 186, 171, 199, 201, 195, 193, 205, 168, 183, 195, 202, 198, 196, 202, 198, 194, 204]
x_dimensions = [14, 4, 4, 17, 4, 4, 4, 4, 4, 4, 4, 22, 19, 3, 3, 9, 3, 7, 3, 3, 3, 3]
y_dimensions = [35, 23, 20, 4, 12, 8, 7, 6, 5, 4, 3, 3, 3, 12, 10, 3, 8, 3, 6, 5, 4, 3]
minimum_height = 208
----------
x_coordinates = [17, 13, 17, 0, 9, 27, 31, 27, 28, 24, 5, 2, 12, 21, 24, 23, 1, 27, 32, 31, 31, 32]
y_coordinates = [98, 181, 184, 103, 189, 182, 183, 193, 202, 202, 197, 204, 178, 187, 189, 199, 200, 190, 201, 178, 194, 198]
x_dimensions = [14, 4, 4, 17, 4, 4, 4, 4, 4, 4, 4, 22, 19, 3, 3, 9, 8, 7, 3, 3, 3, 3]
y_dimensions = [35, 23, 20, 4, 12, 8, 7, 6, 5, 4, 3, 3, 3, 12, 10, 3, 3, 3, 6, 5, 4, 3]
minimum_height = 207
----------
x_coordinates = [17, 11, 7, 0, 3, 26, 22, 25, 22, 22, 1, 29, 6, 19, 0, 26, 0, 15, 30, 16, 16, 31]
y_coordinates = [100, 183, 186, 106, 193, 190, 191, 202, 186, 198, 185, 168, 180, 194, 196, 199, 188, 191, 193, 197, 202, 203]
x_dimensions = [14, 4, 4, 17, 4, 4, 4, 6, 4, 4, 4, 3, 19, 3, 3, 9, 3, 7, 3, 3, 3, 3]
y_dimensions = [35, 23, 20, 4, 12, 8, 7, 4, 5, 4, 3, 22, 3, 12, 10, 3, 8, 3, 6, 5, 4, 3]
minimum_height = 206
----------
x_coordinates = [17, 13, 27, 8, 23, 20, 31, 31, 9, 31, 26, 30, 14, 20, 17, 23, 6, 24, 31, 25, 23, 32]
y_coordinates = [95, 180, 184, 139, 185, 197, 179, 190, 193, 186, 181, 148, 173, 183, 180, 170, 189, 197, 196, 176, 181, 170]
x_dimensions = [14, 4, 4, 17, 4, 4, 4, 4, 4, 4, 4, 3, 19, 3, 3, 9, 3, 3, 3, 3, 3, 3]
y_dimensions = [35, 23, 20, 4, 12, 8, 7, 6, 5, 4, 3, 22, 3, 12, 10, 3, 8, 7, 6, 5, 4, 3]
minimum_height = 205
----------
x_coordinates = [2, 12, 28, 18, 31, 27, 4, 22, 8, 22, 24, 10, 14, 29, 21, 26, 11, 28, 31, 30, 26, 32]
y_coordinates = [89, 184, 159, 103, 189, 188, 187, 200, 187, 137, 191, 156, 132, 144, 190, 135, 140, 201, 138, 179, 196, 155]
x_dimensions = [14, 23, 4, 17, 4, 4, 4, 6, 4, 4, 3, 22, 19, 3, 3, 9, 3, 7, 3, 3, 3, 3]
y_dimensions = [35, 4, 20, 4, 12, 8, 7, 4, 5, 4, 4, 3, 3, 12, 10, 3, 8, 3, 6, 5, 4, 3]
minimum_height = 204
----------
x_coordinates = [2, 13, 30, 16, 27, 31, 23, 23, 20, 22, 31, 10, 11, 32, 23, 26, 19, 26, 31, 24, 32, 17]
y_coordinates = [92, 180, 156, 103, 190, 191, 191, 146, 198, 152, 188, 177, 174, 176, 181, 150, 149, 153, 144, 198, 199, 197]
x_dimensions = [14, 4, 4, 17, 4, 4, 4, 6, 4, 4, 4, 22, 19, 3, 3, 9, 3, 7, 3, 3, 3, 3]
y_dimensions = [35, 23, 20, 4, 12, 8, 7, 4, 5, 4, 3, 3, 3, 12, 10, 3, 8, 3, 6, 5, 4, 3]
minimum_height = 203
----------
x_coordinates = [17, 22, 29, 0, 30, 31, 27, 19, 18, 23, 28, 11, 15, 27, 26, 19, 16, 28, 31, 24, 29, 32]
y_coordinates = [100, 174, 142, 103, 175, 194, 194, 168, 190, 168, 191, 162, 139, 169, 181, 165, 171, 166, 169, 197, 187, 190]
x_dimensions = [14, 4, 4, 17, 4, 4, 4, 4, 4, 4, 4, 22, 19, 3, 3, 9, 3, 7, 3, 3, 3, 3]
y_dimensions = [35, 23, 20, 4, 12, 8, 7, 6, 5, 4, 3, 3, 3, 12, 10, 3, 8, 3, 6, 5, 4, 3]
minimum_height = 202
----------
x_coordinates = [3, 17, 30, 18, 6, 20, 30, 23, 25, 22, 31, 10, 5, 3, 29, 26, 21, 15, 31, 28, 32, 28]
y_coordinates = [96, 153, 154, 105, 182, 196, 147, 178, 153, 174, 198, 193, 150, 189, 183, 174, 156, 176, 177, 196, 193, 180]
x_dimensions = [14, 4, 4, 17, 4, 8, 4, 4, 5, 4, 4, 22, 19, 3, 3, 9, 3, 7, 3, 3, 3, 3]
y_dimensions = [35, 23, 20, 4, 12, 4, 7, 6, 4, 4, 3, 3, 3, 12, 10, 3, 8, 3, 6, 5, 4, 3]
minimum_height = 201
----------
x_coordinates = [17, 26, 30, 0, 6, 23, 29, 18, 22, 27, 31, 10, 5, 3, 29, 22, 0, 5, 31, 30, 32, 30]
y_coordinates = [99, 153, 156, 121, 182, 196, 144, 179, 175, 176, 197, 193, 150, 186, 183, 180, 179, 179, 177, 151, 193, 141]
x_dimensions = [14, 4, 4, 17, 4, 8, 4, 4, 4, 4, 4, 22, 19, 3, 3, 9, 3, 7, 3, 3, 3, 3]
y_dimensions = [35, 23, 20, 4, 12, 4, 7, 6, 5, 4, 3, 3, 3, 12, 10, 3, 8, 3, 6, 5, 4, 3]
minimum_height = 200
----------
x_coordinates = [3, 1, 28, 17, 5, 22, 29, 18, 9, 31, 30, 13, 8, 15, 28, 22, 7, 10, 32, 29, 31, 21]
y_coordinates = [95, 174, 159, 103, 181, 195, 151, 184, 189, 184, 196, 179, 157, 187, 185, 182, 173, 178, 173, 146, 192, 192]
x_dimensions = [14, 4, 4, 17, 4, 8, 4, 4, 4, 4, 4, 22, 19, 3, 3, 9, 3, 3, 3, 3, 3, 3]
y_dimensions = [35, 23, 20, 4, 12, 4, 7, 6, 5, 4, 3, 3, 3, 12, 10, 3, 8, 7, 6, 5, 4, 3]
minimum_height = 199
----------
x_coordinates = [17, 3, 28, 0, 0, 31, 30, 24, 14, 28, 31, 13, 14, 31, 32, 4, 12, 10, 32, 31, 29, 6]
y_coordinates = [92, 163, 162, 103, 186, 142, 150, 189, 180, 189, 182, 185, 127, 130, 188, 187, 190, 180, 176, 157, 194, 194]
x_dimensions = [14, 4, 4, 17, 4, 4, 4, 4, 4, 4, 4, 22, 19, 3, 3, 9, 3, 3, 3, 3, 3, 3]
y_dimensions = [35, 23, 20, 4, 12, 8, 7, 6, 5, 4, 3, 3, 3, 12, 10, 3, 8, 7, 6, 5, 4, 3]
minimum_height = 198
----------
x_coordinates = [8, 21, 17, 14, 23, 31, 28, 25, 12, 17, 32, 1, 12, 31, 32, 29, 14, 26, 32, 32, 29, 32]
y_coordinates = [88, 168, 166, 158, 193, 157, 173, 187, 188, 186, 165, 192, 155, 145, 183, 184, 180, 180, 177, 172, 169, 169]
x_dimensions = [14, 4, 4, 17, 12, 4, 4, 4, 5, 4, 3, 22, 19, 3, 3, 3, 3, 3, 3, 3, 3, 3]
y_dimensions = [35, 23, 20, 4, 4, 8, 7, 6, 4, 4, 4, 3, 3, 12, 10, 9, 8, 7, 6, 5, 4, 3]
minimum_height = 197
----------
x_coordinates = [4, 20, 13, 18, 23, 31, 31, 28, 24, 22, 17, 1, 16, 31, 31, 32, 20, 28, 31, 32, 29, 26]
y_coordinates = [97, 161, 167, 103, 189, 141, 158, 183, 179, 184, 174, 188, 149, 129, 165, 180, 193, 193, 152, 175, 176, 174]
x_dimensions = [14, 4, 4, 17, 12, 4, 4, 4, 4, 4, 3, 22, 19, 3, 3, 3, 8, 7, 3, 3, 3, 3]
y_dimensions = [35, 23, 20, 4, 4, 8, 7, 6, 5, 4, 4, 3, 3, 12, 10, 9, 3, 3, 6, 5, 4, 3]
minimum_height = 196
----------
x_coordinates = [17, 2, 5, 0, 7, 30, 26, 28, 19, 24, 8, 6, 10, 29, 28, 32, 17, 31, 27, 25, 32, 30]
y_coordinates = [93, 172, 152, 103, 188, 159, 166, 187, 188, 186, 173, 192, 157, 147, 177, 186, 180, 179, 160, 173, 170, 174]
x_dimensions = [14, 4, 4, 17, 12, 4, 4, 4, 5, 4, 3, 22, 19, 3, 3, 3, 3, 3, 3, 3, 3, 3]
y_dimensions = [35, 23, 20, 4, 4, 8, 7, 6, 4, 4, 4, 3, 3, 12, 10, 9, 8, 7, 6, 5, 4, 3]
minimum_height = 195
----------
x_coordinates = [1, 7, 21, 15, 19, 30, 31, 31, 2, 3, 25, 16, 11, 30, 28, 7, 0, 13, 28, 30, 32, 4]
y_coordinates = [91, 166, 170, 125, 190, 167, 160, 188, 181, 190, 179, 172, 167, 148, 180, 189, 186, 182, 161, 175, 182, 187]
x_dimensions = [14, 4, 4, 17, 12, 4, 4, 4, 4, 4, 3, 3, 19, 3, 3, 9, 3, 3, 3, 3, 3, 3]
y_dimensions = [35, 23, 20, 4, 4, 8, 7, 6, 5, 4, 4, 22, 3, 12, 10, 3, 8, 7, 6, 5, 4, 3]
minimum_height = 194
----------
x_coordinates = [0, 3, 31, 18, 10, 21, 27, 31, 25, 3, 0, 7, 12, 30, 0, 22, 25, 28, 28, 32, 29, 22]
y_coordinates = [89, 166, 159, 103, 189, 177, 161, 187, 177, 189, 178, 170, 174, 147, 183, 190, 182, 183, 168, 181, 179, 187]
x_dimensions = [35, 4, 4, 17, 12, 4, 4, 4, 4, 4, 3, 3, 19, 3, 3, 9, 3, 3, 3, 3, 3, 3]
y_dimensions = [14, 23, 20, 4, 4, 8, 7, 6, 5, 4, 4, 22, 3, 12, 10, 3, 8, 7, 6, 5, 4, 3]
minimum_height = 193
----------
x_coordinates = [1, 15, 9, 15, 16, 4, 27, 31, 12, 11, 28, 13, 16, 31, 10, 1, 15, 7, 32, 17, 1, 4]
y_coordinates = [88, 147, 162, 110, 188, 174, 169, 186, 134, 146, 186, 170, 181, 163, 182, 189, 139, 182, 175, 184, 181, 184]
x_dimensions = [14, 4, 4, 17, 12, 4, 4, 4, 4, 4, 3, 3, 19, 3, 3, 9, 3, 3, 3, 5, 3, 3]
y_dimensions = [35, 23, 20, 4, 4, 8, 7, 6, 5, 4, 4, 22, 3, 12, 10, 3, 8, 7, 6, 3, 4, 3]
minimum_height = 192
----------
x_coordinates = [1, 30, 19, 15, 20, 28, 27, 1, 28, 31, 29, 32, 0, 30, 19, 6, 31, 8, 29, 15, 25, 5]
y_coordinates = [93, 122, 163, 118, 187, 175, 162, 185, 113, 165, 183, 169, 182, 145, 183, 188, 157, 185, 169, 186, 179, 185]
x_dimensions = [14, 4, 4, 17, 12, 4, 4, 4, 4, 4, 3, 3, 19, 3, 10, 9, 3, 7, 3, 5, 3, 3]
y_dimensions = [35, 23, 20, 4, 4, 8, 7, 6, 5, 4, 4, 22, 3, 12, 3, 3, 8, 3, 6, 3, 4, 3]
minimum_height = 191
----------
x_coordinates = [15, 21, 13, 18, 23, 31, 27, 28, 27, 17, 32, 20, 1, 25, 24, 11, 28, 32, 31, 30, 32, 24]
y_coordinates = [93, 145, 163, 130, 173, 156, 169, 178, 152, 163, 165, 168, 183, 157, 184, 187, 161, 177, 146, 187, 152, 181]
x_dimensions = [14, 4, 4, 17, 12, 4, 7, 4, 4, 4, 3, 3, 19, 3, 10, 9, 3, 3, 3, 5, 3, 3]
y_dimensions = [35, 23, 20, 4, 4, 8, 4, 6, 5, 4, 4, 22, 3, 12, 3, 3, 8, 7, 6, 3, 4, 3]
minimum_height = 190
----------
x_coordinates = [3, 23, 24, 18, 23, 28, 30, 31, 20, 23, 32, 21, 2, 32, 11, 2, 20, 28, 18, 26, 7, 10]
y_coordinates = [93, 135, 166, 103, 158, 171, 134, 183, 130, 162, 164, 167, 182, 171, 185, 185, 157, 179, 176, 186, 178, 177]
x_dimensions = [14, 4, 4, 17, 12, 4, 4, 4, 4, 4, 3, 3, 19, 3, 10, 9, 3, 3, 3, 5, 3, 3]
y_dimensions = [35, 23, 20, 4, 4, 8, 7, 6, 5, 4, 4, 22, 3, 12, 3, 3, 8, 7, 6, 3, 4, 3]
minimum_height = 189
----------
x_coordinates = [2, 25, 0, 18, 20, 20, 28, 31, 31, 16, 29, 27, 4, 24, 13, 7, 32, 23, 31, 30, 12, 15]
y_coordinates = [91, 139, 166, 103, 162, 173, 131, 179, 153, 161, 158, 166, 182, 169, 185, 164, 161, 181, 173, 185, 178, 179]
x_dimensions = [14, 4, 4, 17, 12, 4, 4, 4, 4, 4, 3, 3, 19, 3, 10, 9, 3, 3, 3, 5, 3, 3]
y_dimensions = [35, 23, 20, 4, 4, 8, 7, 6, 5, 4, 4, 22, 3, 12, 3, 3, 8, 7, 6, 3, 4, 3]
minimum_height = 188
----------
x_coordinates = [3, 23, 0, 18, 23, 31, 10, 31, 19, 28, 32, 14, 12, 20, 0, 5, 17, 30, 30, 26, 4, 7]
y_coordinates = [92, 154, 163, 112, 177, 158, 177, 181, 150, 173, 173, 162, 184, 172, 183, 174, 176, 166, 152, 181, 179, 180]
x_dimensions = [14, 4, 4, 17, 12, 4, 4, 4, 5, 4, 3, 3, 19, 3, 10, 9, 3, 3, 3, 5, 3, 3]
y_dimensions = [35, 23, 20, 4, 4, 8, 7, 6, 4, 4, 4, 22, 3, 12, 3, 3, 8, 7, 6, 3, 4, 3]
minimum_height = 187
----------
x_coordinates = [17, 28, 24, 0, 23, 31, 30, 31, 22, 7, 30, 20, 2, 22, 21, 11, 21, 32, 31, 23, 8, 28]
y_coordinates = [87, 153, 156, 103, 176, 141, 134, 180, 135, 175, 149, 161, 183, 140, 183, 178, 152, 159, 128, 180, 179, 180]
x_dimensions = [14, 4, 4, 17, 12, 4, 4, 4, 4, 4, 3, 3, 19, 3, 10, 9, 3, 3, 3, 5, 3, 3]
y_dimensions = [35, 23, 20, 4, 4, 8, 7, 6, 5, 4, 4, 22, 3, 12, 3, 3, 8, 7, 6, 3, 4, 3]
minimum_height = 186
----------
x_coordinates = [3, 4, 0, 16, 23, 6, 11, 8, 24, 31, 32, 20, 12, 22, 22, 12, 22, 8, 30, 30, 10, 10]
y_coordinates = [87, 162, 164, 83, 177, 154, 172, 179, 160, 181, 136, 157, 182, 145, 134, 179, 137, 172, 158, 164, 161, 135]
x_dimensions = [14, 4, 4, 17, 12, 4, 4, 4, 4, 4, 3, 3, 19, 3, 10, 9, 3, 3, 3, 5, 3, 3]
y_dimensions = [35, 23, 20, 4, 4, 8, 7, 6, 5, 4, 4, 22, 3, 12, 3, 3, 8, 7, 6, 3, 4, 3]
minimum_height = 185
----------
x_coordinates = [16, 27, 29, 12, 6, 2, 18, 30, 31, 31, 30, 3, 13, 0, 25, 18, 31, 0, 31, 22, 32, 17]
y_coordinates = [90, 158, 138, 124, 177, 154, 171, 119, 161, 176, 131, 162, 181, 165, 135, 178, 168, 177, 125, 175, 180, 134]
x_dimensions = [14, 4, 4, 4, 12, 4, 4, 4, 4, 4, 3, 3, 19, 3, 10, 9, 3, 3, 3, 5, 3, 3]
y_dimensions = [35, 23, 20, 17, 4, 8, 7, 6, 5, 4, 4, 22, 3, 12, 3, 3, 8, 7, 6, 3, 4, 3]
minimum_height = 184
----------
x_coordinates = [16, 27, 28, 18, 12, 24, 31, 31, 31, 23, 32, 1, 4, 3, 17, 19, 32, 24, 14, 22, 32, 11]
y_coordinates = [88, 160, 140, 133, 177, 148, 176, 161, 171, 159, 167, 156, 159, 144, 163, 156, 149, 176, 162, 166, 157, 165]
x_dimensions = [14, 4, 4, 17, 12, 4, 4, 4, 4, 4, 3, 3, 19, 3, 10, 9, 3, 3, 3, 5, 3, 3]
y_dimensions = [35, 23, 20, 4, 4, 8, 7, 6, 5, 4, 4, 22, 3, 12, 3, 3, 8, 7, 6, 3, 4, 3]
minimum_height = 183
----------
x_coordinates = [4, 1, 31, 18, 23, 11, 29, 31, 31, 24, 32, 20, 12, 22, 25, 15, 21, 9, 22, 27, 28, 19]
y_coordinates = [87, 161, 162, 103, 140, 128, 128, 156, 144, 164, 152, 129, 179, 117, 149, 167, 109, 175, 151, 153, 161, 151]
x_dimensions = [14, 23, 4, 17, 12, 4, 4, 4, 4, 4, 3, 3, 19, 3, 10, 9, 3, 3, 3, 5, 3, 3]
y_dimensions = [35, 4, 20, 4, 4, 8, 7, 6, 5, 4, 4, 22, 3, 12, 3, 3, 8, 7, 6, 3, 4, 3]
minimum_height = 182
----------
x_coordinates = [2, 23, 31, 16, 0, 26, 11, 13, 29, 27, 14, 20, 12, 22, 0, 20, 22, 28, 28, 5, 10, 17]
y_coordinates = [87, 155, 161, 108, 177, 142, 160, 168, 154, 168, 174, 156, 178, 140, 170, 152, 132, 161, 172, 173, 171, 172]
x_dimensions = [14, 4, 4, 17, 12, 4, 4, 4, 4, 4, 3, 3, 19, 3, 10, 9, 3, 3, 3, 5, 3, 3]
y_dimensions = [35, 23, 20, 4, 4, 8, 7, 6, 5, 4, 4, 22, 3, 12, 3, 3, 8, 7, 6, 3, 4, 3]
minimum_height = 181
----------
x_coordinates = [0, 27, 23, 18, 18, 19, 14, 17, 31, 31, 20, 30, 4, 3, 4, 26, 29, 30, 1, 9, 14, 17]
y_coordinates = [87, 157, 159, 103, 150, 156, 153, 167, 175, 171, 173, 132, 177, 151, 171, 154, 124, 117, 172, 174, 172, 173]
x_dimensions = [35, 4, 4, 17, 12, 4, 4, 4, 4, 4, 3, 3, 19, 3, 10, 9, 3, 3, 3, 5, 3, 3]
y_dimensions = [14, 23, 20, 4, 4, 8, 7, 6, 5, 4, 4, 22, 3, 12, 3, 3, 8, 7, 6, 3, 4, 3]
minimum_height = 180
----------
x_coordinates = [1, 30, 27, 14, 18, 30, 30, 31, 31, 23, 29, 32, 16, 15, 0, 21, 30, 28, 13, 9, 15, 10]
y_coordinates = [88, 136, 159, 84, 110, 76, 104, 173, 84, 175, 129, 111, 133, 110, 132, 156, 96, 88, 132, 176, 174, 132]
x_dimensions = [14, 4, 4, 17, 12, 4, 4, 4, 4, 4, 3, 3, 19, 3, 10, 9, 3, 3, 3, 5, 3, 3]
y_dimensions = [35, 23, 20, 4, 4, 8, 7, 6, 5, 4, 4, 22, 3, 12, 3, 3, 8, 7, 6, 3, 4, 3]
minimum_height = 179
----------
x_coordinates = [17, 31, 15, 0, 15, 30, 27, 30, 31, 8, 29, 32, 13, 7, 19, 21, 26, 28, 10, 26, 12, 14]
y_coordinates = [87, 145, 174, 103, 144, 79, 144, 168, 118, 173, 137, 123, 141, 143, 138, 171, 130, 122, 140, 164, 173, 138]
x_dimensions = [14, 4, 20, 17, 12, 4, 4, 4, 4, 4, 3, 3, 19, 3, 10, 9, 3, 3, 3, 5, 3, 3]
y_dimensions = [35, 23, 4, 4, 4, 8, 7, 6, 5, 4, 4, 22, 3, 12, 3, 3, 8, 7, 6, 3, 4, 3]
minimum_height = 178
----------
x_coordinates = [0, 30, 11, 14, 17, 30, 28, 7, 31, 31, 10, 32, 16, 3, 20, 21, 29, 28, 1, 5, 4, 13]
y_coordinates = [87, 147, 173, 119, 146, 111, 132, 171, 120, 173, 167, 125, 170, 138, 167, 164, 139, 124, 169, 168, 172, 170]
x_dimensions = [14, 4, 20, 17, 12, 4, 4, 4, 4, 4, 3, 3, 19, 3, 10, 9, 3, 3, 3, 5, 3, 3]
y_dimensions = [35, 23, 4, 4, 4, 8, 7, 6, 5, 4, 4, 22, 3, 12, 3, 3, 8, 7, 6, 3, 4, 3]
minimum_height = 177
----------
x_coordinates = [6, 30, 11, 2, 20, 29, 31, 7, 31, 31, 10, 30, 12, 27, 21, 21, 32, 28, 7, 2, 3, 4]
y_coordinates = [87, 142, 172, 103, 116, 98, 165, 170, 107, 172, 165, 120, 169, 141, 166, 163, 112, 109, 164, 170, 173, 167]
x_dimensions = [14, 4, 20, 4, 12, 4, 4, 4, 4, 4, 3, 3, 19, 3, 10, 9, 3, 3, 3, 5, 4, 3]
y_dimensions = [35, 23, 4, 17, 4, 8, 7, 6, 5, 4, 4, 22, 3, 12, 3, 3, 8, 7, 6, 3, 3, 3]
minimum_height = 176
----------
x_coordinates = [14, 31, 28, 18, 6, 31, 31, 24, 31, 21, 28, 32, 13, 1, 12, 22, 32, 30, 10, 27, 25, 29]
y_coordinates = [86, 142, 110, 130, 133, 88, 168, 169, 103, 126, 171, 108, 139, 129, 167, 162, 134, 96, 138, 165, 126, 136]
x_dimensions = [14, 4, 4, 17, 12, 4, 4, 4, 4, 4, 3, 3, 19, 3, 10, 9, 3, 3, 3, 5, 3, 3]
y_dimensions = [35, 23, 20, 4, 4, 8, 7, 6, 5, 4, 4, 22, 3, 12, 3, 3, 8, 7, 6, 3, 4, 3]
minimum_height = 175
----------
x_coordinates = [2, 31, 31, 0, 20, 30, 28, 24, 31, 27, 21, 32, 16, 17, 19, 22, 32, 28, 32, 16, 27, 29]
y_coordinates = [86, 147, 88, 138, 138, 75, 170, 168, 83, 101, 170, 117, 108, 138, 116, 165, 139, 87, 111, 171, 105, 116]
x_dimensions = [14, 4, 4, 17, 12, 4, 7, 4, 4, 4, 3, 3, 19, 3, 10, 9, 3, 3, 3, 5, 4, 3]
y_dimensions = [35, 23, 20, 4, 4, 8, 4, 6, 5, 4, 4, 22, 3, 12, 3, 3, 8, 7, 6, 3, 3, 3]
minimum_height = 174
----------
x_coordinates = [12, 25, 23, 18, 6, 26, 17, 24, 31, 28, 32, 32, 16, 22, 7, 26, 32, 29, 14, 27, 26, 29]
y_coordinates = [76, 147, 123, 143, 142, 93, 169, 117, 130, 122, 169, 147, 111, 157, 170, 108, 135, 101, 164, 170, 114, 167]
x_dimensions = [14, 4, 4, 17, 12, 4, 7, 4, 4, 4, 3, 3, 19, 3, 10, 9, 3, 3, 3, 5, 4, 3]
y_dimensions = [35, 23, 20, 4, 4, 8, 4, 6, 5, 4, 4, 22, 3, 12, 3, 3, 8, 7, 6, 3, 3, 3]
minimum_height = 173
----------
x_coordinates = [9, 31, 15, 6, 13, 30, 20, 7, 31, 11, 27, 32, 13, 24, 17, 22, 28, 28, 10, 27, 23, 30]
y_coordinates = [69, 145, 168, 134, 140, 107, 141, 166, 115, 167, 142, 120, 135, 141, 138, 162, 147, 119, 137, 139, 165, 142]
x_dimensions = [14, 4, 20, 4, 4, 4, 4, 4, 4, 4, 3, 3, 19, 3, 10, 9, 3, 3, 3, 5, 4, 3]
y_dimensions = [35, 23, 4, 17, 12, 8, 7, 6, 5, 4, 4, 22, 3, 12, 3, 3, 8, 7, 6, 3, 3, 3]
minimum_height = 172
----------
x_coordinates = [15, 2, 28, 8, 20, 2, 28, 24, 31, 6, 29, 32, 13, 9, 15, 25, 24, 5, 10, 28, 25, 32]
y_coordinates = [79, 163, 146, 167, 151, 138, 166, 145, 134, 144, 142, 144, 139, 151, 142, 162, 154, 156, 141, 131, 142, 141]
x_dimensions = [14, 23, 4, 17, 4, 4, 7, 4, 4, 4, 3, 3, 19, 3, 10, 3, 3, 3, 3, 5, 4, 3]
y_dimensions = [35, 4, 20, 4, 12, 8, 4, 6, 5, 4, 4, 22, 3, 12, 3, 9, 8, 7, 6, 3, 3, 3]
minimum_height = 171
----------
x_coordinates = [2, 12, 31, 5, 22, 25, 30, 27, 31, 25, 29, 29, 16, 14, 11, 26, 2, 9, 26, 28, 27, 32]
y_coordinates = [84, 166, 110, 151, 151, 95, 156, 123, 99, 129, 152, 130, 107, 163, 151, 163, 162, 162, 153, 104, 120, 151]
x_dimensions = [14, 23, 4, 4, 4, 8, 4, 4, 4, 4, 3, 3, 19, 12, 10, 9, 3, 3, 3, 5, 4, 3]
y_dimensions = [35, 4, 20, 17, 12, 4, 7, 6, 5, 4, 4, 22, 3, 3, 3, 3, 8, 7, 6, 3, 3, 3]
minimum_height = 170
----------
x_coordinates = [16, 3, 29, 6, 13, 25, 31, 27, 31, 25, 3, 2, 16, 19, 4, 26, 0, 23, 30, 30, 30, 32]
y_coordinates = [8, 165, 134, 161, 149, 109, 154, 158, 113, 133, 161, 138, 122, 155, 130, 164, 160, 158, 125, 118, 131, 161]
x_dimensions = [14, 23, 4, 17, 4, 8, 4, 4, 4, 4, 3, 3, 19, 12, 10, 9, 3, 3, 3, 5, 4, 3]
y_dimensions = [35, 4, 20, 4, 12, 4, 7, 6, 5, 4, 4, 22, 3, 3, 3, 3, 8, 7, 6, 3, 3, 3]
minimum_height = 169
----------
x_coordinates = [17, 3, 30, 6, 11, 23, 31, 27, 31, 25, 3, 2, 14, 15, 4, 26, 0, 23, 1, 30, 30, 0]
y_coordinates = [71, 164, 136, 160, 148, 126, 156, 156, 125, 134, 159, 135, 130, 154, 132, 163, 157, 157, 129, 122, 133, 165]
x_dimensions = [14, 23, 4, 17, 4, 8, 4, 4, 4, 4, 3, 3, 19, 12, 10, 9, 3, 3, 3, 5, 4, 3]
y_dimensions = [35, 4, 20, 4, 12, 4, 7, 6, 5, 4, 4, 22, 3, 3, 3, 3, 8, 7, 6, 3, 3, 3]
minimum_height = 168
----------
x_coordinates = [8, 8, 31, 11, 23, 27, 31, 7, 31, 25, 4, 3, 16, 19, 0, 27, 0, 30, 28, 29, 29, 1]
y_coordinates = [17, 157, 130, 163, 145, 111, 160, 161, 116, 129, 163, 141, 124, 142, 144, 148, 156, 150, 161, 121, 127, 164]
x_dimensions = [14, 23, 4, 17, 4, 8, 4, 4, 4, 4, 3, 3, 19, 12, 3, 3, 3, 3, 3, 5, 4, 3]
y_dimensions = [35, 4, 20, 4, 12, 4, 7, 6, 5, 4, 4, 22, 3, 3, 10, 9, 8, 7, 6, 3, 3, 3]
minimum_height = 167
----------
x_coordinates = [17, 8, 30, 11, 20, 26, 29, 31, 31, 26, 28, 5, 15, 23, 2, 27, 2, 32, 24, 29, 30, 30]
y_coordinates = [67, 158, 130, 162, 146, 102, 117, 160, 109, 129, 162, 144, 124, 114, 147, 149, 157, 153, 149, 106, 127, 150]
x_dimensions = [14, 23, 4, 17, 4, 8, 4, 4, 4, 4, 3, 3, 19, 12, 3, 3, 3, 3, 3, 5, 4, 3]
y_dimensions = [35, 4, 20, 4, 12, 4, 7, 6, 5, 4, 4, 22, 3, 3, 10, 9, 8, 7, 6, 3, 3, 3]
minimum_height = 166
----------
x_coordinates = [17, 8, 30, 14, 2, 27, 31, 7, 31, 26, 9, 7, 15, 20, 4, 32, 5, 2, 29, 27, 30, 26]
y_coordinates = [56, 157, 124, 161, 145, 107, 158, 120, 113, 123, 161, 135, 118, 154, 135, 149, 157, 157, 144, 150, 121, 143]
x_dimensions = [14, 23, 4, 17, 4, 8, 4, 4, 4, 4, 3, 3, 19, 12, 3, 3, 3, 3, 3, 5, 4, 3]
y_dimensions = [35, 4, 20, 4, 12, 4, 7, 6, 5, 4, 4, 22, 3, 3, 10, 9, 8, 7, 6, 3, 3, 3]
minimum_height = 165
----------
x_coordinates = [0, 12, 30, 0, 27, 26, 29, 31, 31, 26, 0, 20, 16, 23, 17, 32, 9, 24, 6, 29, 31, 3]
y_coordinates = [81, 160, 115, 150, 148, 97, 135, 145, 104, 114, 159, 138, 109, 142, 150, 151, 156, 153, 158, 101, 112, 161]
x_dimensions = [14, 23, 4, 17, 4, 8, 4, 4, 4, 4, 3, 3, 19, 12, 3, 3, 3, 3, 3, 5, 4, 3]
y_dimensions = [35, 4, 20, 4, 12, 4, 7, 6, 5, 4, 4, 22, 3, 3, 10, 9, 8, 7, 6, 3, 3, 3]
minimum_height = 164
----------
x_coordinates = [8, 12, 31, 11, 31, 23, 26, 29, 31, 23, 0, 9, 15, 12, 3, 27, 29, 24, 6, 29, 27, 0]
y_coordinates = [64, 159, 117, 129, 147, 101, 143, 137, 101, 136, 156, 141, 114, 156, 153, 150, 106, 152, 157, 98, 134, 160]
x_dimensions = [14, 23, 4, 17, 4, 8, 4, 4, 4, 4, 3, 3, 19, 12, 3, 3, 3, 3, 3, 5, 4, 3]
y_dimensions = [35, 4, 20, 4, 12, 4, 7, 6, 5, 4, 4, 22, 3, 3, 10, 9, 8, 7, 6, 3, 3, 3]
minimum_height = 163
----------
x_coordinates = [8, 12, 31, 10, 3, 26, 30, 31, 31, 23, 0, 7, 14, 12, 3, 27, 6, 24, 28, 29, 27, 32]
y_coordinates = [70, 158, 122, 147, 150, 107, 145, 152, 111, 138, 158, 140, 119, 155, 138, 149, 132, 151, 139, 116, 136, 142]
x_dimensions = [14, 23, 4, 17, 4, 8, 4, 4, 4, 4, 3, 3, 19, 12, 3, 3, 3, 3, 3, 5, 4, 3]
y_dimensions = [35, 4, 20, 4, 12, 4, 7, 6, 5, 4, 4, 22, 3, 3, 10, 9, 8, 7, 6, 3, 3, 3]
minimum_height = 162
----------
x_coordinates = [12, 30, 25, 2, 31, 27, 18, 31, 31, 11, 19, 22, 14, 0, 12, 28, 15, 25, 32, 28, 15, 29]
y_coordinates = [70, 111, 126, 147, 149, 99, 154, 134, 103, 143, 145, 139, 108, 158, 151, 150, 153, 154, 140, 146, 144, 143]
x_dimensions = [14, 4, 4, 17, 4, 8, 4, 4, 4, 4, 3, 3, 19, 12, 3, 3, 3, 3, 3, 5, 4, 3]
y_dimensions = [35, 23, 20, 4, 12, 4, 7, 6, 5, 4, 4, 22, 3, 3, 10, 9, 8, 7, 6, 3, 3, 3]
minimum_height = 161
----------
x_coordinates = [15, 28, 24, 4, 17, 26, 27, 23, 31, 16, 4, 7, 16, 5, 1, 32, 21, 32, 29, 27, 28, 32]
y_coordinates = [53, 117, 123, 138, 153, 102, 143, 147, 108, 142, 154, 157, 114, 151, 149, 130, 138, 139, 154, 150, 140, 152]
x_dimensions = [14, 4, 4, 17, 12, 8, 4, 4, 4, 4, 3, 22, 19, 12, 3, 3, 3, 3, 3, 5, 4, 3]
y_dimensions = [35, 23, 20, 4, 4, 4, 7, 6, 5, 4, 4, 3, 3, 3, 10, 9, 8, 7, 6, 3, 3, 3]
minimum_height = 160
----------
x_coordinates = [17, 28, 24, 4, 20, 27, 26, 31, 31, 19, 6, 9, 16, 8, 3, 32, 21, 32, 30, 30, 28, 32]
y_coordinates = [25, 118, 125, 136, 155, 100, 145, 147, 104, 144, 151, 152, 109, 156, 149, 128, 136, 137, 112, 144, 141, 154]
x_dimensions = [14, 4, 4, 17, 12, 8, 4, 4, 4, 4, 3, 22, 19, 12, 3, 3, 3, 3, 3, 5, 4, 3]
y_dimensions = [35, 23, 20, 4, 4, 4, 7, 6, 5, 4, 4, 3, 3, 3, 10, 9, 8, 7, 6, 3, 3, 3]
minimum_height = 159
----------
x_coordinates = [16, 26, 29, 9, 22, 27, 31, 28, 31, 17, 18, 0, 15, 6, 12, 30, 21, 29, 31, 30, 29, 32]
y_coordinates = [31, 129, 100, 139, 146, 84, 145, 152, 88, 119, 155, 151, 93, 155, 148, 133, 126, 120, 127, 142, 97, 153]
x_dimensions = [14, 4, 4, 17, 4, 8, 4, 4, 4, 4, 4, 22, 19, 12, 10, 3, 3, 3, 3, 5, 4, 3]
y_dimensions = [35, 23, 20, 4, 12, 4, 7, 6, 5, 4, 3, 3, 3, 3, 3, 9, 8, 7, 6, 3, 3, 3]
minimum_height = 158
----------
x_coordinates = [17, 18, 28, 1, 21, 20, 31, 31, 31, 14, 22, 24, 14, 9, 5, 2, 15, 25, 32, 30, 31, 32]
y_coordinates = [46, 134, 124, 138, 120, 104, 147, 114, 103, 143, 153, 131, 108, 123, 152, 146, 149, 154, 138, 144, 111, 154]
x_dimensions = [14, 4, 4, 17, 12, 8, 4, 4, 4, 4, 3, 3, 19, 12, 10, 3, 3, 7, 3, 5, 4, 3]
y_dimensions = [35, 23, 20, 4, 4, 4, 7, 6, 5, 4, 4, 22, 3, 3, 3, 9, 8, 3, 6, 3, 3, 3]
minimum_height = 157
----------
x_coordinates = [17, 27, 30, 18, 24, 19, 31, 30, 31, 13, 32, 30, 16, 12, 24, 28, 23, 26, 30, 30, 30, 28]
y_coordinates = [14, 97, 55, 75, 141, 96, 145, 79, 115, 74, 152, 120, 49, 152, 119, 142, 84, 85, 91, 88, 52, 151]
x_dimensions = [14, 4, 4, 17, 4, 8, 4, 4, 4, 4, 3, 3, 19, 12, 3, 3, 3, 7, 3, 5, 4, 3]
y_dimensions = [35, 23, 20, 4, 12, 4, 7, 6, 5, 4, 4, 22, 3, 3, 10, 9, 8, 3, 6, 3, 3, 3]
minimum_height = 156
----------
x_coordinates = [16, 20, 29, 0, 21, 23, 31, 31, 31, 16, 27, 25, 15, 9, 13, 28, 16, 28, 17, 29, 29, 32]
y_coordinates = [25, 120, 110, 141, 143, 100, 148, 136, 99, 128, 147, 125, 104, 152, 131, 133, 132, 130, 140, 142, 107, 145]
x_dimensions = [14, 4, 4, 17, 4, 8, 4, 4, 4, 4, 3, 3, 19, 12, 3, 3, 3, 7, 3, 5, 4, 3]
y_dimensions = [35, 23, 20, 4, 12, 4, 7, 6, 5, 4, 4, 22, 3, 3, 10, 9, 8, 3, 6, 3, 3, 3]
minimum_height = 155
----------
x_coordinates = [13, 31, 24, 4, 31, 27, 21, 30, 31, 20, 28, 28, 16, 9, 21, 1, 25, 27, 30, 27, 27, 28]
y_coordinates = [64, 119, 121, 139, 142, 88, 150, 112, 95, 120, 147, 125, 100, 151, 140, 139, 141, 92, 103, 109, 118, 151]
x_dimensions = [14, 4, 4, 17, 4, 8, 7, 4, 4, 4, 3, 3, 19, 12, 3, 3, 3, 7, 3, 5, 4, 3]
y_dimensions = [35, 23, 20, 4, 12, 4, 4, 6, 5, 4, 4, 22, 3, 3, 10, 9, 8, 3, 6, 3, 3, 3]
minimum_height = 154
----------
x_coordinates = [16, 23, 27, 3, 26, 26, 13, 31, 31, 7, 29, 31, 16, 11, 7, 0, 20, 26, 10, 24, 31, 23]
y_coordinates = [45, 123, 123, 139, 111, 102, 148, 115, 110, 120, 149, 124, 107, 122, 143, 142, 142, 146, 145, 150, 121, 147]
x_dimensions = [14, 4, 4, 17, 4, 8, 7, 4, 4, 4, 3, 3, 19, 12, 3, 3, 3, 7, 3, 5, 4, 3]
y_dimensions = [35, 23, 20, 4, 12, 4, 4, 6, 5, 4, 4, 22, 3, 3, 10, 9, 8, 3, 6, 3, 3, 3]
minimum_height = 153
----------
x_coordinates = [8, 21, 17, 1, 23, 24, 22, 31, 31, 13, 29, 25, 16, 11, 11, 18, 27, 28, 14, 28, 28, 32]
y_coordinates = [42, 125, 123, 147, 111, 107, 148, 136, 128, 133, 148, 126, 115, 112, 137, 143, 118, 145, 141, 142, 133, 149]
x_dimensions = [14, 4, 4, 17, 12, 8, 7, 4, 4, 4, 3, 3, 19, 12, 3, 3, 3, 7, 3, 5, 4, 3]
y_dimensions = [35, 23, 20, 4, 4, 4, 4, 6, 5, 4, 4, 22, 3, 3, 10, 9, 8, 3, 6, 3, 3, 3]
minimum_height = 152
----------
x_coordinates = [15, 19, 24, 2, 22, 21, 17, 31, 8, 15, 30, 28, 14, 10, 16, 12, 24, 28, 22, 23, 31, 27]
y_coordinates = [28, 122, 123, 138, 116, 103, 147, 136, 144, 142, 147, 125, 107, 119, 128, 142, 143, 122, 110, 120, 142, 148]
x_dimensions = [14, 4, 4, 17, 12, 8, 7, 4, 4, 4, 3, 3, 19, 12, 3, 3, 3, 7, 3, 5, 4, 3]
y_dimensions = [35, 23, 20, 4, 4, 4, 4, 6, 5, 4, 4, 22, 3, 3, 10, 9, 8, 3, 6, 3, 3, 3]
minimum_height = 151
----------
x_coordinates = [17, 20, 28, 3, 23, 22, 17, 31, 27, 16, 31, 32, 15, 11, 17, 25, 30, 26, 23, 23, 24, 24]
y_coordinates = [18, 123, 125, 138, 101, 97, 146, 111, 145, 142, 147, 125, 108, 104, 116, 133, 117, 105, 114, 120, 142, 146]
x_dimensions = [14, 4, 4, 17, 12, 8, 7, 4, 4, 4, 4, 3, 19, 12, 3, 3, 3, 7, 3, 5, 4, 3]
y_dimensions = [35, 23, 20, 4, 4, 4, 4, 6, 5, 4, 3, 22, 3, 3, 10, 9, 8, 3, 6, 3, 3, 3]
minimum_height = 150
----------
x_coordinates = [17, 23, 30, 6, 24, 26, 27, 31, 31, 19, 32, 27, 16, 12, 17, 3, 29, 28, 20, 29, 27, 27]
y_coordinates = [48, 125, 124, 139, 106, 90, 94, 101, 144, 143, 117, 124, 98, 114, 117, 140, 110, 107, 120, 121, 146, 118]
x_dimensions = [14, 4, 4, 17, 4, 8, 7, 4, 4, 4, 3, 3, 19, 12, 3, 3, 3, 7, 3, 5, 4, 3]
y_dimensions = [35, 23, 20, 4, 12, 4, 4, 6, 5, 4, 4, 22, 3, 3, 10, 9, 8, 3, 6, 3, 3, 3]
minimum_height = 149
----------
x_coordinates = [8, 27, 12, 8, 24, 27, 23, 28, 23, 8, 21, 16, 15, 4, 9, 6, 29, 32, 17, 29, 19, 29]
y_coordinates = [48, 105, 125, 116, 136, 94, 98, 131, 127, 141, 139, 126, 102, 145, 131, 132, 140, 136, 120, 128, 131, 137]
x_dimensions = [14, 4, 4, 17, 4, 8, 7, 4, 4, 4, 3, 3, 19, 12, 3, 3, 3, 3, 3, 5, 4, 3]
y_dimensions = [35, 23, 20, 4, 12, 4, 4, 6, 5, 4, 4, 22, 3, 3, 10, 9, 8, 7, 6, 3, 3, 3]
minimum_height = 148
----------
x_coordinates = [10, 28, 21, 10, 23, 24, 28, 31, 24, 29, 27, 30, 14, 0, 25, 27, 32, 6, 18, 13, 20, 32]
y_coordinates = [63, 120, 123, 98, 143, 76, 105, 113, 108, 109, 116, 80, 102, 141, 133, 93, 119, 144, 141, 142, 112, 140]
x_dimensions = [14, 4, 4, 17, 12, 8, 7, 4, 4, 4, 3, 3, 19, 12, 3, 3, 3, 7, 3, 5, 4, 3]
y_dimensions = [35, 23, 20, 4, 4, 4, 4, 6, 5, 4, 4, 22, 3, 3, 10, 9, 8, 3, 6, 3, 3, 3]
minimum_height = 147
----------
x_coordinates = [9, 28, 13, 16, 23, 27, 9, 31, 24, 30, 20, 31, 14, 19, 21, 32, 32, 10, 17, 8, 17, 7]
y_coordinates = [68, 119, 123, 64, 142, 80, 114, 109, 137, 115, 141, 84, 106, 103, 131, 133, 125, 143, 140, 140, 137, 143]
x_dimensions = [14, 4, 4, 17, 12, 8, 7, 4, 4, 4, 3, 3, 19, 12, 3, 3, 3, 7, 3, 5, 4, 3]
y_dimensions = [35, 23, 20, 4, 4, 4, 4, 6, 5, 4, 4, 22, 3, 3, 10, 9, 8, 3, 6, 3, 3, 3]
minimum_height = 146
----------
x_coordinates = [17, 28, 26, 10, 23, 27, 25, 31, 3, 28, 31, 32, 14, 11, 7, 32, 32, 27, 26, 23, 27, 29]
y_coordinates = [31, 103, 77, 141, 137, 67, 129, 90, 140, 133, 142, 96, 74, 138, 135, 128, 120, 71, 97, 124, 142, 126]
x_dimensions = [14, 4, 4, 17, 12, 8, 7, 4, 4, 4, 4, 3, 19, 12, 3, 3, 3, 7, 3, 5, 4, 3]
y_dimensions = [35, 23, 20, 4, 4, 4, 4, 6, 5, 4, 3, 22, 3, 3, 10, 9, 8, 3, 6, 3, 3, 3]
minimum_height = 145
----------
x_coordinates = [17, 4, 30, 11, 28, 27, 27, 31, 31, 31, 32, 8, 14, 16, 29, 32, 32, 21, 1, 26, 28, 23]
y_coordinates = [33, 121, 99, 118, 122, 73, 84, 93, 88, 80, 121, 118, 77, 133, 134, 135, 127, 126, 121, 139, 119, 141]
x_dimensions = [14, 4, 4, 17, 4, 8, 7, 4, 4, 4, 3, 3, 19, 12, 3, 3, 3, 7, 3, 3, 4, 3]
y_dimensions = [35, 23, 20, 4, 12, 4, 4, 6, 5, 4, 4, 22, 3, 3, 10, 9, 8, 3, 6, 5, 3, 3]
minimum_height = 144
----------
x_coordinates = [15, 2, 31, 16, 27, 21, 22, 31, 12, 28, 19, 9, 15, 16, 6, 20, 23, 20, 26, 13, 32, 23]
y_coordinates = [60, 120, 123, 126, 125, 113, 121, 111, 122, 117, 122, 113, 108, 118, 135, 134, 132, 126, 137, 138, 119, 140]
x_dimensions = [14, 4, 4, 4, 4, 8, 7, 4, 4, 4, 3, 3, 19, 12, 10, 3, 3, 7, 3, 3, 3, 3]
y_dimensions = [35, 23, 20, 17, 12, 4, 4, 6, 5, 4, 4, 22, 3, 3, 3, 9, 8, 3, 6, 5, 4, 3]
minimum_height = 143
----------
x_coordinates = [17, 30, 11, 27, 31, 22, 23, 29, 30, 29, 25, 17, 15, 20, 23, 5, 28, 27, 18, 8, 32, 24]
y_coordinates = [27, 91, 135, 65, 127, 111, 122, 85, 122, 118, 126, 113, 82, 115, 62, 133, 127, 139, 139, 137, 114, 139]
x_dimensions = [14, 4, 20, 4, 4, 8, 7, 4, 4, 4, 3, 3, 19, 12, 10, 3, 3, 7, 6, 3, 3, 3]
y_dimensions = [35, 23, 4, 17, 12, 4, 4, 6, 5, 4, 4, 22, 3, 3, 3, 9, 8, 3, 3, 5, 4, 3]
minimum_height = 142
----------
x_coordinates = [8, 29, 10, 29, 30, 27, 24, 31, 31, 31, 25, 16, 15, 19, 23, 7, 29, 28, 18, 2, 32, 27]
y_coordinates = [17, 90, 134, 10, 129, 63, 122, 84, 121, 117, 128, 112, 73, 119, 70, 132, 76, 126, 138, 138, 113, 138]
x_dimensions = [14, 4, 20, 4, 4, 8, 7, 4, 4, 4, 3, 3, 19, 12, 10, 3, 3, 7, 6, 5, 3, 3]
y_dimensions = [35, 23, 4, 17, 12, 4, 4, 6, 5, 4, 4, 22, 3, 3, 3, 9, 8, 3, 3, 3, 4, 3]
minimum_height = 141
----------
x_coordinates = [8, 30, 8, 19, 31, 27, 23, 29, 30, 29, 25, 16, 14, 16, 22, 7, 28, 28, 29, 3, 32, 28]
y_coordinates = [28, 87, 136, 116, 128, 74, 123, 81, 123, 119, 127, 109, 78, 133, 71, 122, 129, 116, 110, 137, 112, 137]
x_dimensions = [14, 4, 20, 4, 4, 8, 7, 4, 4, 4, 3, 3, 19, 12, 10, 3, 3, 7, 3, 5, 3, 3]
y_dimensions = [35, 23, 4, 17, 12, 4, 4, 6, 5, 4, 4, 22, 3, 3, 3, 9, 8, 3, 6, 3, 4, 3]
minimum_height = 140
----------
x_coordinates = [10, 30, 11, 7, 31, 22, 24, 31, 31, 29, 27, 18, 16, 16, 23, 21, 30, 28, 30, 23, 32, 28]
y_coordinates = [27, 91, 132, 121, 127, 90, 126, 85, 122, 118, 122, 110, 62, 136, 71, 121, 77, 74, 65, 116, 114, 136]
x_dimensions = [14, 4, 20, 4, 4, 8, 7, 4, 4, 4, 3, 3, 19, 12, 10, 3, 3, 7, 3, 3, 3, 3]
y_dimensions = [35, 23, 4, 17, 12, 4, 4, 6, 5, 4, 4, 22, 3, 3, 3, 9, 8, 3, 6, 5, 4, 3]
minimum_height = 139
----------
x_coordinates = [8, 13, 12, 20, 4, 27, 27, 31, 28, 30, 25, 1, 16, 8, 23, 32, 24, 28, 28, 17, 32, 29]
y_coordinates = [34, 108, 134, 116, 126, 98, 125, 108, 129, 117, 130, 116, 105, 131, 102, 129, 122, 114, 108, 122, 121, 122]
x_dimensions = [14, 4, 20, 4, 4, 8, 7, 4, 4, 4, 3, 3, 19, 12, 10, 3, 3, 7, 3, 3, 3, 3]
y_dimensions = [35, 23, 4, 17, 12, 4, 4, 6, 5, 4, 4, 22, 3, 3, 3, 9, 8, 3, 6, 5, 4, 3]
minimum_height = 138
----------
x_coordinates = [3, 30, 12, 1, 20, 22, 24, 31, 31, 29, 17, 14, 15, 5, 25, 32, 11, 28, 30, 11, 32, 29]
y_coordinates = [31, 89, 133, 118, 129, 88, 125, 83, 123, 119, 127, 108, 71, 130, 116, 128, 122, 80, 74, 115, 112, 113]
x_dimensions = [14, 4, 20, 4, 12, 8, 7, 4, 4, 4, 3, 3, 19, 12, 10, 3, 3, 7, 3, 3, 3, 3]
y_dimensions = [35, 23, 4, 17, 4, 4, 4, 6, 5, 4, 4, 22, 3, 3, 3, 9, 8, 3, 6, 5, 4, 3]
minimum_height = 137
----------
x_coordinates = [3, 27, 12, 0, 16, 27, 25, 30, 31, 30, 28, 9, 15, 4, 25, 6, 32, 28, 29, 30, 32, 30]
y_coordinates = [43, 90, 127, 118, 132, 63, 123, 84, 131, 119, 132, 111, 78, 133, 67, 124, 123, 70, 113, 73, 112, 81]
x_dimensions = [14, 4, 20, 4, 12, 8, 7, 4, 4, 4, 3, 3, 19, 12, 10, 3, 3, 7, 3, 3, 3, 3]
y_dimensions = [35, 23, 4, 17, 4, 4, 4, 6, 5, 4, 4, 22, 3, 3, 3, 9, 8, 3, 6, 5, 4, 3]
minimum_height = 136
----------
x_coordinates = [8, 30, 15, 19, 20, 14, 24, 31, 12, 30, 6, 16, 14, 8, 22, 31, 32, 28, 9, 27, 32, 29]
y_coordinates = [27, 76, 131, 114, 108, 98, 127, 70, 125, 118, 129, 109, 67, 106, 102, 122, 103, 99, 130, 94, 111, 105]
x_dimensions = [14, 4, 20, 4, 12, 4, 7, 4, 4, 4, 3, 3, 19, 12, 10, 3, 3, 7, 6, 3, 3, 3]
y_dimensions = [35, 23, 4, 17, 4, 8, 4, 6, 5, 4, 4, 22, 3, 3, 3, 9, 8, 3, 3, 5, 4, 3]
minimum_height = 135
----------
x_coordinates = [3, 9, 15, 0, 17, 20, 24, 31, 13, 27, 6, 14, 14, 8, 7, 31, 32, 4, 9, 17, 32, 29]
y_coordinates = [54, 114, 130, 117, 118, 122, 126, 102, 125, 122, 129, 92, 89, 122, 119, 121, 113, 120, 131, 125, 109, 118]
x_dimensions = [14, 23, 20, 4, 12, 4, 7, 4, 4, 4, 3, 3, 19, 12, 10, 3, 3, 3, 6, 3, 3, 3]
y_dimensions = [35, 4, 4, 17, 4, 8, 4, 6, 5, 4, 4, 22, 3, 3, 3, 9, 8, 7, 3, 5, 4, 3]
minimum_height = 134
----------
x_coordinates = [3, 31, 15, 0, 19, 20, 24, 31, 20, 23, 17, 15, 14, 7, 25, 4, 8, 12, 17, 18, 32, 6]
y_coordinates = [37, 106, 129, 116, 120, 102, 125, 93, 124, 116, 125, 100, 89, 122, 103, 123, 125, 126, 97, 115, 99, 119]
x_dimensions = [14, 4, 20, 4, 12, 4, 7, 4, 4, 4, 3, 3, 19, 12, 10, 3, 3, 3, 6, 3, 3, 3]
y_dimensions = [35, 23, 4, 17, 4, 8, 4, 6, 5, 4, 4, 22, 3, 3, 3, 9, 8, 7, 3, 5, 4, 3]
minimum_height = 133
----------
x_coordinates = [0, 27, 14, 31, 15, 6, 26, 30, 22, 23, 21, 24, 14, 10, 14, 32, 29, 12, 25, 20, 32, 31]
y_coordinates = [62, 101, 85, 103, 123, 122, 93, 79, 127, 119, 92, 97, 76, 129, 115, 123, 124, 119, 90, 118, 89, 120]
x_dimensions = [35, 4, 20, 4, 12, 4, 7, 4, 4, 4, 3, 3, 19, 12, 10, 3, 3, 3, 6, 3, 3, 3]
y_dimensions = [14, 23, 4, 17, 4, 8, 4, 6, 5, 4, 4, 22, 3, 3, 3, 9, 8, 7, 3, 5, 4, 3]
minimum_height = 132
----------
x_coordinates = [12, 28, 24, 11, 20, 12, 17, 31, 21, 1, 21, 32, 14, 10, 15, 16, 5, 25, 20, 8, 32, 32]
y_coordinates = [26, 104, 100, 106, 127, 123, 107, 93, 95, 122, 108, 109, 90, 102, 120, 124, 122, 120, 114, 122, 99, 106]
x_dimensions = [14, 4, 4, 4, 12, 4, 4, 4, 4, 4, 3, 3, 19, 12, 10, 9, 3, 3, 3, 3, 3, 3]
y_dimensions = [35, 23, 20, 17, 4, 8, 7, 6, 5, 4, 4, 22, 3, 3, 3, 3, 8, 7, 6, 5, 4, 3]
minimum_height = 131
----------
x_coordinates = [8, 28, 7, 11, 19, 24, 3, 31, 1, 20, 32, 32, 14, 24, 15, 11, 32, 25, 4, 0, 32, 32]
y_coordinates = [33, 107, 110, 110, 98, 121, 123, 82, 112, 126, 122, 100, 79, 102, 118, 127, 92, 114, 117, 120, 88, 126]
x_dimensions = [14, 4, 4, 4, 12, 4, 4, 4, 4, 4, 3, 3, 19, 3, 10, 9, 3, 3, 3, 3, 3, 3]
y_dimensions = [35, 23, 20, 17, 4, 8, 7, 6, 5, 4, 4, 22, 3, 12, 3, 3, 8, 7, 6, 5, 4, 3]
minimum_height = 130
----------
x_coordinates = [11, 31, 8, 16, 19, 27, 20, 31, 12, 24, 22, 25, 15, 22, 25, 5, 7, 28, 27, 0, 32, 32]
y_coordinates = [24, 92, 109, 112, 89, 122, 125, 79, 124, 93, 109, 97, 76, 113, 119, 118, 91, 116, 126, 124, 85, 89]
x_dimensions = [14, 4, 4, 4, 12, 8, 7, 4, 4, 4, 3, 3, 19, 3, 10, 3, 3, 7, 6, 5, 3, 3]
y_dimensions = [35, 23, 20, 17, 4, 4, 4, 6, 5, 4, 4, 22, 3, 12, 3, 9, 8, 3, 3, 3, 4, 3]
minimum_height = 129
----------
x_coordinates = [0, 30, 28, 31, 20, 31, 28, 31, 27, 24, 21, 24, 16, 28, 18, 6, 14, 15, 30, 26, 17, 32]
y_coordinates = [4, 50, 77, 111, 110, 97, 73, 44, 111, 72, 106, 103, 41, 116, 125, 124, 104, 121, 105, 100, 109, 94]
x_dimensions = [35, 4, 4, 4, 4, 4, 7, 4, 4, 4, 3, 3, 19, 3, 10, 9, 3, 3, 3, 5, 3, 3]
y_dimensions = [14, 23, 20, 17, 12, 8, 4, 6, 5, 4, 4, 22, 3, 12, 3, 3, 8, 7, 6, 3, 4, 3]
minimum_height = 128
----------
x_coordinates = [10, 1, 12, 15, 8, 28, 21, 17, 28, 24, 32, 5, 14, 32, 25, 6, 31, 2, 32, 16, 32, 32]
y_coordinates = [57, 97, 103, 123, 112, 108, 115, 117, 116, 119, 105, 102, 92, 115, 102, 124, 84, 120, 109, 114, 98, 95]
x_dimensions = [14, 4, 4, 17, 4, 4, 7, 4, 4, 4, 3, 3, 19, 3, 10, 9, 3, 3, 3, 5, 3, 3]
y_dimensions = [35, 23, 20, 4, 12, 8, 4, 6, 5, 4, 4, 22, 3, 12, 3, 3, 8, 7, 6, 3, 4, 3]
minimum_height = 127
----------
x_coordinates = [17, 17, 30, 18, 28, 31, 24, 7, 31, 29, 22, 14, 13, 4, 21, 27, 32, 29, 11, 0, 25, 28]
y_coordinates = [28, 94, 89, 117, 70, 109, 121, 116, 121, 85, 108, 104, 82, 114, 114, 101, 69, 63, 116, 120, 110, 111]
x_dimensions = [14, 4, 4, 17, 4, 4, 7, 4, 4, 4, 3, 3, 19, 3, 10, 3, 3, 3, 3, 3, 3, 3]
y_dimensions = [35, 23, 20, 4, 12, 8, 4, 6, 5, 4, 4, 22, 3, 12, 3, 9, 8, 7, 6, 5, 4, 3]
minimum_height = 126
----------
x_coordinates = [15, 30, 31, 7, 26, 0, 24, 29, 23, 0, 6, 29, 15, 4, 16, 13, 32, 15, 28, 26, 8, 32]
y_coordinates = [60, 79, 105, 116, 98, 113, 115, 51, 120, 121, 108, 57, 40, 113, 111, 107, 43, 122, 119, 110, 112, 102]
x_dimensions = [14, 4, 4, 17, 4, 4, 7, 4, 4, 4, 3, 3, 19, 3, 10, 3, 3, 7, 3, 3, 3, 3]
y_dimensions = [35, 23, 20, 4, 12, 8, 4, 6, 5, 4, 4, 22, 3, 12, 3, 9, 8, 3, 6, 5, 4, 3]
minimum_height = 125
----------
x_coordinates = [15, 20, 24, 7, 28, 2, 28, 16, 3, 31, 13, 23, 14, 31, 10, 5, 6, 32, 32, 0, 13, 32]
y_coordinates = [36, 97, 103, 120, 108, 110, 120, 110, 119, 100, 113, 74, 71, 88, 117, 101, 110, 104, 114, 119, 109, 111]
x_dimensions = [14, 4, 4, 17, 4, 4, 7, 4, 4, 4, 3, 3, 19, 3, 10, 3, 3, 3, 3, 3, 3, 3]
y_dimensions = [35, 23, 20, 4, 12, 8, 4, 6, 5, 4, 4, 22, 3, 12, 3, 9, 8, 7, 6, 5, 4, 3]
minimum_height = 124
----------
x_coordinates = [8, 30, 31, 8, 29, 4, 25, 17, 17, 26, 3, 28, 16, 24, 18, 7, 1, 25, 32, 22, 15, 32]
y_coordinates = [28, 70, 96, 114, 55, 112, 117, 91, 119, 88, 108, 95, 67, 92, 107, 102, 115, 110, 116, 118, 109, 93]
x_dimensions = [14, 4, 4, 17, 4, 4, 7, 4, 5, 4, 3, 3, 19, 3, 10, 3, 3, 3, 3, 3, 3, 3]
y_dimensions = [35, 23, 20, 4, 12, 8, 4, 6, 4, 4, 4, 22, 3, 12, 3, 9, 8, 7, 6, 5, 4, 3]
minimum_height = 123
----------
x_coordinates = [17, 26, 23, 10, 28, 27, 28, 22, 3, 30, 32, 29, 16, 31, 25, 20, 32, 7, 22, 17, 20, 32]
y_coordinates = [8, 69, 95, 115, 97, 110, 118, 68, 117, 88, 97, 47, 44, 76, 92, 106, 108, 115, 119, 119, 94, 105]
x_dimensions = [14, 4, 4, 17, 4, 4, 7, 4, 4, 4, 3, 3, 19, 3, 10, 3, 3, 3, 6, 5, 3, 3]
y_dimensions = [35, 23, 20, 4, 12, 8, 4, 6, 5, 4, 4, 22, 3, 12, 3, 9, 8, 7, 3, 3, 4, 3]
minimum_height = 122
----------
x_coordinates = [15, 30, 27, 10, 31, 31, 26, 9, 26, 29, 29, 29, 14, 30, 19, 24, 27, 32, 4, 26, 32, 32]
y_coordinates = [38, 62, 98, 117, 85, 110, 16, 84, 84, 20, 36, 40, 13, 24, 35, 103, 118, 97, 118, 93, 37, 107]
x_dimensions = [14, 4, 4, 17, 4, 4, 7, 4, 4, 4, 3, 3, 19, 3, 10, 3, 8, 3, 6, 3, 3, 3]
y_dimensions = [35, 23, 20, 4, 12, 8, 4, 6, 5, 4, 4, 22, 3, 12, 3, 9, 3, 7, 3, 5, 4, 3]
minimum_height = 121
----------
x_coordinates = [8, 30, 31, 10, 24, 3, 27, 7, 26, 4, 0, 32, 14, 2, 29, 21, 29, 7, 9, 28, 2, 32]
y_coordinates = [10, 73, 96, 115, 103, 112, 116, 72, 98, 95, 114, 51, 45, 62, 53, 106, 65, 113, 107, 111, 50, 48]
x_dimensions = [14, 4, 4, 17, 4, 4, 7, 4, 4, 4, 3, 3, 19, 3, 3, 3, 3, 3, 3, 3, 3, 3]
y_dimensions = [35, 23, 20, 4, 12, 8, 4, 6, 5, 4, 4, 22, 3, 12, 10, 9, 8, 7, 6, 5, 4, 3]
minimum_height = 120
----------
x_coordinates = [17, 31, 28, 11, 24, 4, 27, 3, 24, 5, 3, 31, 14, 10, 32, 27, 32, 8, 1, 32, 3, 32]
y_coordinates = [56, 69, 99, 115, 103, 111, 92, 68, 98, 95, 101, 47, 41, 95, 96, 46, 106, 112, 111, 114, 105, 44]
x_dimensions = [14, 4, 4, 17, 4, 4, 7, 4, 4, 4, 3, 3, 19, 3, 3, 3, 3, 3, 3, 3, 3, 3]
y_dimensions = [35, 23, 20, 4, 12, 8, 4, 6, 5, 4, 4, 22, 3, 12, 10, 9, 8, 7, 6, 5, 4, 3]
minimum_height = 119
----------
x_coordinates = [8, 10, 31, 14, 27, 13, 26, 4, 23, 4, 22, 8, 16, 23, 1, 20, 30, 11, 24, 28, 20, 32]
y_coordinates = [28, 66, 98, 97, 101, 110, 93, 88, 105, 96, 101, 89, 79, 85, 96, 109, 82, 96, 110, 113, 105, 90]
x_dimensions = [14, 4, 4, 17, 4, 4, 7, 4, 4, 4, 3, 3, 19, 3, 3, 3, 3, 3, 3, 3, 3, 3]
y_dimensions = [35, 23, 20, 4, 12, 8, 4, 6, 5, 4, 4, 22, 3, 12, 10, 9, 8, 7, 6, 5, 4, 3]
minimum_height = 118
----------
x_coordinates = [15, 12, 28, 14, 24, 29, 27, 23, 24, 4, 10, 11, 16, 8, 27, 21, 30, 31, 32, 32, 8, 32]
y_coordinates = [29, 67, 97, 93, 105, 56, 85, 78, 99, 83, 110, 78, 64, 84, 75, 100, 71, 89, 79, 96, 80, 108]
x_dimensions = [14, 23, 4, 17, 4, 4, 7, 4, 4, 4, 3, 3, 19, 3, 3, 3, 3, 3, 3, 3, 3, 3]
y_dimensions = [35, 4, 20, 4, 12, 8, 4, 6, 5, 4, 4, 22, 3, 12, 10, 9, 8, 7, 6, 5, 4, 3]
minimum_height = 117
----------
x_coordinates = [11, 12, 31, 14, 6, 13, 28, 8, 27, 17, 10, 32, 13, 24, 21, 30, 13, 15, 10, 11, 10, 32]
y_coordinates = [1, 66, 96, 105, 103, 97, 92, 69, 99, 95, 104, 70, 54, 93, 95, 57, 89, 109, 94, 108, 100, 54]
x_dimensions = [14, 23, 4, 17, 4, 4, 7, 4, 4, 4, 3, 3, 19, 3, 3, 3, 3, 3, 3, 3, 3, 3]
y_dimensions = [35, 4, 20, 4, 12, 8, 4, 6, 5, 4, 4, 22, 3, 12, 10, 9, 8, 7, 6, 5, 4, 3]
minimum_height = 116
----------
x_coordinates = [8, 11, 12, 14, 8, 26, 28, 7, 27, 24, 21, 29, 16, 31, 18, 29, 30, 30, 29, 32, 18, 32]
y_coordinates = [6, 68, 103, 99, 103, 107, 86, 71, 94, 89, 88, 46, 43, 90, 89, 31, 78, 108, 72, 102, 85, 75]
x_dimensions = [14, 23, 20, 17, 4, 4, 7, 4, 4, 4, 3, 3, 19, 3, 3, 3, 3, 3, 3, 3, 3, 3]
y_dimensions = [35, 4, 4, 4, 12, 8, 4, 6, 5, 4, 4, 22, 3, 12, 10, 9, 8, 7, 6, 5, 4, 3]
minimum_height = 115
----------
x_coordinates = [8, 11, 12, 14, 5, 30, 28, 17, 31, 24, 25, 9, 16, 29, 21, 30, 32, 32, 32, 9, 23, 32]
y_coordinates = [10, 60, 104, 108, 101, 94, 76, 86, 109, 79, 87, 85, 57, 82, 79, 67, 80, 102, 88, 107, 66, 64]
x_dimensions = [14, 23, 20, 17, 4, 4, 7, 4, 4, 4, 3, 3, 19, 3, 3, 3, 3, 3, 3, 3, 3, 3]
y_dimensions = [35, 4, 4, 4, 12, 8, 4, 6, 5, 4, 4, 22, 3, 12, 10, 9, 8, 7, 6, 5, 4, 3]
minimum_height = 114
----------
x_coordinates = [8, 12, 11, 14, 6, 28, 28, 25, 1, 25, 5, 32, 15, 29, 25, 30, 29, 31, 29, 8, 4, 32]
y_coordinates = [23, 63, 105, 109, 96, 97, 79, 88, 107, 74, 108, 84, 60, 67, 78, 51, 89, 106, 83, 108, 87, 76]
x_dimensions = [14, 23, 20, 17, 4, 4, 7, 4, 4, 4, 3, 3, 19, 3, 3, 3, 3, 3, 3, 3, 3, 3]
y_dimensions = [35, 4, 4, 4, 12, 8, 4, 6, 5, 4, 4, 22, 3, 12, 10, 9, 8, 7, 6, 5, 4, 3]
minimum_height = 113
----------
x_coordinates = [17, 6, 12, 14, 10, 31, 28, 0, 0, 3, 32, 4, 14, 30, 25, 29, 32, 32, 30, 7, 32, 32]
y_coordinates = [20, 84, 108, 104, 96, 99, 70, 87, 107, 69, 107, 90, 55, 58, 69, 76, 91, 78, 85, 106, 74, 52]
x_dimensions = [14, 23, 20, 17, 4, 4, 7, 4, 4, 4, 3, 3, 19, 3, 3, 3, 3, 3, 3, 3, 3, 3]
y_dimensions = [35, 4, 4, 4, 12, 8, 4, 6, 5, 4, 4, 22, 3, 12, 10, 9, 8, 7, 6, 5, 4, 3]
minimum_height = 112
----------
x_coordinates = [8, 11, 15, 15, 16, 5, 1, 28, 14, 8, 1, 12, 14, 23, 20, 31, 32, 9, 32, 10, 26, 29]
y_coordinates = [11, 79, 107, 103, 88, 102, 98, 93, 83, 97, 106, 89, 75, 88, 93, 66, 87, 101, 101, 84, 99, 100]
x_dimensions = [14, 23, 20, 17, 4, 4, 7, 4, 4, 4, 3, 3, 19, 3, 3, 3, 3, 3, 3, 3, 3, 3]
y_dimensions = [35, 4, 4, 4, 12, 8, 4, 6, 5, 4, 4, 22, 3, 12, 10, 9, 8, 7, 6, 5, 4, 3]
minimum_height = 111
----------
x_coordinates = [13, 11, 11, 15, 7, 28, 3, 31, 12, 25, 9, 13, 16, 10, 19, 32, 29, 32, 32, 12, 16, 32]
y_coordinates = [17, 64, 70, 106, 96, 98, 92, 73, 100, 91, 106, 74, 81, 84, 95, 94, 90, 87, 104, 105, 92, 84]
x_dimensions = [14, 23, 20, 17, 12, 4, 7, 4, 4, 4, 3, 3, 19, 3, 10, 3, 3, 3, 3, 3, 3, 3]
y_dimensions = [35, 4, 4, 4, 4, 8, 4, 6, 5, 4, 4, 22, 3, 12, 3, 9, 8, 7, 6, 5, 4, 3]
minimum_height = 110
----------
x_coordinates = [17, 11, 2, 18, 14, 28, 12, 26, 11, 8, 31, 22, 14, 19, 25, 25, 29, 32, 32, 15, 32, 32]
y_coordinates = [20, 74, 105, 81, 70, 101, 96, 85, 84, 99, 70, 87, 67, 92, 97, 100, 89, 86, 103, 84, 93, 78]
x_dimensions = [14, 23, 20, 17, 12, 4, 7, 6, 4, 4, 3, 3, 19, 3, 10, 3, 3, 3, 3, 3, 3, 3]
y_dimensions = [35, 4, 4, 4, 4, 8, 4, 4, 5, 4, 4, 22, 3, 12, 3, 9, 8, 7, 6, 5, 4, 3]
minimum_height = 109
----------
x_coordinates = [8, 11, 10, 18, 21, 29, 22, 6, 11, 4, 9, 15, 14, 8, 25, 5, 32, 32, 12, 12, 29, 32]
y_coordinates = [13, 71, 81, 104, 92, 93, 88, 82, 89, 91, 104, 86, 68, 88, 101, 99, 75, 86, 102, 97, 85, 83]
x_dimensions = [14, 23, 20, 17, 4, 4, 7, 4, 4, 4, 3, 3, 19, 3, 10, 3, 3, 3, 3, 3, 3, 3]
y_dimensions = [35, 4, 4, 4, 12, 8, 4, 6, 5, 4, 4, 22, 3, 12, 3, 9, 8, 7, 6, 5, 4, 3]
minimum_height = 108
----------
x_coordinates = [11, 12, 3, 17, 27, 28, 28, 20, 14, 17, 23, 6, 16, 3, 32, 24, 32, 32, 18, 19, 32, 32]
y_coordinates = [19, 67, 75, 79, 95, 71, 88, 95, 102, 88, 75, 92, 64, 89, 97, 98, 71, 90, 104, 101, 86, 83]
x_dimensions = [14, 23, 20, 17, 4, 4, 4, 4, 4, 4, 3, 22, 19, 3, 3, 3, 3, 3, 6, 5, 3, 3]
y_dimensions = [35, 4, 4, 4, 12, 8, 7, 6, 5, 4, 4, 3, 3, 12, 10, 9, 8, 7, 3, 3, 4, 3]
minimum_height = 107
----------
x_coordinates = [8, 12, 0, 15, 9, 28, 3, 31, 5, 4, 20, 13, 14, 1, 32, 23, 32, 0, 26, 30, 10, 2]
y_coordinates = [2, 72, 102, 96, 83, 82, 95, 76, 89, 85, 102, 93, 69, 80, 96, 100, 82, 95, 103, 90, 95, 92]
x_dimensions = [14, 23, 20, 17, 4, 4, 7, 4, 4, 4, 3, 22, 19, 3, 3, 9, 3, 3, 6, 5, 3, 3]
y_dimensions = [35, 4, 4, 4, 12, 8, 4, 6, 5, 4, 4, 3, 3, 12, 10, 3, 8, 7, 3, 3, 4, 3]
minimum_height = 106
----------
x_coordinates = [17, 12, 6, 18, 23, 5, 1, 2, 19, 28, 8, 15, 14, 2, 8, 26, 32, 32, 32, 27, 12, 32]
y_coordinates = [28, 69, 101, 97, 85, 83, 95, 99, 90, 93, 94, 76, 66, 83, 98, 102, 76, 90, 84, 88, 94, 73]
x_dimensions = [14, 23, 20, 17, 4, 4, 7, 4, 4, 4, 3, 3, 19, 3, 10, 9, 3, 3, 3, 5, 3, 3]
y_dimensions = [35, 4, 4, 4, 12, 8, 4, 6, 5, 4, 4, 22, 3, 12, 3, 3, 8, 7, 6, 3, 4, 3]
minimum_height = 105
----------
x_coordinates = [8, 11, 13, 18, 21, 17, 0, 17, 10, 25, 9, 14, 16, 7, 8, 20, 32, 32, 29, 27, 29, 31]
y_coordinates = [30, 69, 73, 97, 85, 79, 96, 91, 92, 93, 76, 77, 65, 86, 99, 101, 79, 90, 79, 90, 93, 87]
x_dimensions = [14, 23, 20, 17, 4, 4, 7, 4, 4, 4, 3, 3, 19, 3, 10, 9, 3, 3, 3, 5, 3, 3]
y_dimensions = [35, 4, 4, 4, 12, 8, 4, 6, 5, 4, 4, 22, 3, 12, 3, 3, 8, 7, 6, 3, 4, 3]
minimum_height = 104
----------
x_coordinates = [9, 12, 14, 18, 11, 21, 22, 18, 7, 0, 6, 15, 14, 4, 1, 23, 32, 32, 31, 28, 29, 31]
y_coordinates = [17, 72, 76, 99, 89, 82, 95, 93, 91, 94, 79, 81, 69, 85, 98, 92, 61, 92, 80, 89, 95, 86]
x_dimensions = [14, 23, 20, 17, 4, 4, 7, 4, 4, 4, 3, 3, 19, 3, 10, 9, 3, 3, 3, 5, 3, 3]
y_dimensions = [35, 4, 4, 4, 12, 8, 4, 6, 5, 4, 4, 22, 3, 12, 3, 3, 8, 7, 6, 3, 4, 3]
minimum_height = 103
----------
x_coordinates = [8, 12, 1, 5, 25, 31, 12, 29, 18, 28, 25, 22, 15, 4, 25, 21, 32, 2, 19, 30, 21, 1]
y_coordinates = [20, 69, 75, 98, 87, 81, 79, 90, 93, 77, 78, 80, 66, 79, 99, 73, 73, 95, 80, 96, 76, 79]
x_dimensions = [14, 23, 20, 17, 4, 4, 7, 4, 4, 4, 3, 3, 19, 3, 10, 9, 3, 3, 3, 5, 3, 3]
y_dimensions = [35, 4, 4, 4, 12, 8, 4, 6, 5, 4, 4, 22, 3, 12, 3, 3, 8, 7, 6, 3, 4, 3]
minimum_height = 102
----------
x_coordinates = [0, 12, 4, 17, 25, 27, 21, 21, 17, 30, 20, 29, 15, 18, 30, 24, 32, 32, 26, 29, 28, 32]
y_coordinates = [1, 33, 62, 66, 89, 55, 73, 95, 95, 59, 88, 74, 30, 73, 37, 63, 47, 94, 83, 96, 70, 73]
x_dimensions = [35, 23, 20, 17, 4, 8, 7, 4, 4, 4, 3, 3, 19, 3, 3, 9, 3, 3, 3, 3, 3, 3]
y_dimensions = [14, 4, 4, 4, 12, 4, 4, 6, 5, 4, 4, 22, 3, 12, 10, 3, 8, 7, 6, 5, 4, 3]
minimum_height = 101
----------
x_coordinates = [5, 6, 6, 17, 26, 27, 19, 22, 18, 29, 3, 28, 13, 0, 32, 23, 32, 29, 30, 30, 26, 31]
y_coordinates = [49, 45, 90, 84, 88, 54, 79, 94, 95, 80, 87, 58, 39, 82, 36, 42, 46, 45, 90, 97, 80, 32]
x_dimensions = [14, 23, 20, 17, 4, 8, 7, 4, 4, 4, 3, 3, 19, 3, 3, 9, 3, 3, 3, 5, 3, 3]
y_dimensions = [35, 4, 4, 4, 12, 4, 4, 6, 5, 4, 4, 22, 3, 12, 10, 3, 8, 7, 6, 3, 4, 3]
minimum_height = 100
----------
x_coordinates = [8, 11, 12, 14, 23, 27, 24, 19, 11, 30, 32, 28, 13, 21, 32, 22, 32, 29, 9, 30, 31, 32]
y_coordinates = [9, 58, 88, 84, 92, 40, 77, 92, 94, 36, 87, 62, 44, 72, 48, 63, 71, 47, 87, 96, 83, 45]
x_dimensions = [14, 23, 20, 17, 12, 8, 4, 4, 4, 4, 3, 3, 19, 3, 3, 3, 3, 3, 3, 5, 3, 3]
y_dimensions = [35, 4, 4, 4, 4, 4, 7, 6, 5, 4, 4, 22, 3, 12, 10, 9, 8, 7, 6, 3, 4, 3]
minimum_height = 99
----------
x_coordinates = [0, 17, 14, 14, 20, 27, 24, 16, 12, 31, 28, 28, 15, 21, 32, 23, 32, 29, 32, 30, 31, 32]
y_coordinates = [40, 62, 32, 86, 94, 36, 79, 92, 91, 88, 90, 64, 29, 74, 63, 65, 73, 57, 92, 54, 83, 60]
x_dimensions = [35, 4, 20, 17, 12, 8, 4, 4, 4, 4, 3, 3, 19, 3, 3, 3, 3, 3, 3, 5, 3, 3]
y_dimensions = [14, 23, 4, 4, 4, 4, 7, 6, 5, 4, 4, 22, 3, 12, 10, 9, 8, 7, 6, 3, 4, 3]
minimum_height = 98
----------
x_coordinates = [0, 13, 14, 15, 23, 27, 11, 24, 14, 30, 29, 28, 14, 8, 32, 31, 8, 29, 32, 30, 32, 31]
y_coordinates = [17, 55, 49, 85, 93, 45, 80, 70, 92, 41, 89, 63, 38, 84, 61, 74, 73, 56, 87, 53, 83, 71]
x_dimensions = [14, 4, 20, 17, 12, 8, 4, 4, 4, 4, 3, 3, 19, 3, 3, 3, 3, 3, 3, 5, 3, 3]
y_dimensions = [35, 23, 4, 4, 4, 4, 7, 6, 5, 4, 4, 22, 3, 12, 10, 9, 8, 7, 6, 3, 4, 3]
minimum_height = 97
----------
x_coordinates = [2, 18, 15, 12, 30, 26, 25, 30, 26, 29, 24, 29, 15, 22, 32, 28, 24, 29, 32, 30, 32, 32]
y_coordinates = [39, 56, 33, 88, 40, 25, 81, 52, 39, 29, 92, 74, 22, 76, 64, 65, 63, 58, 90, 37, 86, 61]
x_dimensions = [14, 4, 20, 17, 4, 8, 4, 4, 4, 4, 3, 3, 19, 3, 3, 3, 3, 3, 3, 5, 3, 3]
y_dimensions = [35, 23, 4, 4, 12, 4, 7, 6, 5, 4, 4, 22, 3, 12, 10, 9, 8, 7, 6, 3, 4, 3]
minimum_height = 96
----------
x_coordinates = [0, 16, 14, 12, 27, 27, 18, 22, 12, 30, 25, 29, 15, 13, 23, 20, 22, 31, 32, 30, 32, 26]
y_coordinates = [37, 60, 54, 91, 61, 46, 84, 60, 72, 50, 87, 73, 43, 79, 72, 72, 82, 66, 84, 58, 90, 81]
x_dimensions = [14, 4, 20, 17, 4, 8, 4, 4, 4, 4, 3, 3, 19, 3, 3, 3, 3, 3, 3, 5, 3, 3]
y_dimensions = [35, 23, 4, 4, 12, 4, 7, 6, 5, 4, 4, 22, 3, 12, 10, 9, 8, 7, 6, 3, 4, 3]
minimum_height = 95
----------
x_coordinates = [0, 17, 9, 0, 28, 24, 27, 22, 13, 29, 21, 32, 15, 27, 29, 26, 26, 31, 24, 30, 21, 32]
y_coordinates = [38, 71, 55, 89, 74, 73, 86, 61, 84, 55, 90, 65, 23, 26, 64, 59, 64, 87, 85, 52, 86, 62]
x_dimensions = [35, 4, 20, 17, 4, 4, 4, 4, 4, 4, 3, 3, 19, 3, 3, 9, 3, 3, 3, 5, 3, 3]
y_dimensions = [14, 23, 4, 4, 12, 8, 7, 6, 5, 4, 4, 22, 3, 12, 10, 3, 8, 7, 6, 3, 4, 3]
minimum_height = 94
----------
x_coordinates = [3, 13, 17, 17, 31, 28, 24, 31, 24, 30, 24, 28, 16, 21, 32, 32, 22, 32, 26, 30, 29, 25]
y_coordinates = [35, 70, 62, 51, 81, 63, 78, 38, 88, 55, 47, 71, 31, 70, 69, 60, 62, 44, 57, 35, 59, 69]
x_dimensions = [14, 4, 4, 17, 4, 4, 4, 4, 4, 4, 3, 3, 19, 3, 3, 3, 3, 3, 3, 5, 3, 3]
y_dimensions = [35, 23, 20, 4, 12, 8, 7, 6, 5, 4, 4, 22, 3, 12, 10, 9, 8, 7, 6, 3, 4, 3]
minimum_height = 93
----------
x_coordinates = [0, 28, 21, 14, 23, 31, 28, 25, 7, 7, 32, 29, 15, 11, 25, 32, 26, 32, 32, 30, 32, 32]
y_coordinates = [8, 28, 62, 84, 88, 80, 73, 62, 86, 77, 45, 51, 22, 79, 71, 63, 54, 49, 72, 25, 59, 56]
x_dimensions = [35, 4, 4, 17, 12, 4, 4, 4, 4, 4, 3, 3, 19, 3, 3, 3, 3, 3, 3, 5, 3, 3]
y_dimensions = [14, 23, 20, 4, 4, 8, 7, 6, 5, 4, 4, 22, 3, 12, 10, 9, 8, 7, 6, 3, 4, 3]
minimum_height = 92
----------
x_coordinates = [14, 28, 12, 18, 20, 30, 25, 30, 16, 31, 32, 29, 16, 9, 32, 28, 6, 32, 32, 30, 32, 27]
y_coordinates = [3, 15, 82, 38, 87, 73, 57, 6, 86, 69, 34, 42, 0, 79, 81, 64, 80, 27, 63, 12, 59, 79]
x_dimensions = [14, 4, 20, 17, 12, 4, 4, 4, 4, 4, 3, 3, 19, 3, 3, 3, 3, 3, 3, 5, 3, 3]
y_dimensions = [35, 23, 4, 4, 4, 8, 7, 6, 5, 4, 4, 22, 3, 12, 10, 9, 8, 7, 6, 3, 4, 3]
minimum_height = 91
----------
x_coordinates = [0, 28, 7, 17, 19, 31, 27, 25, 23, 25, 26, 29, 15, 6, 32, 29, 1, 32, 32, 27, 32, 4]
y_coordinates = [4, 22, 82, 18, 86, 82, 79, 65, 77, 71, 61, 45, 0, 69, 72, 67, 78, 55, 66, 76, 62, 81]
x_dimensions = [35, 4, 20, 17, 12, 4, 4, 4, 4, 4, 3, 3, 19, 3, 3, 3, 3, 3, 3, 5, 3, 3]
y_dimensions = [14, 23, 4, 4, 4, 8, 7, 6, 5, 4, 4, 22, 3, 12, 10, 9, 8, 7, 6, 3, 4, 3]
minimum_height = 90
----------
x_coordinates = [17, 31, 9, 0, 18, 14, 28, 30, 10, 23, 29, 31, 13, 2, 32, 31, 20, 32, 32, 27, 31, 24]
y_coordinates = [38, 28, 85, 50, 73, 76, 1, 73, 76, 78, 83, 51, 23, 82, 79, 8, 77, 21, 0, 80, 17, 82]
x_dimensions = [14, 4, 20, 17, 12, 4, 4, 4, 4, 4, 3, 3, 19, 12, 3, 3, 3, 3, 3, 5, 3, 3]
y_dimensions = [35, 23, 4, 4, 4, 8, 7, 6, 5, 4, 4, 22, 3, 3, 10, 9, 8, 7, 6, 3, 4, 3]
minimum_height = 89
----------
x_coordinates = [4, 0, 12, 18, 12, 5, 28, 1, 23, 24, 2, 32, 14, 20, 9, 31, 20, 32, 32, 27, 31, 32]
y_coordinates = [42, 55, 84, 76, 80, 79, 80, 78, 71, 80, 84, 54, 23, 65, 77, 41, 68, 28, 35, 73, 50, 85]
x_dimensions = [14, 4, 20, 17, 12, 4, 7, 4, 4, 4, 3, 3, 19, 12, 3, 3, 3, 3, 3, 5, 3, 3]
y_dimensions = [35, 23, 4, 4, 4, 8, 4, 6, 5, 4, 4, 22, 3, 3, 10, 9, 8, 7, 6, 3, 4, 3]
minimum_height = 88
----------
x_coordinates = [17, 6, 15, 14, 19, 31, 0, 13, 1, 2, 16, 32, 16, 23, 16, 32, 10, 32, 32, 1, 32, 7]
y_coordinates = [42, 60, 24, 82, 77, 79, 83, 72, 76, 72, 78, 57, 21, 28, 30, 48, 77, 31, 38, 80, 44, 84]
x_dimensions = [14, 4, 20, 17, 12, 4, 7, 4, 5, 4, 3, 3, 19, 12, 3, 3, 3, 3, 3, 5, 3, 3]
y_dimensions = [35, 23, 4, 4, 4, 8, 4, 6, 4, 4, 4, 22, 3, 3, 10, 9, 8, 7, 6, 3, 4, 3]
minimum_height = 87
----------
x_coordinates = [0, 21, 15, 15, 23, 12, 28, 17, 28, 8, 19, 25, 14, 13, 15, 32, 16, 12, 29, 17, 11, 32]
y_coordinates = [31, 55, 48, 82, 78, 74, 73, 57, 54, 76, 79, 54, 28, 45, 64, 54, 74, 51, 62, 52, 62, 83]
x_dimensions = [35, 4, 20, 17, 12, 4, 7, 4, 4, 4, 4, 3, 19, 12, 3, 3, 3, 3, 3, 5, 3, 3]
y_dimensions = [14, 23, 4, 4, 4, 8, 4, 6, 5, 4, 3, 22, 3, 3, 10, 9, 8, 7, 6, 3, 4, 3]
minimum_height = 86
----------
x_coordinates = [0, 20, 15, 18, 27, 15, 28, 19, 8, 18, 31, 12, 14, 18, 17, 32, 24, 12, 17, 21, 29, 32]
y_coordinates = [32, 53, 49, 28, 73, 77, 69, 76, 79, 24, 79, 63, 19, 46, 66, 60, 72, 48, 60, 82, 65, 82]
x_dimensions = [35, 4, 20, 17, 4, 4, 7, 4, 4, 4, 4, 3, 19, 12, 3, 3, 3, 3, 3, 5, 3, 3]
y_dimensions = [14, 23, 4, 4, 12, 8, 4, 6, 5, 4, 3, 22, 3, 3, 10, 9, 8, 7, 6, 3, 4, 3]
minimum_height = 85
----------
x_coordinates = [0, 30, 15, 16, 24, 31, 31, 20, 23, 13, 20, 17, 13, 20, 28, 32, 28, 9, 12, 30, 6, 8]
y_coordinates = [12, 39, 35, 8, 72, 76, 69, 74, 61, 79, 81, 61, 28, 32, 65, 26, 75, 34, 34, 62, 34, 81]
x_dimensions = [35, 4, 20, 17, 4, 4, 4, 4, 4, 4, 4, 3, 19, 12, 3, 3, 3, 3, 3, 5, 3, 3]
y_dimensions = [14, 23, 4, 4, 12, 8, 7, 6, 5, 4, 3, 22, 3, 3, 10, 9, 8, 7, 6, 3, 4, 3]
minimum_height = 84
----------
x_coordinates = [0, 30, 15, 16, 24, 31, 30, 20, 23, 31, 31, 17, 13, 20, 28, 32, 28, 9, 6, 30, 12, 14]
y_coordinates = [12, 39, 35, 8, 71, 68, 1, 74, 64, 76, 80, 61, 29, 32, 65, 26, 75, 34, 34, 62, 34, 74]
x_dimensions = [35, 4, 20, 17, 4, 4, 4, 4, 4, 4, 4, 3, 19, 12, 3, 3, 3, 3, 3, 5, 3, 3]
y_dimensions = [14, 23, 4, 4, 12, 8, 7, 6, 5, 4, 3, 22, 3, 3, 10, 9, 8, 7, 6, 3, 4, 3]
minimum_height = 83
----------
x_coordinates = [0, 31, 15, 16, 28, 20, 29, 24, 23, 28, 31, 17, 16, 21, 32, 27, 32, 19, 20, 29, 24, 14]
y_coordinates = [20, 38, 34, 16, 66, 74, 9, 73, 63, 78, 6, 60, 3, 0, 64, 52, 74, 8, 60, 61, 59, 77]
x_dimensions = [35, 4, 20, 17, 4, 4, 4, 4, 4, 4, 4, 3, 19, 12, 3, 3, 3, 3, 3, 5, 3, 3]
y_dimensions = [14, 23, 4, 4, 12, 8, 7, 6, 5, 4, 3, 22, 3, 3, 10, 9, 8, 7, 6, 3, 4, 3]
minimum_height = 82
----------
x_coordinates = [0, 29, 15, 16, 28, 17, 31, 21, 26, 29, 31, 14, 14, 20, 25, 22, 32, 12, 19, 30, 28, 32]
y_coordinates = [15, 36, 32, 11, 69, 68, 62, 75, 60, 1, 8, 58, 5, 29, 66, 61, 73, 31, 61, 59, 65, 69]
x_dimensions = [35, 4, 20, 17, 4, 4, 4, 4, 4, 4, 4, 3, 19, 12, 3, 3, 3, 3, 3, 5, 3, 3]
y_dimensions = [14, 23, 4, 4, 12, 8, 7, 6, 5, 4, 3, 22, 3, 3, 10, 9, 8, 7, 6, 3, 4, 3]
minimum_height = 81
----------
x_coordinates = [0, 24, 15, 16, 31, 15, 30, 19, 19, 8, 31, 12, 14, 16, 27, 24, 23, 14, 28, 26, 32, 16]
y_coordinates = [19, 37, 33, 15, 68, 67, 61, 73, 69, 76, 58, 58, 12, 2, 60, 62, 74, 5, 54, 71, 54, 76]
x_dimensions = [35, 4, 20, 17, 4, 4, 4, 4, 5, 4, 4, 3, 19, 12, 3, 3, 8, 3, 3, 5, 3, 3]
y_dimensions = [14, 23, 4, 4, 12, 8, 7, 6, 4, 4, 3, 22, 3, 3, 10, 9, 3, 7, 6, 3, 4, 3]
minimum_height = 80
----------
x_coordinates = [0, 27, 15, 18, 19, 31, 31, 15, 25, 18, 31, 12, 13, 21, 9, 28, 23, 8, 11, 30, 30, 21]
y_coordinates = [11, 36, 32, 7, 72, 71, 61, 73, 68, 58, 57, 57, 2, 29, 67, 59, 76, 31, 28, 68, 25, 55]
x_dimensions = [35, 4, 20, 17, 12, 4, 4, 4, 5, 4, 4, 3, 19, 12, 3, 3, 8, 3, 3, 5, 3, 3]
y_dimensions = [14, 23, 4, 4, 4, 8, 7, 6, 4, 4, 3, 22, 3, 3, 10, 9, 3, 7, 6, 3, 4, 3]
minimum_height = 79
----------
x_coordinates = [0, 25, 15, 18, 20, 16, 31, 28, 28, 28, 31, 32, 12, 19, 29, 13, 24, 24, 32, 20, 29, 32]
y_coordinates = [2, 48, 26, 30, 71, 70, 49, 20, 34, 41, 38, 56, 38, 16, 57, 66, 75, 19, 20, 55, 45, 44]
x_dimensions = [35, 4, 20, 17, 12, 4, 4, 4, 5, 4, 4, 3, 19, 12, 3, 3, 8, 3, 3, 5, 3, 3]
y_dimensions = [14, 23, 4, 4, 4, 8, 7, 6, 4, 4, 3, 22, 3, 3, 10, 9, 3, 7, 6, 3, 4, 3]
minimum_height = 78
----------
x_coordinates = [0, 2, 27, 10, 21, 19, 25, 17, 22, 28, 32, 3, 14, 23, 31, 29, 24, 2, 32, 0, 27, 25]
y_coordinates = [19, 58, 39, 50, 65, 35, 63, 68, 54, 73, 72, 62, 16, 36, 54, 64, 33, 38, 66, 63, 59, 71]
x_dimensions = [35, 23, 4, 17, 4, 4, 4, 4, 5, 4, 3, 22, 19, 12, 3, 3, 8, 3, 3, 3, 3, 3]
y_dimensions = [14, 4, 20, 4, 12, 8, 7, 6, 4, 4, 4, 3, 3, 3, 10, 9, 3, 7, 6, 5, 4, 3]
minimum_height = 77
----------
x_coordinates = [0, 9, 6, 18, 22, 17, 2, 26, 30, 29, 2, 10, 13, 19, 32, 31, 23, 14, 5, 15, 32, 20]
y_coordinates = [23, 62, 67, 72, 54, 51, 67, 66, 68, 41, 40, 59, 38, 48, 58, 45, 51, 50, 40, 71, 37, 43]
x_dimensions = [35, 23, 20, 17, 12, 4, 4, 4, 5, 4, 3, 22, 19, 12, 3, 3, 8, 3, 3, 3, 3, 3]
y_dimensions = [14, 4, 4, 4, 4, 8, 7, 6, 4, 4, 4, 3, 3, 3, 10, 9, 3, 7, 6, 5, 4, 3]
minimum_height = 76
----------
x_coordinates = [0, 11, 0, 4, 24, 28, 18, 19, 7, 12, 4, 5, 15, 23, 32, 32, 26, 29, 21, 15, 16, 27]
y_coordinates = [24, 41, 55, 64, 61, 67, 68, 56, 59, 56, 59, 53, 38, 57, 61, 48, 45, 60, 62, 70, 59, 54]
x_dimensions = [35, 23, 4, 17, 4, 4, 4, 4, 5, 4, 3, 22, 19, 12, 3, 3, 8, 3, 3, 3, 3, 3]
y_dimensions = [14, 4, 20, 4, 12, 8, 7, 6, 4, 4, 4, 3, 3, 3, 10, 9, 3, 7, 6, 5, 4, 3]
minimum_height = 75
----------
x_coordinates = [0, 26, 22, 4, 30, 18, 21, 29, 28, 1, 5, 0, 13, 26, 4, 32, 27, 30, 1, 16, 3, 28]
y_coordinates = [2, 16, 50, 67, 55, 54, 70, 67, 39, 56, 54, 64, 47, 58, 71, 46, 43, 32, 68, 71, 60, 71]
x_dimensions = [35, 4, 4, 17, 4, 4, 7, 6, 5, 4, 3, 22, 19, 3, 10, 3, 8, 3, 3, 5, 3, 3]
y_dimensions = [14, 23, 20, 4, 12, 8, 4, 4, 4, 4, 4, 3, 3, 12, 3, 9, 3, 7, 6, 3, 4, 3]
minimum_height = 74
----------
x_coordinates = [0, 12, 23, 7, 27, 24, 22, 30, 28, 6, 3, 1, 14, 32, 13, 32, 27, 30, 1, 23, 5, 31]
y_coordinates = [15, 11, 48, 69, 56, 68, 34, 29, 45, 58, 57, 66, 8, 61, 63, 49, 42, 35, 70, 31, 62, 58]
x_dimensions = [35, 23, 4, 17, 4, 8, 7, 4, 5, 4, 3, 22, 19, 3, 10, 3, 8, 3, 6, 5, 3, 3]
y_dimensions = [14, 4, 20, 4, 12, 4, 4, 6, 4, 4, 4, 3, 3, 12, 3, 9, 3, 7, 3, 3, 4, 3]
minimum_height = 73
----------
x_coordinates = [0, 12, 23, 10, 27, 27, 22, 31, 28, 31, 22, 0, 14, 1, 13, 32, 26, 32, 25, 27, 22, 32]
y_coordinates = [8, 38, 48, 44, 57, 53, 34, 59, 42, 68, 30, 69, 5, 66, 65, 22, 31, 46, 69, 47, 68, 65]
x_dimensions = [35, 23, 4, 17, 4, 8, 7, 4, 5, 4, 4, 22, 19, 12, 10, 3, 8, 3, 6, 5, 3, 3]
y_dimensions = [14, 4, 20, 4, 12, 4, 4, 6, 4, 4, 3, 3, 3, 3, 3, 9, 3, 7, 3, 3, 4, 3]
minimum_height = 72
----------
x_coordinates = [0, 31, 23, 10, 19, 27, 24, 31, 29, 9, 28, 1, 12, 23, 9, 32, 26, 27, 4, 30, 28, 28]
y_coordinates = [8, 22, 47, 43, 56, 57, 36, 61, 1, 56, 54, 68, 33, 67, 65, 48, 5, 44, 43, 45, 40, 64]
x_dimensions = [35, 4, 4, 17, 4, 8, 7, 4, 5, 4, 4, 22, 19, 12, 10, 3, 8, 3, 6, 5, 3, 3]
y_dimensions = [14, 23, 20, 4, 12, 4, 4, 6, 4, 4, 3, 3, 3, 3, 3, 9, 3, 7, 3, 3, 4, 3]
minimum_height = 71
----------
x_coordinates = [10, 31, 23, 10, 27, 27, 28, 31, 30, 19, 31, 1, 16, 11, 1, 32, 26, 7, 17, 27, 32, 32]
y_coordinates = [10, 23, 49, 45, 58, 54, 50, 61, 19, 57, 58, 64, 4, 67, 67, 7, 16, 45, 49, 47, 46, 67]
x_dimensions = [14, 4, 4, 17, 4, 8, 7, 4, 5, 4, 4, 22, 19, 12, 10, 3, 8, 3, 6, 5, 3, 3]
y_dimensions = [35, 23, 20, 4, 12, 4, 4, 6, 4, 4, 3, 3, 3, 3, 3, 9, 3, 7, 3, 3, 4, 3]
minimum_height = 70
----------
x_coordinates = [3, 27, 31, 10, 12, 27, 24, 19, 31, 17, 31, 13, 13, 19, 14, 10, 26, 23, 21, 26, 32, 11]
y_coordinates = [11, 28, 49, 46, 52, 54, 65, 50, 37, 42, 42, 8, 4, 62, 66, 2, 1, 50, 43, 51, 45, 64]
x_dimensions = [14, 4, 4, 17, 4, 4, 7, 4, 4, 4, 4, 22, 19, 12, 10, 3, 8, 3, 6, 5, 3, 3]
y_dimensions = [35, 23, 20, 4, 12, 8, 4, 6, 5, 4, 3, 3, 3, 3, 3, 9, 3, 7, 3, 3, 4, 3]
minimum_height = 69
----------
x_coordinates = [12, 27, 31, 10, 25, 30, 23, 9, 31, 10, 29, 12, 5, 13, 15, 24, 26, 14, 17, 26, 32, 12]
y_coordinates = [12, 29, 25, 47, 56, 55, 52, 57, 45, 53, 65, 9, 5, 62, 65, 0, 22, 51, 53, 26, 50, 65]
x_dimensions = [14, 4, 4, 17, 4, 4, 7, 4, 4, 4, 4, 22, 19, 12, 10, 3, 8, 3, 6, 5, 3, 3]
y_dimensions = [35, 23, 20, 4, 12, 8, 4, 6, 5, 4, 3, 3, 3, 3, 3, 9, 3, 7, 3, 3, 4, 3]
minimum_height = 68
----------
x_coordinates = [12, 27, 31, 10, 0, 30, 26, 23, 31, 6, 31, 3, 15, 14, 4, 32, 12, 10, 6, 26, 32, 13]
y_coordinates = [10, 41, 47, 45, 55, 29, 37, 58, 24, 46, 12, 52, 7, 64, 64, 15, 49, 57, 42, 64, 43, 61]
x_dimensions = [14, 4, 4, 17, 4, 4, 7, 4, 4, 4, 4, 22, 19, 12, 10, 3, 8, 3, 6, 5, 3, 3]
y_dimensions = [35, 23, 20, 4, 12, 8, 4, 6, 5, 4, 3, 3, 3, 3, 3, 9, 3, 7, 3, 3, 4, 3]
minimum_height = 67
----------
x_coordinates = [13, 27, 3, 14, 31, 31, 23, 8, 31, 30, 31, 9, 0, 19, 4, 18, 1, 0, 7, 30, 32, 29]
y_coordinates = [15, 28, 50, 58, 54, 43, 51, 44, 35, 21, 40, 55, 63, 62, 60, 5, 57, 49, 24, 51, 26, 25]
x_dimensions = [14, 4, 20, 17, 4, 4, 7, 4, 4, 4, 4, 22, 19, 12, 10, 3, 8, 3, 6, 5, 3, 3]
y_dimensions = [35, 23, 4, 4, 12, 8, 4, 6, 5, 4, 3, 3, 3, 3, 3, 9, 3, 7, 3, 3, 4, 3]
minimum_height = 66
----------
x_coordinates = [17, 31, 8, 7, 24, 0, 31, 31, 31, 7, 31, 0, 9, 28, 23, 21, 16, 7, 7, 3, 32, 8]
y_coordinates = [4, 16, 58, 51, 46, 61, 57, 51, 43, 47, 48, 38, 62, 53, 39, 42, 55, 38, 15, 57, 12, 55]
x_dimensions = [14, 4, 20, 17, 4, 8, 4, 4, 4, 4, 4, 3, 19, 3, 10, 3, 8, 3, 6, 5, 3, 3]
y_dimensions = [35, 23, 4, 4, 12, 4, 7, 6, 5, 4, 3, 22, 3, 12, 3, 9, 3, 7, 3, 3, 4, 3]
minimum_height = 65
----------
x_coordinates = [14, 29, 11, 31, 27, 0, 1, 30, 22, 31, 31, 8, 11, 22, 17, 28, 23, 5, 7, 3, 32, 20]
y_coordinates = [3, 12, 59, 47, 44, 53, 60, 35, 46, 4, 44, 40, 38, 41, 52, 3, 56, 34, 7, 57, 8, 55]
x_dimensions = [14, 4, 20, 4, 4, 8, 7, 4, 5, 4, 4, 3, 19, 12, 10, 3, 8, 3, 6, 5, 3, 3]
y_dimensions = [35, 23, 4, 17, 12, 4, 4, 6, 4, 4, 3, 22, 3, 3, 3, 9, 3, 7, 3, 3, 4, 3]
minimum_height = 64
----------
x_coordinates = [5, 30, 15, 6, 31, 23, 8, 2, 31, 22, 29, 25, 3, 28, 20, 22, 17, 22, 26, 3, 32, 14]
y_coordinates = [14, 19, 59, 55, 47, 55, 59, 54, 42, 15, 16, 33, 49, 43, 30, 41, 52, 34, 13, 60, 12, 52]
x_dimensions = [14, 4, 20, 17, 4, 8, 7, 4, 4, 4, 4, 3, 19, 3, 10, 3, 8, 3, 6, 5, 3, 3]
y_dimensions = [35, 23, 4, 4, 12, 4, 4, 6, 5, 4, 3, 22, 3, 12, 3, 9, 3, 7, 3, 3, 4, 3]
minimum_height = 63
----------
x_coordinates = [16, 30, 15, 5, 31, 23, 28, 1, 31, 2, 21, 12, 4, 28, 6, 1, 11, 3, 6, 23, 9, 20]
y_coordinates = [2, 14, 37, 55, 46, 54, 58, 56, 41, 43, 44, 30, 52, 42, 27, 47, 59, 36, 39, 58, 36, 59]
x_dimensions = [14, 4, 20, 17, 4, 8, 7, 4, 4, 4, 4, 3, 19, 3, 10, 3, 8, 3, 3, 5, 3, 3]
y_dimensions = [35, 23, 4, 4, 12, 4, 4, 6, 5, 4, 3, 22, 3, 12, 3, 9, 3, 7, 6, 3, 4, 3]
minimum_height = 62
----------
x_coordinates = [17, 31, 23, 6, 28, 27, 31, 2, 28, 15, 30, 10, 1, 32, 7, 20, 9, 2, 5, 16, 13, 17]
y_coordinates = [1, 14, 38, 57, 49, 37, 7, 55, 44, 40, 41, 26, 48, 47, 13, 47, 54, 36, 36, 36, 35, 54]
x_dimensions = [14, 4, 4, 17, 4, 8, 4, 4, 4, 4, 4, 3, 19, 3, 10, 3, 8, 3, 3, 5, 3, 3]
y_dimensions = [35, 23, 20, 4, 12, 4, 7, 6, 5, 4, 3, 22, 3, 12, 3, 9, 3, 7, 6, 3, 4, 3]
minimum_height = 61
----------
x_coordinates = [11, 31, 25, 8, 13, 23, 31, 2, 31, 24, 32, 25, 15, 29, 5, 0, 3, 2, 8, 28, 24, 0]
y_coordinates = [16, 20, 40, 56, 52, 8, 10, 39, 43, 12, 49, 18, 5, 48, 7, 51, 50, 4, 44, 17, 1, 48]
x_dimensions = [14, 4, 4, 17, 12, 8, 4, 4, 4, 4, 3, 3, 19, 3, 10, 3, 8, 3, 3, 5, 3, 3]
y_dimensions = [35, 23, 20, 4, 4, 4, 7, 6, 5, 4, 4, 22, 3, 12, 3, 9, 3, 7, 6, 3, 4, 3]
minimum_height = 60
----------
x_coordinates = [17, 5, 31, 10, 6, 24, 5, 31, 27, 1, 3, 14, 31, 2, 17, 26, 18, 32, 13, 27, 31, 0]
y_coordinates = [16, 32, 13, 38, 55, 9, 12, 0, 51, 50, 55, 32, 33, 5, 51, 56, 54, 6, 12, 6, 52, 54]
x_dimensions = [14, 4, 4, 4, 12, 8, 4, 4, 4, 4, 3, 3, 3, 3, 10, 9, 8, 3, 3, 5, 3, 3]
y_dimensions = [35, 23, 20, 17, 4, 4, 7, 6, 5, 4, 4, 22, 19, 12, 3, 3, 3, 7, 6, 3, 4, 3]
minimum_height = 59
----------
x_coordinates = [17, 12, 31, 9, 14, 25, 14, 26, 18, 13, 12, 0, 32, 30, 3, 25, 5, 11, 22, 12, 0, 22]
y_coordinates = [18, 22, 16, 7, 3, 12, 11, 6, 53, 52, 48, 32, 36, 0, 52, 55, 55, 11, 11, 45, 54, 54]
x_dimensions = [14, 4, 4, 17, 12, 8, 7, 4, 4, 4, 3, 3, 3, 3, 10, 9, 8, 3, 3, 5, 3, 3]
y_dimensions = [35, 23, 20, 4, 4, 4, 4, 6, 5, 4, 4, 22, 19, 12, 3, 3, 3, 7, 6, 3, 4, 3]
minimum_height = 58
----------
x_coordinates = [17, 6, 31, 12, 9, 24, 17, 20, 18, 30, 2, 3, 32, 32, 22, 27, 21, 9, 10, 13, 0, 29]
y_coordinates = [17, 34, 18, 11, 7, 13, 12, 1, 52, 2, 53, 31, 38, 6, 54, 0, 9, 12, 51, 52, 37, 10]
x_dimensions = [14, 4, 4, 4, 12, 8, 7, 4, 4, 4, 3, 3, 3, 3, 10, 3, 8, 3, 3, 5, 3, 3]
y_dimensions = [35, 23, 20, 17, 4, 4, 4, 6, 5, 4, 4, 22, 19, 12, 3, 9, 3, 7, 6, 3, 4, 3]
minimum_height = 57
----------
x_coordinates = [17, 6, 31, 15, 11, 24, 25, 19, 31, 31, 29, 8, 14, 32, 23, 31, 23, 12, 22, 10, 21, 26]
y_coordinates = [21, 33, 16, 0, 17, 9, 1, 11, 51, 38, 5, 4, 34, 1, 13, 42, 16, 10, 1, 53, 7, 5]
x_dimensions = [14, 4, 4, 4, 12, 8, 7, 4, 4, 4, 3, 3, 3, 3, 10, 3, 8, 3, 3, 5, 3, 3]
y_dimensions = [35, 23, 20, 17, 4, 4, 4, 6, 5, 4, 4, 22, 19, 12, 3, 9, 3, 7, 6, 3, 4, 3]
minimum_height = 56
----------
x_coordinates = [17, 3, 31, 20, 8, 24, 28, 4, 25, 31, 29, 14, 7, 32, 25, 31, 27, 6, 16, 22, 25, 5]
y_coordinates = [17, 32, 19, 0, 2, 13, 0, 5, 8, 39, 9, 6, 36, 7, 4, 43, 52, 16, 52, 52, 0, 2]
x_dimensions = [14, 4, 4, 4, 12, 8, 7, 4, 4, 4, 3, 3, 3, 3, 10, 3, 8, 3, 6, 5, 3, 3]
y_dimensions = [35, 23, 20, 17, 4, 4, 4, 6, 5, 4, 4, 22, 19, 12, 3, 9, 3, 7, 3, 3, 4, 3]
minimum_height = 55
----------
x_coordinates = [17, 2, 3, 10, 15, 6, 28, 20, 21, 25, 31, 14, 32, 7, 24, 29, 27, 32, 12, 24, 25, 32]
y_coordinates = [19, 30, 6, 15, 12, 50, 9, 1, 7, 4, 31, 31, 35, 8, 16, 0, 13, 24, 9, 1, 8, 6]
x_dimensions = [14, 4, 4, 4, 12, 8, 7, 4, 4, 4, 3, 3, 3, 3, 10, 3, 8, 3, 3, 5, 3, 3]
y_dimensions = [35, 23, 20, 17, 4, 4, 4, 6, 5, 4, 4, 22, 19, 12, 3, 9, 3, 7, 6, 3, 4, 3]
minimum_height = 54
----------
x_coordinates = [17, 0, 7, 10, 14, 10, 31, 25, 26, 28, 31, 4, 11, 14, 31, 32, 27, 32, 11, 30, 32, 31]
y_coordinates = [18, 30, 33, 14, 14, 10, 39, 0, 10, 6, 18, 21, 34, 38, 29, 3, 15, 22, 31, 12, 49, 46]
x_dimensions = [14, 4, 4, 4, 12, 8, 4, 4, 4, 4, 3, 3, 3, 3, 3, 3, 8, 3, 6, 5, 3, 3]
y_dimensions = [35, 23, 20, 17, 4, 4, 7, 6, 5, 4, 4, 22, 19, 12, 10, 9, 3, 7, 3, 3, 4, 3]
minimum_height = 53
----------
x_coordinates = [17, 0, 10, 9, 18, 9, 10, 22, 13, 11, 31, 4, 32, 29, 14, 15, 17, 31, 7, 30, 26, 32]
y_coordinates = [0, 29, 21, 4, 47, 0, 41, 39, 16, 48, 20, 20, 25, 35, 33, 43, 35, 3, 34, 47, 41, 44]
x_dimensions = [14, 4, 4, 4, 12, 8, 4, 4, 4, 4, 3, 3, 3, 3, 3, 3, 3, 3, 3, 5, 3, 3]
y_dimensions = [35, 23, 20, 17, 4, 4, 7, 6, 5, 4, 4, 22, 19, 12, 10, 9, 8, 7, 6, 3, 4, 3]
minimum_height = 52
----------
x_coordinates = [16, 1, 8, 12, 20, 11, 25, 31, 31, 31, 31, 5, 3, 0, 32, 32, 22, 31, 13, 30, 29, 31]
y_coordinates = [1, 5, 20, 17, 36, 43, 40, 7, 20, 16, 25, 18, 40, 31, 41, 32, 40, 0, 34, 13, 46, 29]
x_dimensions = [14, 4, 4, 4, 12, 8, 7, 4, 4, 4, 3, 3, 19, 3, 3, 3, 3, 3, 3, 5, 3, 3]
y_dimensions = [35, 23, 20, 17, 4, 4, 4, 6, 5, 4, 4, 22, 3, 12, 10, 9, 8, 7, 6, 3, 4, 3]
minimum_height = 51
----------
x_coordinates = [17, 3, 9, 13, 21, 4, 25, 0, 18, 31, 31, 0, 32, 12, 32, 16, 14, 1, 14, 26, 31, 12]
y_coordinates = [10, 27, 27, 19, 1, 9, 46, 4, 45, 5, 35, 28, 9, 7, 40, 1, 42, 12, 36, 7, 31, 4]
x_dimensions = [14, 4, 4, 4, 12, 8, 7, 4, 4, 4, 3, 3, 3, 3, 3, 3, 3, 3, 3, 5, 3, 3]
y_dimensions = [35, 23, 20, 17, 4, 4, 4, 6, 5, 4, 4, 22, 19, 12, 10, 9, 8, 7, 6, 3, 4, 3]
minimum_height = 50
----------
x_coordinates = [17, 5, 10, 31, 10, 23, 31, 6, 13, 13, 1, 32, 7, 3, 14, 14, 14, 3, 29, 2, 0, 31]
y_coordinates = [6, 45, 5, 32, 27, 41, 22, 15, 0, 40, 43, 0, 21, 16, 13, 31, 23, 9, 0, 28, 20, 29]
x_dimensions = [14, 23, 4, 4, 4, 8, 4, 4, 4, 4, 4, 3, 3, 3, 3, 3, 3, 3, 3, 5, 3, 3]
y_dimensions = [35, 4, 20, 17, 12, 4, 7, 6, 5, 4, 3, 22, 19, 12, 10, 9, 8, 7, 6, 3, 4, 3]
minimum_height = 49
----------
x_coordinates = [0, 25, 14, 14, 19, 17, 30, 18, 18, 28, 17, 22, 32, 25, 31, 30, 29, 19, 29, 14, 10, 30]
y_coordinates = [9, 2, 18, 43, 37, 11, 3, 26, 32, 33, 15, 15, 19, 25, 38, 10, 25, 18, 19, 40, 44, 0]
x_dimensions = [14, 4, 4, 17, 12, 8, 4, 4, 4, 4, 4, 3, 3, 3, 3, 3, 3, 3, 3, 5, 3, 3]
y_dimensions = [35, 23, 20, 4, 4, 4, 7, 6, 5, 4, 3, 22, 19, 12, 10, 9, 8, 7, 6, 3, 4, 3]
minimum_height = 48
----------
x_coordinates = [1, 27, 16, 20, 20, 16, 31, 26, 12, 25, 20, 24, 32, 15, 22, 31, 29, 17, 31, 14, 9, 32]
y_coordinates = [4, 3, 24, 23, 43, 13, 9, 26, 39, 36, 20, 4, 25, 1, 40, 16, 32, 17, 3, 44, 42, 44]
x_dimensions = [14, 4, 4, 4, 12, 8, 4, 4, 4, 4, 4, 3, 3, 3, 10, 3, 3, 3, 3, 5, 3, 3]
y_dimensions = [35, 23, 20, 17, 4, 4, 7, 6, 5, 4, 3, 22, 19, 12, 3, 9, 8, 7, 6, 3, 4, 3]
minimum_height = 47
----------
x_coordinates = [17, 2, 31, 9, 13, 6, 2, 28, 18, 31, 10, 14, 6, 3, 25, 32, 20, 31, 11, 23, 0, 3]
y_coordinates = [0, 42, 5, 24, 30, 14, 34, 35, 38, 1, 11, 8, 23, 19, 41, 32, 35, 25, 18, 38, 30, 31]
x_dimensions = [14, 23, 4, 4, 4, 8, 4, 4, 5, 4, 4, 3, 3, 3, 10, 3, 8, 3, 3, 5, 3, 3]
y_dimensions = [35, 4, 20, 17, 12, 4, 7, 6, 4, 4, 3, 22, 19, 12, 3, 9, 3, 7, 6, 3, 4, 3]
minimum_height = 46
----------
x_coordinates = [0, 1, 30, 15, 17, 16, 21, 20, 27, 31, 15, 24, 11, 32, 22, 32, 23, 27, 19, 14, 29, 17]
y_coordinates = [10, 5, 0, 26, 34, 15, 30, 19, 21, 41, 42, 4, 1, 29, 38, 20, 41, 14, 39, 39, 33, 19]
x_dimensions = [14, 23, 4, 17, 12, 8, 7, 4, 5, 4, 4, 3, 19, 3, 10, 3, 8, 3, 3, 5, 3, 3]
y_dimensions = [35, 4, 20, 4, 4, 4, 4, 6, 4, 4, 3, 22, 3, 12, 3, 9, 3, 7, 6, 3, 4, 3]
minimum_height = 45
----------
x_coordinates = [0, 28, 24, 15, 20, 14, 27, 14, 26, 7, 19, 5, 32, 16, 18, 31, 14, 32, 1, 15, 11, 32]
y_coordinates = [4, 13, 10, 36, 40, 23, 0, 27, 6, 39, 20, 1, 25, 33, 30, 4, 12, 14, 41, 40, 39, 22]
x_dimensions = [14, 4, 4, 17, 12, 8, 7, 4, 5, 4, 4, 22, 3, 12, 10, 3, 8, 3, 6, 5, 4, 3]
y_dimensions = [35, 23, 20, 4, 4, 4, 4, 6, 4, 4, 3, 3, 19, 3, 3, 9, 3, 7, 3, 3, 3, 3]
minimum_height = 44
----------
x_coordinates = [0, 31, 27, 15, 22, 23, 31, 23, 26, 20, 19, 14, 17, 20, 17, 32, 19, 13, 20, 16, 16, 20]
y_coordinates = [7, 0, 10, 39, 30, 2, 23, 17, 6, 23, 8, 13, 17, 34, 11, 34, 14, 0, 27, 5, 36, 20]
x_dimensions = [14, 4, 4, 17, 12, 8, 4, 4, 5, 4, 4, 3, 3, 12, 10, 3, 8, 3, 6, 5, 4, 3]
y_dimensions = [35, 23, 20, 4, 4, 4, 7, 6, 4, 4, 3, 22, 19, 3, 3, 9, 3, 7, 3, 3, 3, 3]
minimum_height = 43
----------
x_coordinates = [0, 8, 9, 19, 3, 31, 5, 25, 30, 29, 23, 13, 2, 23, 15, 6, 27, 28, 13, 24, 24, 27]
y_coordinates = [20, 34, 0, 0, 38, 34, 13, 38, 7, 3, 8, 17, 1, 0, 39, 4, 14, 11, 6, 5, 11, 8]
x_dimensions = [35, 23, 4, 4, 12, 4, 4, 6, 5, 4, 4, 22, 3, 12, 10, 3, 8, 7, 6, 5, 4, 3]
y_dimensions = [14, 4, 20, 17, 4, 8, 7, 4, 4, 4, 3, 3, 19, 3, 3, 9, 3, 3, 3, 3, 3, 3]
minimum_height = 42
----------
x_coordinates = [0, 12, 21, 25, 6, 5, 17, 3, 13, 31, 32, 9, 0, 18, 3, 12, 15, 14, 29, 0, 31, 32]
y_coordinates = [1, 37, 17, 20, 15, 28, 27, 36, 29, 19, 26, 19, 17, 15, 18, 20, 19, 34, 33, 36, 23, 30]
x_dimensions = [35, 23, 4, 4, 12, 4, 4, 6, 4, 4, 3, 3, 3, 3, 3, 3, 3, 7, 6, 3, 4, 3]
y_dimensions = [14, 4, 20, 17, 4, 8, 7, 4, 5, 4, 4, 22, 19, 12, 10, 9, 8, 3, 3, 5, 3, 3]
minimum_height = 41
----------
x_coordinates = [0, 0, 23, 27, 11, 13, 31, 17, 17, 31, 32, 10, 8, 4, 21, 3, 15, 28, 31, 1, 19, 7]
y_coordinates = [0, 14, 14, 17, 24, 29, 29, 28, 32, 19, 36, 37, 18, 27, 34, 18, 18, 14, 23, 35, 21, 37]
x_dimensions = [35, 23, 4, 4, 12, 4, 4, 6, 4, 4, 3, 22, 3, 3, 10, 3, 8, 7, 3, 3, 4, 3]
y_dimensions = [14, 4, 20, 17, 4, 8, 7, 4, 5, 4, 4, 3, 19, 12, 3, 9, 3, 3, 6, 5, 3, 3]
minimum_height = 40
----------
x_coordinates = [0, 4, 0, 8, 16, 8, 31, 26, 22, 18, 1, 13, 15, 19, 9, 12, 21, 28, 32, 15, 12, 28]
y_coordinates = [1, 16, 15, 15, 31, 32, 32, 16, 15, 15, 35, 26, 23, 35, 36, 17, 20, 29, 17, 19, 29, 32]
x_dimensions = [35, 4, 4, 4, 12, 8, 4, 6, 4, 4, 3, 22, 19, 12, 10, 3, 8, 7, 3, 5, 4, 3]
y_dimensions = [14, 23, 20, 17, 4, 4, 7, 4, 5, 4, 4, 3, 3, 3, 3, 9, 3, 3, 6, 3, 3, 3]
minimum_height = 39
----------
x_coordinates = [0, 20, 24, 16, 17, 27, 31, 14, 31, 15, 0, 28, 16, 15, 19, 29, 9, 32, 31, 4, 31, 24]
y_coordinates = [0, 0, 0, 2, 34, 22, 11, 19, 6, 30, 35, 0, 26, 23, 31, 29, 35, 31, 0, 35, 18, 20]
x_dimensions = [14, 4, 4, 4, 12, 8, 4, 6, 4, 4, 4, 3, 19, 12, 10, 3, 8, 3, 3, 5, 4, 3]
y_dimensions = [35, 23, 20, 17, 4, 4, 7, 4, 5, 4, 3, 22, 3, 3, 3, 9, 3, 7, 6, 3, 3, 3]
minimum_height = 38
----------
x_coordinates = [0, 5, 14, 15, 0, 1, 28, 6, 9, 28, 25, 0, 32, 0, 12, 0, 24, 22, 18, 13, 12, 25]
y_coordinates = [0, 18, 14, 33, 30, 19, 18, 23, 14, 25, 25, 27, 18, 34, 24, 15, 29, 22, 30, 30, 33, 22]
x_dimensions = [35, 23, 20, 17, 12, 4, 4, 6, 5, 4, 3, 22, 3, 12, 10, 9, 8, 3, 6, 5, 3, 3]
y_dimensions = [14, 4, 4, 4, 4, 8, 7, 4, 4, 4, 4, 3, 19, 3, 3, 3, 3, 7, 3, 3, 4, 3]
minimum_height = 37
----------
x_coordinates = [0, 18, 14, 22, 14, 27, 28, 14, 21, 22, 23, 26, 29, 32, 32, 18, 20, 28, 29, 24, 21, 32]
y_coordinates = [1, 9, 0, 16, 20, 28, 32, 32, 4, 8, 12, 3, 6, 13, 0, 0, 33, 25, 0, 0, 0, 10]
x_dimensions = [14, 4, 4, 4, 4, 8, 7, 6, 5, 4, 3, 3, 3, 3, 3, 3, 8, 7, 3, 5, 3, 3]
y_dimensions = [35, 23, 20, 17, 12, 4, 4, 4, 4, 4, 4, 22, 19, 12, 10, 9, 3, 3, 6, 3, 4, 3]
minimum_height = 36
----------



time=0.000
