x_coordinates = [10, 13, 11, 1, 13, 19, 17, 6, 15, 9, 15, 8, 7, 2, 10, 16]
y_coordinates = [147, 146, 55, 134, 108, 48, 140, 150, 97, 121, 127, 124, 128, 149, 75, 149]
x_dimensions = [3, 4, 5, 3, 7, 3, 3, 10, 3, 12, 3, 14, 3, 4, 4, 6]
y_dimensions = [3, 3, 3, 6, 3, 8, 9, 3, 11, 3, 13, 3, 22, 3, 19, 4]
minimum_height = 153
----------
x_coordinates = [5, 18, 14, 12, 9, 18, 16, 8, 17, 7, 19, 3, 4, 1, 4, 15]
y_coordinates = [149, 149, 67, 122, 64, 13, 140, 149, 125, 137, 136, 134, 112, 149, 71, 121]
x_dimensions = [3, 4, 5, 3, 7, 3, 3, 10, 3, 12, 3, 14, 3, 4, 4, 6]
y_dimensions = [3, 3, 3, 6, 3, 8, 9, 3, 11, 3, 13, 3, 22, 3, 19, 4]
minimum_height = 152
----------
x_coordinates = [12, 9, 14, 0, 12, 12, 19, 12, 18, 3, 15, 1, 0, 10, 3, 13]
y_coordinates = [75, 146, 81, 72, 37, 4, 142, 78, 131, 141, 134, 138, 84, 81, 69, 147]
x_dimensions = [3, 4, 5, 3, 7, 8, 3, 10, 3, 12, 3, 14, 22, 4, 19, 6]
y_dimensions = [3, 3, 3, 6, 3, 3, 9, 3, 11, 3, 13, 3, 3, 3, 4, 4]
minimum_height = 151
----------
x_coordinates = [11, 12, 10, 11, 19, 12, 19, 2, 16, 0, 15, 0, 12, 12, 7, 11]
y_coordinates = [132, 147, 107, 41, 133, 46, 140, 146, 139, 143, 126, 138, 110, 144, 74, 91]
x_dimensions = [3, 4, 5, 6, 3, 8, 3, 10, 3, 12, 3, 14, 3, 4, 4, 6]
y_dimensions = [3, 3, 3, 3, 7, 3, 9, 3, 11, 3, 13, 3, 22, 3, 19, 4]
minimum_height = 150
----------
x_coordinates = [17, 15, 17, 18, 19, 14, 2, 9, 18, 10, 5, 8, 15, 11, 8, 14]
y_coordinates = [87, 146, 106, 112, 142, 74, 140, 143, 128, 90, 136, 139, 117, 146, 69, 93]
x_dimensions = [3, 4, 5, 3, 3, 8, 3, 10, 3, 12, 3, 14, 3, 4, 4, 6]
y_dimensions = [3, 3, 3, 6, 7, 3, 9, 3, 11, 3, 13, 3, 22, 3, 19, 4]
minimum_height = 149
----------
x_coordinates = [16, 18, 17, 8, 19, 13, 3, 12, 17, 6, 5, 8, 14, 2, 3, 16]
y_coordinates = [25, 145, 98, 127, 121, 112, 142, 142, 128, 145, 127, 139, 116, 145, 69, 93]
x_dimensions = [3, 4, 5, 6, 3, 8, 9, 10, 3, 12, 3, 14, 3, 4, 19, 6]
y_dimensions = [3, 3, 3, 3, 7, 3, 3, 3, 11, 3, 13, 3, 22, 3, 4, 4]
minimum_height = 148
----------
x_coordinates = [11, 18, 13, 5, 19, 6, 5, 8, 17, 10, 2, 8, 14, 1, 1, 13]
y_coordinates = [130, 144, 80, 128, 131, 122, 137, 144, 120, 138, 129, 141, 116, 144, 71, 87]
x_dimensions = [3, 4, 5, 6, 3, 8, 3, 10, 3, 12, 3, 14, 3, 4, 19, 6]
y_dimensions = [3, 3, 3, 3, 7, 3, 9, 3, 11, 3, 13, 3, 22, 3, 4, 4]
minimum_height = 147
----------
x_coordinates = [11, 15, 11, 14, 19, 7, 3, 12, 18, 10, 4, 8, 1, 4, 10, 15]
y_coordinates = [128, 130, 22, 124, 129, 132, 143, 142, 118, 136, 127, 139, 121, 140, 70, 94]
x_dimensions = [3, 4, 5, 3, 3, 8, 9, 10, 3, 12, 3, 14, 3, 4, 4, 6]
y_dimensions = [3, 3, 3, 6, 7, 3, 3, 3, 11, 3, 13, 3, 22, 3, 19, 4]
minimum_height = 146
----------
x_coordinates = [18, 17, 14, 19, 19, 14, 3, 12, 19, 9, 4, 8, 16, 11, 6, 14]
y_coordinates = [76, 136, 41, 80, 115, 64, 142, 142, 125, 122, 129, 139, 94, 135, 66, 89]
x_dimensions = [3, 4, 5, 3, 3, 8, 9, 10, 3, 12, 3, 14, 3, 4, 4, 6]
y_dimensions = [3, 3, 3, 6, 7, 3, 3, 3, 11, 3, 13, 3, 22, 3, 19, 4]
minimum_height = 145
----------
x_coordinates = [17, 15, 4, 2, 0, 8, 18, 12, 19, 7, 4, 3, 16, 1, 2, 12]
y_coordinates = [82, 132, 64, 84, 134, 96, 135, 121, 124, 129, 127, 140, 98, 130, 71, 135]
x_dimensions = [3, 4, 5, 3, 3, 8, 3, 10, 3, 12, 3, 14, 3, 3, 19, 6]
y_dimensions = [3, 3, 3, 6, 7, 3, 9, 3, 11, 3, 13, 3, 22, 4, 4, 4]
minimum_height = 144
----------
x_coordinates = [8, 15, 16, 6, 5, 12, 10, 9, 4, 7, 19, 8, 18, 19, 8, 13]
y_coordinates = [114, 126, 88, 117, 136, 120, 137, 134, 125, 123, 127, 140, 97, 123, 68, 130]
x_dimensions = [3, 4, 5, 3, 3, 8, 9, 10, 3, 12, 3, 14, 3, 3, 4, 6]
y_dimensions = [3, 3, 3, 6, 7, 3, 3, 3, 11, 3, 13, 3, 22, 4, 19, 4]
minimum_height = 143
----------
x_coordinates = [10, 15, 13, 19, 19, 6, 7, 12, 13, 7, 16, 2, 4, 19, 4, 15]
y_coordinates = [133, 119, 89, 129, 135, 109, 136, 112, 125, 122, 127, 139, 115, 124, 67, 85]
x_dimensions = [3, 4, 5, 3, 3, 8, 9, 10, 3, 12, 3, 14, 3, 3, 4, 6]
y_dimensions = [3, 3, 3, 6, 7, 3, 3, 3, 11, 3, 13, 3, 22, 4, 19, 4]
minimum_height = 142
----------
x_coordinates = [0, 18, 10, 3, 1, 3, 10, 8, 4, 7, 18, 3, 2, 19, 7, 16]
y_coordinates = [82, 132, 106, 83, 131, 101, 138, 131, 130, 135, 119, 127, 104, 137, 65, 113]
x_dimensions = [3, 4, 5, 3, 3, 8, 9, 10, 3, 12, 3, 14, 3, 3, 4, 6]
y_dimensions = [3, 3, 3, 6, 7, 3, 3, 3, 11, 3, 13, 3, 22, 4, 19, 4]
minimum_height = 141
----------
x_coordinates = [19, 15, 11, 19, 9, 5, 13, 11, 12, 0, 16, 2, 18, 19, 10, 14]
y_coordinates = [130, 134, 56, 124, 129, 96, 137, 91, 126, 136, 121, 123, 95, 133, 69, 117]
x_dimensions = [3, 4, 5, 3, 3, 8, 9, 10, 3, 12, 3, 14, 3, 3, 4, 6]
y_dimensions = [3, 3, 3, 6, 7, 3, 3, 3, 11, 3, 13, 3, 22, 4, 19, 4]
minimum_height = 140
----------
x_coordinates = [8, 18, 17, 11, 9, 10, 13, 10, 12, 0, 19, 5, 7, 15, 9, 1]
y_coordinates = [82, 133, 88, 84, 128, 98, 136, 116, 125, 135, 120, 122, 100, 132, 11, 118]
x_dimensions = [3, 4, 5, 3, 3, 8, 9, 10, 3, 12, 3, 14, 3, 3, 4, 6]
y_dimensions = [3, 3, 3, 6, 7, 3, 3, 3, 11, 3, 13, 3, 22, 4, 19, 4]
minimum_height = 139
----------
x_coordinates = [8, 15, 5, 11, 9, 16, 14, 4, 12, 0, 15, 1, 19, 19, 2, 18]
y_coordinates = [82, 134, 114, 84, 128, 96, 112, 120, 127, 135, 121, 124, 100, 133, 36, 122]
x_dimensions = [3, 4, 5, 3, 3, 3, 3, 10, 3, 12, 3, 14, 3, 3, 4, 4]
y_dimensions = [3, 3, 3, 6, 7, 8, 9, 3, 11, 3, 13, 3, 22, 4, 19, 6]
minimum_height = 138
----------
x_coordinates = [14, 18, 15, 14, 12, 15, 15, 7, 16, 2, 17, 3, 0, 14, 3, 18]
y_coordinates = [119, 112, 35, 88, 130, 129, 105, 123, 94, 112, 115, 126, 115, 114, 65, 128]
x_dimensions = [3, 4, 5, 3, 3, 3, 3, 10, 3, 12, 3, 14, 3, 3, 19, 4]
y_dimensions = [3, 3, 3, 6, 7, 8, 9, 3, 11, 3, 13, 3, 22, 4, 4, 6]
minimum_height = 137
----------
x_coordinates = [14, 19, 17, 19, 12, 17, 19, 7, 19, 0, 18, 8, 15, 16, 6, 16]
y_coordinates = [87, 120, 45, 82, 119, 88, 124, 95, 96, 123, 107, 133, 100, 123, 67, 76]
x_dimensions = [3, 3, 5, 3, 3, 3, 3, 10, 3, 12, 3, 14, 3, 3, 4, 4]
y_dimensions = [3, 4, 3, 6, 7, 8, 9, 3, 11, 3, 13, 3, 22, 4, 19, 6]
minimum_height = 136
----------
x_coordinates = [15, 19, 3, 14, 18, 1, 19, 3, 16, 4, 13, 5, 0, 16, 2, 9]
y_coordinates = [111, 131, 117, 103, 108, 125, 122, 113, 115, 127, 114, 130, 103, 126, 53, 121]
x_dimensions = [3, 3, 5, 3, 3, 3, 3, 10, 3, 12, 3, 14, 3, 3, 4, 4]
y_dimensions = [3, 4, 3, 6, 7, 8, 9, 3, 11, 3, 13, 3, 22, 4, 19, 6]
minimum_height = 135
----------
x_coordinates = [13, 13, 13, 19, 19, 2, 5, 4, 19, 1, 19, 8, 16, 10, 3, 12]
y_coordinates = [110, 124, 128, 93, 111, 126, 125, 119, 100, 122, 118, 131, 106, 127, 55, 113]
x_dimensions = [3, 3, 5, 3, 3, 3, 3, 10, 3, 12, 3, 14, 3, 3, 19, 4]
y_dimensions = [3, 4, 3, 6, 7, 8, 9, 3, 11, 3, 13, 3, 22, 4, 4, 6]
minimum_height = 134
----------
x_coordinates = [15, 1, 14, 17, 19, 7, 10, 9, 17, 19, 18, 8, 4, 1, 10, 18]
y_coordinates = [116, 125, 123, 86, 92, 122, 127, 119, 75, 118, 105, 130, 111, 129, 25, 99]
x_dimensions = [3, 3, 5, 3, 3, 3, 9, 10, 3, 3, 3, 14, 3, 3, 4, 4]
y_dimensions = [3, 4, 3, 6, 7, 8, 3, 3, 11, 12, 13, 3, 22, 4, 19, 6]
minimum_height = 133
----------
x_coordinates = [19, 4, 17, 16, 19, 1, 10, 3, 19, 15, 18, 8, 5, 7, 1, 18]
y_coordinates = [129, 128, 102, 86, 80, 124, 129, 103, 91, 105, 112, 125, 106, 128, 52, 105]
x_dimensions = [3, 3, 5, 3, 3, 3, 9, 10, 3, 3, 3, 14, 3, 3, 19, 4]
y_dimensions = [3, 4, 3, 6, 7, 8, 3, 3, 11, 12, 13, 3, 22, 4, 4, 6]
minimum_height = 132
----------
x_coordinates = [13, 19, 13, 19, 19, 2, 10, 4, 10, 16, 18, 5, 19, 17, 2, 0]
y_coordinates = [103, 127, 116, 46, 84, 123, 128, 111, 114, 104, 91, 125, 105, 80, 8, 111]
x_dimensions = [3, 3, 5, 3, 3, 3, 9, 10, 3, 3, 3, 14, 3, 3, 19, 4]
y_dimensions = [3, 4, 3, 6, 7, 8, 3, 3, 11, 12, 13, 3, 22, 4, 4, 6]
minimum_height = 131
----------
x_coordinates = [19, 16, 14, 3, 19, 18, 13, 8, 1, 10, 16, 8, 18, 19, 0, 4]
y_coordinates = [105, 126, 106, 104, 98, 112, 109, 117, 119, 120, 93, 123, 71, 126, 25, 124]
x_dimensions = [3, 3, 5, 3, 3, 3, 9, 10, 3, 12, 3, 14, 3, 3, 4, 4]
y_dimensions = [3, 4, 3, 6, 7, 8, 3, 3, 11, 3, 13, 3, 22, 4, 19, 6]
minimum_height = 130
----------
x_coordinates = [1, 7, 7, 13, 19, 7, 13, 10, 1, 10, 12, 8, 4, 1, 3, 6]
y_coordinates = [109, 122, 109, 110, 106, 114, 113, 111, 112, 121, 97, 126, 107, 125, 26, 101]
x_dimensions = [3, 3, 3, 6, 3, 3, 9, 3, 3, 12, 3, 14, 3, 3, 4, 4]
y_dimensions = [3, 4, 5, 3, 7, 8, 3, 10, 11, 3, 13, 3, 22, 4, 19, 6]
minimum_height = 129
----------
x_coordinates = [3, 7, 7, 16, 10, 10, 16, 13, 4, 13, 0, 6, 19, 1, 2, 2]
y_coordinates = [114, 124, 116, 113, 113, 120, 119, 118, 117, 106, 111, 103, 106, 124, 38, 103]
x_dimensions = [3, 3, 3, 3, 3, 3, 3, 3, 3, 3, 3, 14, 3, 3, 4, 4]
y_dimensions = [3, 4, 5, 6, 7, 8, 9, 10, 11, 12, 13, 3, 22, 4, 19, 6]
minimum_height = 128
----------
x_coordinates = [3, 2, 19, 13, 16, 9, 15, 19, 6, 14, 12, 0, 18, 0, 10, 8]
y_coordinates = [122, 118, 112, 121, 116, 115, 107, 117, 116, 95, 108, 100, 90, 123, 45, 104]
x_dimensions = [3, 3, 3, 3, 3, 3, 3, 3, 3, 3, 3, 14, 3, 3, 4, 4]
y_dimensions = [3, 4, 5, 6, 7, 8, 9, 10, 11, 12, 13, 3, 22, 4, 19, 6]
minimum_height = 127
----------
x_coordinates = [13, 14, 16, 18, 19, 9, 15, 12, 11, 13, 6, 8, 18, 17, 10, 11]
y_coordinates = [123, 90, 121, 113, 119, 118, 112, 112, 90, 78, 112, 75, 91, 87, 18, 66]
x_dimensions = [3, 3, 3, 3, 3, 3, 3, 3, 3, 3, 3, 14, 3, 3, 4, 4]
y_dimensions = [3, 4, 5, 6, 7, 8, 9, 10, 11, 12, 13, 3, 22, 4, 19, 6]
minimum_height = 126
----------
x_coordinates = [7, 10, 15, 19, 18, 10, 16, 13, 7, 15, 15, 1, 17, 4, 9, 14]
y_coordinates = [111, 111, 77, 116, 76, 115, 116, 114, 114, 82, 64, 93, 94, 113, 17, 9]
x_dimensions = [3, 3, 3, 3, 3, 3, 3, 3, 3, 3, 3, 14, 3, 3, 4, 4]
y_dimensions = [3, 4, 5, 6, 7, 8, 9, 10, 11, 12, 13, 3, 22, 4, 19, 6]
minimum_height = 125
----------
x_coordinates = [14, 14, 16, 19, 19, 12, 17, 15, 9, 17, 13, 0, 18, 6, 7, 13]
y_coordinates = [111, 107, 78, 118, 77, 116, 68, 114, 113, 84, 75, 106, 96, 110, 59, 95]
x_dimensions = [3, 3, 3, 3, 3, 3, 3, 3, 3, 3, 3, 14, 3, 3, 4, 4]
y_dimensions = [3, 4, 5, 6, 7, 8, 9, 10, 11, 12, 13, 3, 22, 4, 19, 6]
minimum_height = 124
----------
x_coordinates = [6, 12, 16, 19, 19, 12, 17, 15, 9, 17, 13, 4, 18, 5, 6, 13]
y_coordinates = [114, 111, 76, 117, 76, 115, 67, 113, 112, 83, 74, 105, 95, 111, 32, 94]
x_dimensions = [3, 3, 3, 3, 3, 3, 3, 3, 3, 3, 3, 14, 3, 4, 4, 4]
y_dimensions = [3, 4, 5, 6, 7, 8, 9, 10, 11, 12, 13, 3, 22, 3, 19, 6]
minimum_height = 123
----------
x_coordinates = [13, 14, 16, 19, 19, 12, 18, 16, 9, 18, 15, 4, 6, 11, 10, 0]
y_coordinates = [117, 87, 107, 116, 106, 105, 97, 112, 111, 85, 94, 91, 96, 87, 34, 92]
x_dimensions = [3, 3, 3, 3, 3, 3, 3, 3, 3, 3, 3, 14, 3, 3, 4, 4]
y_dimensions = [3, 4, 5, 6, 7, 8, 9, 10, 11, 12, 13, 3, 22, 4, 19, 6]
minimum_height = 122
----------
x_coordinates = [13, 15, 10, 19, 16, 16, 16, 13, 18, 19, 11, 2, 7, 12, 7, 14]
y_coordinates = [115, 87, 103, 115, 97, 104, 112, 103, 86, 102, 90, 118, 96, 85, 13, 91]
x_dimensions = [3, 3, 3, 3, 3, 3, 3, 3, 3, 3, 3, 14, 3, 3, 4, 4]
y_dimensions = [3, 4, 5, 6, 7, 8, 9, 10, 11, 12, 13, 3, 22, 4, 19, 6]
minimum_height = 121
----------
x_coordinates = [10, 12, 10, 19, 19, 19, 19, 13, 18, 16, 6, 5, 18, 9, 3, 1]
y_coordinates = [116, 104, 111, 79, 113, 105, 96, 108, 85, 104, 104, 101, 15, 104, 7, 103]
x_dimensions = [3, 3, 3, 3, 3, 3, 3, 3, 3, 3, 3, 14, 3, 3, 4, 4]
y_dimensions = [3, 4, 5, 6, 7, 8, 9, 10, 11, 12, 13, 3, 22, 4, 19, 6]
minimum_height = 120
----------
x_coordinates = [18, 18, 16, 19, 1, 19, 4, 13, 17, 15, 10, 4, 7, 16, 10, 12]
y_coordinates = [93, 116, 111, 99, 110, 105, 104, 106, 82, 94, 103, 116, 92, 107, 58, 88]
x_dimensions = [3, 4, 3, 3, 3, 3, 3, 3, 3, 3, 3, 14, 3, 3, 4, 4]
y_dimensions = [3, 3, 5, 6, 7, 8, 9, 10, 11, 12, 13, 3, 22, 4, 19, 6]
minimum_height = 119
----------
x_coordinates = [4, 19, 16, 19, 16, 19, 1, 13, 18, 7, 10, 6, 18, 4, 1, 12]
y_coordinates = [115, 114, 113, 89, 106, 106, 109, 108, 95, 104, 105, 64, 67, 111, 57, 99]
x_dimensions = [3, 3, 3, 3, 3, 3, 3, 3, 3, 3, 3, 14, 3, 3, 4, 4]
y_dimensions = [3, 4, 5, 6, 7, 8, 9, 10, 11, 12, 13, 3, 22, 4, 19, 6]
minimum_height = 118
----------
x_coordinates = [7, 19, 19, 7, 19, 1, 19, 16, 1, 13, 10, 8, 4, 16, 10, 9]
y_coordinates = [114, 84, 112, 107, 88, 109, 103, 107, 97, 103, 104, 95, 94, 87, 34, 98]
x_dimensions = [3, 3, 3, 3, 3, 3, 3, 3, 3, 3, 3, 14, 3, 3, 4, 4]
y_dimensions = [3, 4, 5, 6, 7, 8, 9, 10, 11, 12, 13, 3, 22, 4, 19, 6]
minimum_height = 117
----------
x_coordinates = [18, 19, 19, 2, 5, 4, 19, 16, 5, 13, 10, 8, 2, 16, 10, 9]
y_coordinates = [91, 98, 111, 101, 96, 108, 102, 106, 85, 100, 103, 94, 79, 100, 42, 97]
x_dimensions = [3, 3, 3, 3, 3, 3, 3, 3, 3, 3, 3, 14, 3, 3, 4, 4]
y_dimensions = [3, 4, 5, 6, 7, 8, 9, 10, 11, 12, 13, 3, 22, 4, 19, 6]
minimum_height = 116
----------
x_coordinates = [17, 16, 16, 19, 15, 11, 2, 5, 11, 13, 8, 13, 19, 19, 10, 10]
y_coordinates = [73, 79, 101, 76, 112, 106, 105, 105, 109, 94, 102, 80, 87, 82, 43, 74]
x_dimensions = [3, 3, 3, 3, 7, 8, 3, 3, 11, 3, 3, 3, 3, 3, 4, 4]
y_dimensions = [3, 4, 5, 6, 3, 3, 9, 10, 3, 12, 13, 14, 22, 4, 19, 6]
minimum_height = 115
----------
x_coordinates = [2, 5, 18, 19, 15, 14, 7, 8, 9, 13, 11, 16, 19, 19, 8, 11]
y_coordinates = [82, 80, 71, 83, 76, 111, 105, 75, 68, 89, 101, 80, 89, 79, 4, 75]
x_dimensions = [3, 3, 3, 3, 7, 8, 3, 3, 11, 3, 3, 3, 3, 3, 4, 4]
y_dimensions = [3, 4, 5, 6, 3, 3, 9, 10, 3, 12, 13, 14, 22, 4, 19, 6]
minimum_height = 114
----------
x_coordinates = [19, 8, 12, 19, 15, 14, 8, 9, 10, 13, 11, 13, 19, 5, 4, 1]
y_coordinates = [76, 78, 78, 82, 79, 110, 104, 81, 63, 66, 100, 83, 88, 80, 51, 78]
x_dimensions = [3, 4, 3, 3, 7, 8, 3, 3, 11, 3, 3, 3, 3, 3, 4, 4]
y_dimensions = [3, 3, 5, 6, 3, 3, 9, 10, 3, 12, 13, 14, 22, 4, 19, 6]
minimum_height = 113
----------
x_coordinates = [16, 15, 9, 18, 15, 14, 8, 12, 10, 13, 11, 9, 19, 6, 2, 4]
y_coordinates = [101, 86, 80, 81, 78, 109, 103, 80, 63, 66, 99, 85, 87, 84, 55, 98]
x_dimensions = [3, 3, 3, 3, 7, 8, 3, 3, 11, 3, 3, 3, 3, 3, 19, 4]
y_dimensions = [3, 4, 5, 6, 3, 3, 9, 10, 3, 12, 13, 14, 22, 4, 4, 6]
minimum_height = 112
----------
x_coordinates = [0, 0, 2, 19, 15, 14, 8, 12, 6, 19, 17, 15, 3, 5, 7, 18]
y_coordinates = [107, 87, 80, 83, 78, 108, 105, 80, 102, 66, 95, 81, 88, 84, 38, 89]
x_dimensions = [3, 3, 3, 3, 7, 8, 9, 3, 11, 3, 3, 3, 3, 3, 4, 4]
y_dimensions = [3, 4, 5, 6, 3, 3, 3, 10, 3, 12, 13, 14, 22, 4, 19, 6]
minimum_height = 111
----------
x_coordinates = [9, 7, 12, 19, 15, 15, 19, 1, 8, 17, 19, 17, 5, 4, 3, 18]
y_coordinates = [96, 79, 75, 76, 73, 90, 82, 75, 105, 61, 97, 46, 88, 79, 50, 91]
x_dimensions = [3, 3, 3, 3, 7, 3, 3, 3, 11, 3, 3, 3, 3, 3, 4, 4]
y_dimensions = [3, 4, 5, 6, 3, 8, 9, 10, 3, 12, 13, 14, 22, 4, 19, 6]
minimum_height = 110
----------
x_coordinates = [2, 2, 4, 17, 15, 15, 10, 12, 8, 17, 19, 17, 5, 7, 10, 18]
y_coordinates = [106, 86, 80, 84, 81, 101, 98, 83, 95, 55, 90, 67, 87, 83, 53, 103]
x_dimensions = [3, 3, 3, 3, 7, 3, 9, 3, 11, 3, 3, 3, 3, 3, 4, 4]
y_dimensions = [3, 4, 5, 6, 3, 8, 3, 10, 3, 12, 13, 14, 22, 4, 19, 6]
minimum_height = 109
----------
x_coordinates = [15, 14, 8, 17, 15, 16, 19, 11, 5, 18, 18, 18, 0, 5, 10, 18]
y_coordinates = [72, 95, 92, 93, 90, 99, 99, 92, 105, 56, 74, 42, 87, 92, 31, 68]
x_dimensions = [3, 3, 3, 3, 7, 3, 3, 3, 11, 3, 3, 3, 22, 3, 4, 4]
y_dimensions = [3, 4, 5, 6, 3, 8, 9, 10, 3, 12, 13, 14, 3, 4, 19, 6]
minimum_height = 108
----------
x_coordinates = [9, 7, 18, 10, 15, 16, 19, 1, 5, 17, 19, 16, 0, 4, 10, 12]
y_coordinates = [81, 93, 102, 94, 100, 75, 73, 86, 90, 61, 82, 83, 97, 93, 42, 81]
x_dimensions = [3, 3, 3, 6, 3, 3, 3, 3, 11, 3, 3, 3, 22, 3, 4, 4]
y_dimensions = [3, 4, 5, 3, 7, 8, 9, 10, 3, 12, 13, 14, 3, 4, 19, 6]
minimum_height = 107
----------
x_coordinates = [13, 10, 18, 13, 15, 16, 19, 3, 5, 17, 19, 16, 0, 6, 2, 9]
y_coordinates = [86, 92, 101, 90, 99, 88, 87, 86, 73, 62, 74, 74, 96, 91, 45, 86]
x_dimensions = [3, 3, 3, 3, 3, 3, 3, 3, 11, 3, 3, 3, 22, 3, 19, 4]
y_dimensions = [3, 4, 5, 6, 7, 8, 9, 10, 3, 12, 13, 14, 3, 4, 4, 6]
minimum_height = 106
----------
x_coordinates = [12, 8, 14, 0, 10, 15, 13, 3, 5, 17, 19, 16, 0, 7, 10, 6]
y_coordinates = [98, 99, 75, 96, 91, 94, 85, 92, 67, 68, 89, 80, 102, 89, 46, 93]
x_dimensions = [3, 4, 3, 3, 3, 3, 3, 3, 11, 3, 3, 3, 22, 3, 4, 4]
y_dimensions = [3, 3, 5, 6, 7, 8, 9, 10, 3, 12, 13, 14, 3, 4, 19, 6]
minimum_height = 105
----------
x_coordinates = [13, 9, 18, 10, 12, 19, 6, 11, 11, 18, 19, 16, 0, 16, 9, 9]
y_coordinates = [85, 100, 56, 91, 101, 86, 85, 94, 52, 61, 73, 76, 97, 90, 10, 85]
x_dimensions = [3, 3, 3, 6, 7, 3, 3, 10, 11, 3, 3, 3, 22, 3, 4, 4]
y_dimensions = [3, 4, 5, 3, 3, 8, 9, 3, 3, 12, 13, 14, 3, 4, 19, 6]
minimum_height = 104
----------
x_coordinates = [6, 10, 19, 15, 13, 16, 9, 19, 11, 14, 12, 18, 18, 19, 10, 15]
y_coordinates = [94, 96, 70, 40, 96, 95, 87, 93, 67, 71, 83, 75, 45, 89, 45, 89]
x_dimensions = [3, 3, 3, 6, 3, 3, 3, 3, 11, 3, 3, 3, 3, 3, 4, 4]
y_dimensions = [3, 4, 5, 3, 7, 8, 9, 10, 3, 12, 13, 14, 22, 4, 19, 6]
minimum_height = 103
----------
x_coordinates = [11, 8, 19, 13, 1, 19, 1, 4, 1, 12, 10, 19, 19, 16, 7, 14]
y_coordinates = [99, 98, 75, 88, 95, 94, 86, 94, 74, 67, 79, 80, 53, 91, 32, 96]
x_dimensions = [3, 3, 3, 6, 3, 3, 3, 10, 11, 3, 3, 3, 3, 3, 4, 4]
y_dimensions = [3, 4, 5, 3, 7, 8, 9, 3, 3, 12, 13, 14, 22, 4, 19, 6]
minimum_height = 102
----------
x_coordinates = [2, 16, 19, 13, 4, 19, 1, 5, 3, 14, 14, 19, 19, 18, 10, 15]
y_coordinates = [98, 63, 70, 79, 94, 93, 89, 97, 69, 67, 82, 75, 48, 89, 49, 95]
x_dimensions = [3, 3, 3, 6, 7, 3, 3, 10, 11, 3, 3, 3, 3, 3, 4, 4]
y_dimensions = [3, 4, 5, 3, 3, 8, 9, 3, 3, 12, 13, 14, 22, 4, 19, 6]
minimum_height = 101
----------
x_coordinates = [0, 0, 19, 13, 8, 19, 6, 9, 7, 2, 3, 19, 18, 19, 4, 15]
y_coordinates = [96, 91, 69, 88, 94, 92, 91, 97, 68, 68, 87, 74, 47, 88, 40, 91]
x_dimensions = [3, 3, 3, 6, 7, 3, 9, 10, 11, 3, 3, 3, 3, 3, 4, 4]
y_dimensions = [3, 4, 5, 3, 3, 8, 3, 3, 3, 12, 13, 14, 22, 4, 19, 6]
minimum_height = 100
----------
x_coordinates = [5, 12, 19, 2, 0, 19, 8, 7, 0, 11, 14, 19, 19, 11, 1, 15]
y_coordinates = [92, 92, 72, 88, 95, 91, 87, 96, 71, 71, 76, 77, 50, 89, 45, 90]
x_dimensions = [3, 3, 3, 6, 7, 3, 3, 10, 11, 3, 3, 3, 3, 4, 19, 4]
y_dimensions = [3, 4, 5, 3, 3, 8, 9, 3, 3, 12, 13, 14, 22, 3, 4, 6]
minimum_height = 99
----------
x_coordinates = [18, 15, 19, 16, 1, 17, 13, 8, 7, 17, 19, 17, 17, 18, 4, 17]
y_coordinates = [95, 83, 5, 88, 95, 61, 86, 95, 22, 10, 75, 47, 25, 91, 47, 69]
x_dimensions = [3, 4, 3, 6, 7, 3, 3, 10, 11, 3, 3, 3, 3, 3, 4, 4]
y_dimensions = [3, 3, 5, 3, 3, 8, 9, 3, 3, 12, 13, 14, 22, 4, 19, 6]
minimum_height = 98
----------
x_coordinates = [19, 14, 5, 13, 6, 8, 14, 3, 4, 15, 18, 0, 11, 17, 2, 17]
y_coordinates = [94, 80, 82, 94, 94, 83, 83, 87, 69, 68, 71, 82, 72, 90, 1, 84]
x_dimensions = [3, 4, 3, 6, 7, 3, 3, 3, 11, 3, 3, 3, 3, 3, 19, 4]
y_dimensions = [3, 3, 5, 3, 3, 8, 9, 10, 3, 12, 13, 14, 22, 4, 4, 6]
minimum_height = 97
----------
x_coordinates = [12, 14, 17, 14, 15, 19, 15, 9, 8, 11, 12, 5, 14, 19, 10, 18]
y_coordinates = [93, 77, 70, 52, 83, 75, 87, 85, 74, 68, 80, 79, 55, 92, 18, 86]
x_dimensions = [3, 4, 3, 6, 7, 3, 3, 3, 3, 3, 3, 3, 3, 3, 4, 4]
y_dimensions = [3, 3, 5, 3, 3, 8, 9, 10, 11, 12, 13, 14, 22, 4, 19, 6]
minimum_height = 96
----------
x_coordinates = [19, 15, 18, 15, 9, 18, 19, 6, 16, 7, 13, 3, 10, 16, 10, 18]
y_coordinates = [80, 88, 72, 55, 85, 58, 83, 85, 77, 71, 71, 81, 62, 91, 20, 66]
x_dimensions = [3, 4, 3, 6, 7, 3, 3, 3, 3, 3, 3, 3, 3, 3, 4, 4]
y_dimensions = [3, 3, 5, 3, 3, 8, 9, 10, 11, 12, 13, 14, 22, 4, 19, 6]
minimum_height = 95
----------
x_coordinates = [16, 14, 19, 13, 7, 17, 13, 4, 19, 9, 12, 1, 15, 17, 3, 18]
y_coordinates = [82, 85, 75, 88, 85, 48, 91, 84, 80, 73, 72, 79, 60, 56, 44, 69]
x_dimensions = [3, 4, 3, 6, 7, 3, 9, 3, 3, 3, 3, 3, 3, 3, 19, 4]
y_dimensions = [3, 3, 5, 3, 3, 8, 3, 10, 11, 12, 13, 14, 22, 4, 4, 6]
minimum_height = 94
----------
x_coordinates = [18, 15, 19, 16, 12, 18, 13, 9, 19, 12, 18, 6, 15, 18, 8, 18]
y_coordinates = [30, 87, 85, 40, 84, 60, 90, 83, 74, 72, 47, 79, 59, 43, 27, 68]
x_dimensions = [3, 4, 3, 6, 7, 3, 9, 3, 3, 3, 3, 3, 3, 3, 4, 4]
y_dimensions = [3, 3, 5, 3, 3, 8, 3, 10, 11, 12, 13, 14, 22, 4, 19, 6]
minimum_height = 93
----------
x_coordinates = [15, 15, 19, 16, 15, 9, 13, 11, 18, 3, 12, 6, 15, 18, 1, 18]
y_coordinates = [83, 86, 84, 58, 55, 77, 89, 57, 63, 73, 73, 77, 61, 74, 41, 78]
x_dimensions = [3, 4, 3, 6, 7, 3, 9, 3, 3, 3, 3, 3, 3, 3, 4, 4]
y_dimensions = [3, 3, 5, 3, 3, 8, 3, 10, 11, 12, 13, 14, 22, 4, 19, 6]
minimum_height = 92
----------
x_coordinates = [7, 18, 19, 15, 11, 0, 13, 8, 19, 1, 10, 7, 16, 19, 9, 3]
y_coordinates = [86, 63, 82, 66, 63, 83, 81, 62, 71, 71, 78, 72, 69, 87, 13, 85]
x_dimensions = [3, 4, 3, 6, 7, 3, 3, 3, 3, 3, 3, 3, 3, 3, 4, 4]
y_dimensions = [3, 3, 5, 3, 3, 8, 9, 10, 11, 12, 13, 14, 22, 4, 19, 6]
minimum_height = 91
----------
x_coordinates = [10, 18, 19, 16, 11, 13, 13, 8, 19, 13, 3, 0, 16, 3, 0, 6]
y_coordinates = [86, 59, 82, 62, 59, 79, 87, 61, 70, 67, 73, 76, 65, 86, 12, 84]
x_dimensions = [3, 4, 3, 6, 7, 3, 9, 3, 3, 3, 3, 3, 3, 3, 19, 4]
y_dimensions = [3, 3, 5, 3, 3, 8, 3, 10, 11, 12, 13, 14, 22, 4, 4, 6]
minimum_height = 90
----------
x_coordinates = [13, 18, 19, 15, 11, 0, 13, 8, 19, 4, 7, 10, 16, 19, 6, 3]
y_coordinates = [86, 61, 84, 64, 61, 81, 77, 63, 67, 71, 76, 75, 67, 80, 38, 83]
x_dimensions = [3, 4, 3, 6, 7, 3, 3, 3, 3, 3, 3, 3, 3, 3, 4, 4]
y_dimensions = [3, 3, 5, 3, 3, 8, 9, 10, 11, 12, 13, 14, 22, 4, 19, 6]
minimum_height = 89
----------
x_coordinates = [7, 18, 19, 15, 11, 13, 13, 8, 19, 1, 4, 10, 16, 19, 1, 0]
y_coordinates = [85, 60, 83, 63, 60, 80, 71, 62, 68, 70, 75, 74, 66, 79, 37, 82]
x_dimensions = [3, 4, 3, 6, 7, 3, 3, 3, 3, 3, 3, 3, 3, 3, 19, 4]
y_dimensions = [3, 3, 5, 3, 3, 8, 9, 10, 11, 12, 13, 14, 22, 4, 4, 6]
minimum_height = 88
----------
x_coordinates = [18, 18, 12, 16, 11, 13, 18, 8, 17, 17, 16, 19, 15, 12, 6, 18]
y_coordinates = [49, 32, 82, 35, 32, 51, 72, 31, 38, 20, 52, 58, 65, 78, 41, 81]
x_dimensions = [3, 4, 3, 6, 7, 3, 3, 3, 3, 3, 3, 3, 3, 3, 4, 4]
y_dimensions = [3, 3, 5, 3, 3, 8, 9, 10, 11, 12, 13, 14, 22, 4, 19, 6]
minimum_height = 87
----------
x_coordinates = [18, 18, 19, 16, 12, 19, 19, 6, 9, 3, 11, 15, 16, 8, 3, 18]
y_coordinates = [54, 50, 81, 47, 46, 63, 72, 49, 42, 52, 53, 50, 64, 61, 31, 57]
x_dimensions = [3, 3, 3, 6, 3, 3, 3, 3, 3, 3, 3, 3, 3, 3, 19, 4]
y_dimensions = [3, 4, 5, 3, 7, 8, 9, 10, 11, 12, 13, 14, 22, 4, 4, 6]
minimum_height = 86
----------
x_coordinates = [15, 17, 13, 5, 4, 16, 17, 2, 11, 14, 12, 18, 19, 12, 6, 15]
y_coordinates = [53, 36, 80, 47, 50, 62, 76, 39, 42, 39, 53, 40, 54, 69, 28, 70]
x_dimensions = [3, 3, 3, 6, 3, 3, 3, 3, 3, 3, 3, 3, 3, 3, 4, 4]
y_dimensions = [3, 4, 5, 3, 7, 8, 9, 10, 11, 12, 13, 14, 22, 4, 19, 6]
minimum_height = 85
----------
x_coordinates = [14, 16, 19, 7, 12, 12, 8, 9, 16, 19, 18, 11, 15, 5, 3, 18]
y_coordinates = [77, 80, 79, 52, 55, 62, 69, 59, 44, 47, 59, 70, 55, 69, 24, 72]
x_dimensions = [3, 3, 3, 6, 3, 3, 3, 3, 3, 3, 3, 3, 3, 3, 19, 4]
y_dimensions = [3, 4, 5, 3, 7, 8, 9, 10, 11, 12, 13, 14, 22, 4, 4, 6]
minimum_height = 84
----------
x_coordinates = [12, 16, 18, 7, 19, 12, 18, 13, 11, 17, 19, 15, 16, 14, 10, 17]
y_coordinates = [41, 57, 51, 80, 76, 65, 42, 73, 30, 24, 56, 43, 61, 35, 11, 36]
x_dimensions = [3, 3, 3, 6, 3, 3, 3, 3, 3, 3, 3, 3, 3, 3, 4, 4]
y_dimensions = [3, 4, 5, 3, 7, 8, 9, 10, 11, 12, 13, 14, 22, 4, 19, 6]
minimum_height = 83
----------
x_coordinates = [12, 18, 18, 9, 6, 14, 8, 15, 10, 13, 11, 19, 18, 5, 3, 15]
y_coordinates = [56, 42, 37, 79, 75, 64, 58, 72, 41, 42, 59, 46, 60, 58, 26, 54]
x_dimensions = [3, 3, 3, 6, 3, 3, 3, 3, 3, 3, 3, 3, 3, 3, 19, 4]
y_dimensions = [3, 4, 5, 3, 7, 8, 9, 10, 11, 12, 13, 14, 22, 4, 4, 6]
minimum_height = 82
----------
x_coordinates = [12, 18, 19, 7, 19, 12, 9, 13, 11, 18, 16, 19, 16, 6, 10, 15]
y_coordinates = [58, 24, 69, 73, 74, 50, 57, 65, 39, 28, 40, 52, 59, 57, 20, 53]
x_dimensions = [3, 3, 3, 6, 3, 3, 3, 3, 3, 3, 3, 3, 3, 3, 4, 4]
y_dimensions = [3, 4, 5, 3, 7, 8, 9, 10, 11, 12, 13, 14, 22, 4, 19, 6]
minimum_height = 81
----------
x_coordinates = [6, 7, 18, 10, 13, 13, 3, 13, 10, 18, 19, 19, 16, 18, 10, 9]
y_coordinates = [65, 61, 48, 62, 73, 65, 64, 52, 47, 36, 53, 66, 58, 32, 25, 65]
x_dimensions = [3, 3, 3, 6, 3, 3, 3, 3, 3, 3, 3, 3, 3, 3, 4, 4]
y_dimensions = [3, 4, 5, 3, 7, 8, 9, 10, 11, 12, 13, 14, 22, 4, 19, 6]
minimum_height = 80
----------
x_coordinates = [10, 12, 18, 13, 6, 12, 2, 19, 0, 3, 19, 13, 16, 7, 10, 9]
y_coordinates = [62, 50, 48, 54, 62, 71, 64, 53, 47, 52, 63, 57, 57, 49, 31, 65]
x_dimensions = [3, 3, 3, 6, 3, 3, 3, 3, 3, 3, 3, 3, 3, 3, 4, 4]
y_dimensions = [3, 4, 5, 3, 7, 8, 9, 10, 11, 12, 13, 14, 22, 4, 19, 6]
minimum_height = 79
----------
x_coordinates = [12, 13, 18, 12, 19, 14, 5, 15, 0, 3, 16, 19, 18, 6, 9, 15]
y_coordinates = [47, 42, 30, 52, 49, 27, 34, 55, 46, 45, 35, 35, 56, 45, 28, 48]
x_dimensions = [3, 3, 3, 3, 3, 3, 3, 3, 3, 3, 3, 3, 3, 3, 4, 4]
y_dimensions = [3, 4, 5, 6, 7, 8, 9, 10, 11, 12, 13, 14, 22, 4, 19, 6]
minimum_height = 78
----------
x_coordinates = [12, 12, 19, 11, 6, 13, 0, 14, 3, 0, 16, 19, 18, 12, 8, 9]
y_coordinates = [49, 40, 36, 60, 54, 52, 51, 60, 50, 39, 42, 41, 55, 45, 34, 54]
x_dimensions = [3, 3, 3, 3, 3, 3, 3, 3, 3, 3, 3, 3, 3, 3, 4, 4]
y_dimensions = [3, 4, 5, 6, 7, 8, 9, 10, 11, 12, 13, 14, 22, 4, 19, 6]
minimum_height = 77
----------
x_coordinates = [12, 16, 18, 13, 19, 12, 4, 10, 7, 3, 15, 19, 17, 13, 6, 18]
y_coordinates = [61, 48, 21, 52, 49, 67, 61, 51, 51, 47, 55, 62, 26, 47, 31, 56]
x_dimensions = [3, 3, 3, 6, 3, 3, 3, 3, 3, 3, 3, 3, 3, 3, 4, 4]
y_dimensions = [3, 4, 5, 3, 7, 8, 9, 10, 11, 12, 13, 14, 22, 4, 19, 6]
minimum_height = 76
----------
x_coordinates = [16, 17, 18, 15, 19, 13, 9, 19, 18, 3, 16, 12, 17, 6, 10, 14]
y_coordinates = [72, 35, 39, 55, 68, 67, 54, 58, 44, 52, 59, 53, 8, 52, 34, 47]
x_dimensions = [3, 3, 3, 6, 3, 3, 3, 3, 3, 3, 3, 3, 3, 3, 4, 4]
y_dimensions = [3, 4, 5, 3, 7, 8, 9, 10, 11, 12, 13, 14, 22, 4, 19, 6]
minimum_height = 75
----------
x_coordinates = [13, 18, 19, 16, 19, 19, 7, 10, 13, 0, 16, 3, 18, 6, 9, 14]
y_coordinates = [71, 52, 25, 56, 59, 66, 64, 55, 54, 51, 61, 51, 30, 51, 36, 48]
x_dimensions = [3, 3, 3, 6, 3, 3, 3, 3, 3, 3, 3, 3, 3, 3, 4, 4]
y_dimensions = [3, 4, 5, 3, 7, 8, 9, 10, 11, 12, 13, 14, 22, 4, 19, 6]
minimum_height = 74
----------
x_coordinates = [10, 4, 18, 7, 19, 12, 16, 10, 13, 3, 16, 0, 19, 6, 10, 3]
y_coordinates = [69, 61, 39, 64, 66, 46, 51, 54, 59, 49, 60, 53, 44, 57, 27, 65]
x_dimensions = [3, 3, 3, 6, 3, 3, 3, 3, 3, 3, 3, 3, 3, 3, 4, 4]
y_dimensions = [3, 4, 5, 3, 7, 8, 9, 10, 11, 12, 13, 14, 22, 4, 19, 6]
minimum_height = 73
----------
x_coordinates = [0, 16, 18, 10, 12, 2, 15, 12, 19, 9, 19, 3, 0, 3, 10, 6]
y_coordinates = [67, 68, 43, 69, 62, 37, 59, 52, 61, 54, 48, 53, 45, 67, 33, 66]
x_dimensions = [3, 3, 3, 6, 3, 3, 3, 3, 3, 3, 3, 3, 3, 3, 4, 4]
y_dimensions = [3, 4, 5, 3, 7, 8, 9, 10, 11, 12, 13, 14, 22, 4, 19, 6]
minimum_height = 72
----------
x_coordinates = [18, 7, 18, 12, 19, 17, 19, 18, 16, 1, 17, 13, 10, 4, 10, 14]
y_coordinates = [68, 67, 16, 68, 52, 21, 59, 42, 57, 58, 29, 54, 46, 67, 26, 48]
x_dimensions = [3, 3, 3, 6, 3, 3, 3, 3, 3, 3, 3, 3, 3, 3, 4, 4]
y_dimensions = [3, 4, 5, 3, 7, 8, 9, 10, 11, 12, 13, 14, 22, 4, 19, 6]
minimum_height = 71
----------
x_coordinates = [16, 18, 18, 15, 19, 15, 2, 16, 19, 7, 18, 5, 10, 13, 3, 10]
y_coordinates = [67, 34, 29, 26, 62, 45, 61, 53, 51, 50, 38, 63, 41, 59, 34, 66]
x_dimensions = [3, 3, 3, 6, 3, 3, 3, 3, 3, 3, 3, 14, 3, 3, 4, 6]
y_dimensions = [3, 4, 5, 3, 7, 8, 9, 10, 11, 12, 13, 3, 22, 4, 19, 4]
minimum_height = 70
----------
x_coordinates = [10, 8, 18, 12, 19, 12, 6, 13, 19, 10, 19, 13, 16, 17, 6, 9]
y_coordinates = [60, 56, 29, 29, 62, 33, 60, 45, 51, 44, 38, 55, 47, 34, 33, 63]
x_dimensions = [3, 3, 3, 6, 3, 3, 3, 3, 3, 3, 3, 3, 3, 3, 4, 4]
y_dimensions = [3, 4, 5, 3, 7, 8, 9, 10, 11, 12, 13, 14, 22, 4, 19, 6]
minimum_height = 69
----------
x_coordinates = [11, 9, 19, 11, 15, 13, 1, 16, 19, 15, 18, 4, 12, 19, 3, 7]
y_coordinates = [65, 58, 31, 39, 64, 30, 59, 54, 49, 42, 36, 54, 43, 60, 33, 62]
x_dimensions = [3, 3, 3, 6, 7, 3, 3, 3, 3, 3, 3, 3, 3, 3, 4, 4]
y_dimensions = [3, 4, 5, 3, 3, 8, 9, 10, 11, 12, 13, 14, 22, 4, 19, 6]
minimum_height = 68
----------
x_coordinates = [19, 18, 3, 12, 16, 19, 4, 18, 1, 15, 17, 13, 19, 18, 6, 7]
y_coordinates = [64, 34, 37, 33, 60, 3, 58, 24, 56, 33, 11, 53, 42, 38, 32, 63]
x_dimensions = [3, 3, 3, 3, 3, 3, 3, 3, 3, 3, 3, 3, 3, 3, 4, 6]
y_dimensions = [3, 4, 5, 6, 7, 8, 9, 10, 11, 12, 13, 14, 22, 4, 19, 4]
minimum_height = 67
----------
x_coordinates = [9, 10, 18, 13, 12, 7, 16, 19, 19, 16, 18, 5, 19, 10, 10, 8]
y_coordinates = [63, 33, 5, 32, 62, 22, 36, 23, 33, 24, 10, 52, 44, 37, 13, 57]
x_dimensions = [3, 3, 3, 3, 7, 3, 3, 3, 3, 3, 3, 3, 3, 3, 4, 4]
y_dimensions = [3, 4, 5, 6, 3, 8, 9, 10, 11, 12, 13, 14, 22, 4, 19, 6]
minimum_height = 66
----------
x_coordinates = [2, 4, 19, 12, 12, 3, 15, 18, 1, 15, 17, 5, 19, 18, 10, 8]
y_coordinates = [62, 37, 8, 37, 62, 24, 38, 29, 37, 26, 13, 51, 43, 39, 13, 59]
x_dimensions = [3, 3, 3, 3, 7, 3, 3, 3, 3, 3, 3, 3, 3, 3, 4, 4]
y_dimensions = [3, 4, 5, 6, 3, 8, 9, 10, 11, 12, 13, 14, 22, 4, 19, 6]
minimum_height = 65
----------
x_coordinates = [12, 11, 18, 11, 18, 12, 19, 13, 16, 18, 17, 15, 0, 17, 10, 8]
y_coordinates = [33, 29, 9, 45, 27, 36, 55, 54, 53, 34, 14, 31, 50, 46, 10, 33]
x_dimensions = [3, 3, 3, 6, 3, 3, 3, 3, 3, 3, 3, 3, 22, 3, 4, 4]
y_dimensions = [3, 4, 5, 3, 7, 8, 9, 10, 11, 12, 13, 14, 3, 4, 19, 6]
minimum_height = 64
----------
x_coordinates = [19, 10, 19, 7, 16, 19, 18, 6, 4, 19, 18, 13, 0, 1, 9, 8]
y_coordinates = [47, 46, 9, 44, 43, 14, 54, 53, 37, 35, 22, 36, 50, 46, 19, 38]
x_dimensions = [3, 3, 3, 3, 3, 3, 3, 3, 3, 3, 3, 3, 22, 3, 4, 4]
y_dimensions = [3, 4, 5, 6, 7, 8, 9, 10, 11, 12, 13, 14, 3, 4, 19, 6]
minimum_height = 63
----------
x_coordinates = [15, 16, 18, 9, 9, 16, 3, 19, 18, 12, 19, 6, 0, 0, 2, 11]
y_coordinates = [48, 51, 20, 50, 43, 30, 50, 49, 38, 47, 25, 42, 59, 48, 29, 37]
x_dimensions = [3, 3, 3, 3, 3, 3, 3, 3, 3, 3, 3, 3, 22, 3, 4, 4]
y_dimensions = [3, 4, 5, 6, 7, 8, 9, 10, 11, 12, 13, 14, 3, 4, 19, 6]
minimum_height = 62
----------
x_coordinates = [19, 19, 19, 13, 13, 18, 2, 18, 19, 16, 19, 10, 0, 4, 5, 9]
y_coordinates = [40, 54, 3, 52, 43, 9, 39, 30, 43, 43, 17, 44, 58, 16, 26, 38]
x_dimensions = [3, 3, 3, 3, 3, 3, 3, 3, 3, 3, 3, 3, 22, 3, 4, 4]
y_dimensions = [3, 4, 5, 6, 7, 8, 9, 10, 11, 12, 13, 14, 3, 4, 19, 6]
minimum_height = 61
----------
x_coordinates = [19, 19, 19, 6, 13, 19, 3, 16, 19, 16, 18, 9, 0, 0, 8, 12]
y_coordinates = [38, 41, 12, 44, 46, 30, 40, 47, 45, 35, 17, 43, 57, 42, 24, 40]
x_dimensions = [3, 3, 3, 3, 3, 3, 3, 3, 3, 3, 3, 3, 22, 3, 4, 4]
y_dimensions = [3, 4, 5, 6, 7, 8, 9, 10, 11, 12, 13, 14, 3, 4, 19, 6]
minimum_height = 60
----------
x_coordinates = [15, 16, 18, 2, 16, 2, 10, 5, 13, 19, 17, 12, 0, 11, 10, 8]
y_coordinates = [41, 51, 38, 44, 44, 36, 47, 42, 45, 43, 11, 31, 56, 8, 12, 41]
x_dimensions = [3, 3, 3, 3, 3, 3, 3, 3, 3, 3, 3, 3, 22, 3, 4, 4]
y_dimensions = [3, 4, 5, 6, 7, 8, 9, 10, 11, 12, 13, 14, 3, 4, 19, 6]
minimum_height = 59
----------
x_coordinates = [13, 15, 19, 3, 16, 12, 1, 15, 10, 19, 17, 19, 0, 1, 4, 8]
y_coordinates = [42, 49, 11, 52, 42, 33, 37, 32, 44, 43, 16, 29, 55, 46, 28, 38]
x_dimensions = [3, 3, 3, 6, 3, 3, 3, 3, 3, 3, 3, 3, 22, 3, 4, 4]
y_dimensions = [3, 4, 5, 3, 7, 8, 9, 10, 11, 12, 13, 14, 3, 4, 19, 6]
minimum_height = 58
----------
x_coordinates = [19, 3, 19, 6, 15, 4, 1, 9, 19, 12, 19, 16, 0, 0, 3, 18]
y_coordinates = [45, 42, 16, 45, 47, 51, 45, 41, 34, 42, 21, 33, 54, 41, 23, 48]
x_dimensions = [3, 4, 3, 3, 3, 8, 3, 3, 3, 3, 3, 3, 22, 3, 4, 4]
y_dimensions = [3, 3, 5, 6, 7, 3, 9, 10, 11, 12, 13, 14, 3, 4, 19, 6]
minimum_height = 57
----------
x_coordinates = [19, 14, 19, 12, 15, 4, 1, 13, 17, 10, 17, 19, 0, 3, 10, 18]
y_coordinates = [50, 43, 0, 46, 46, 50, 43, 17, 19, 15, 6, 30, 53, 25, 27, 44]
x_dimensions = [3, 4, 3, 3, 3, 8, 3, 3, 3, 3, 3, 3, 22, 3, 4, 4]
y_dimensions = [3, 3, 5, 6, 7, 3, 9, 10, 11, 12, 13, 14, 3, 4, 19, 6]
minimum_height = 56
----------
x_coordinates = [18, 14, 19, 15, 18, 7, 1, 11, 17, 16, 17, 19, 4, 12, 7, 15]
y_coordinates = [45, 44, 26, 47, 48, 52, 43, 42, 15, 32, 2, 31, 31, 24, 26, 26]
x_dimensions = [3, 4, 3, 3, 3, 8, 3, 3, 3, 3, 3, 3, 3, 3, 4, 4]
y_dimensions = [3, 3, 5, 6, 7, 3, 9, 10, 11, 12, 13, 14, 22, 4, 19, 6]
minimum_height = 55
----------
x_coordinates = [19, 9, 19, 16, 18, 18, 5, 13, 12, 16, 5, 19, 0, 12, 8, 15]
y_coordinates = [47, 45, 27, 45, 20, 11, 42, 41, 30, 33, 26, 32, 51, 26, 26, 27]
x_dimensions = [3, 4, 3, 3, 3, 3, 3, 3, 3, 3, 3, 3, 22, 3, 4, 4]
y_dimensions = [3, 3, 5, 6, 7, 8, 9, 10, 11, 12, 13, 14, 3, 4, 19, 6]
minimum_height = 54
----------
x_coordinates = [15, 18, 18, 19, 4, 13, 7, 12, 13, 19, 19, 10, 16, 6, 9, 17]
y_coordinates = [50, 13, 5, 47, 41, 42, 44, 10, 31, 35, 22, 34, 28, 32, 14, 16]
x_dimensions = [3, 4, 3, 3, 3, 3, 3, 10, 3, 3, 3, 3, 3, 3, 4, 4]
y_dimensions = [3, 3, 5, 6, 7, 8, 9, 3, 11, 12, 13, 14, 22, 4, 19, 6]
minimum_height = 53
----------
x_coordinates = [16, 16, 18, 7, 4, 16, 1, 12, 13, 7, 16, 10, 19, 4, 10, 18]
y_coordinates = [41, 37, 10, 49, 43, 44, 42, 21, 40, 36, 24, 35, 30, 39, 2, 15]
x_dimensions = [3, 3, 3, 6, 3, 3, 3, 10, 3, 3, 3, 3, 3, 3, 4, 4]
y_dimensions = [3, 4, 5, 3, 7, 8, 9, 3, 11, 12, 13, 14, 22, 4, 19, 6]
minimum_height = 52
----------
x_coordinates = [16, 19, 9, 9, 1, 18, 1, 12, 18, 4, 19, 12, 15, 11, 7, 17]
y_coordinates = [26, 28, 43, 48, 42, 43, 31, 23, 32, 39, 10, 34, 29, 30, 24, 4]
x_dimensions = [3, 3, 3, 6, 3, 3, 3, 10, 3, 3, 3, 3, 3, 3, 4, 4]
y_dimensions = [3, 4, 5, 3, 7, 8, 9, 3, 11, 12, 13, 14, 22, 4, 19, 6]
minimum_height = 51
----------
x_coordinates = [16, 10, 19, 4, 0, 19, 9, 13, 19, 6, 3, 16, 16, 13, 10, 18]
y_coordinates = [33, 32, 44, 32, 43, 25, 41, 35, 33, 35, 37, 36, 11, 46, 9, 5]
x_dimensions = [3, 3, 3, 6, 3, 3, 3, 3, 3, 3, 3, 3, 3, 3, 4, 4]
y_dimensions = [3, 4, 5, 3, 7, 8, 9, 10, 11, 12, 13, 14, 22, 4, 19, 6]
minimum_height = 50
----------
x_coordinates = [19, 13, 10, 15, 3, 19, 15, 13, 7, 8, 0, 16, 19, 4, 9, 11]
y_coordinates = [44, 45, 43, 11, 46, 36, 15, 35, 35, 4, 35, 35, 14, 42, 16, 10]
x_dimensions = [3, 3, 3, 6, 7, 3, 3, 3, 3, 3, 3, 3, 3, 3, 4, 4]
y_dimensions = [3, 4, 5, 3, 3, 8, 9, 10, 11, 12, 13, 14, 22, 4, 19, 6]
minimum_height = 49
----------
x_coordinates = [18, 17, 16, 11, 3, 19, 13, 16, 1, 7, 4, 4, 19, 19, 0, 12]
y_coordinates = [45, 19, 14, 22, 14, 7, 27, 26, 37, 36, 31, 44, 23, 15, 18, 14]
x_dimensions = [3, 3, 3, 6, 7, 3, 3, 3, 3, 12, 3, 14, 3, 3, 4, 4]
y_dimensions = [3, 4, 5, 3, 3, 8, 9, 10, 11, 3, 13, 3, 22, 4, 19, 6]
minimum_height = 48
----------
x_coordinates = [18, 19, 17, 13, 3, 19, 19, 13, 19, 10, 5, 2, 16, 14, 9, 15]
y_coordinates = [41, 17, 10, 15, 43, 0, 32, 27, 21, 44, 40, 37, 18, 11, 17, 4]
x_dimensions = [3, 3, 3, 6, 7, 3, 3, 3, 3, 12, 13, 14, 3, 3, 4, 4]
y_dimensions = [3, 4, 5, 3, 3, 8, 9, 10, 11, 3, 3, 3, 22, 4, 19, 6]
minimum_height = 47
----------
x_coordinates = [13, 17, 15, 11, 1, 19, 4, 16, 8, 6, 2, 5, 19, 19, 10, 6]
y_coordinates = [23, 20, 15, 20, 19, 8, 23, 25, 19, 40, 33, 43, 24, 16, 0, 13]
x_dimensions = [3, 3, 3, 6, 7, 3, 3, 3, 3, 12, 3, 14, 3, 3, 4, 4]
y_dimensions = [3, 4, 5, 3, 3, 8, 9, 10, 11, 3, 13, 3, 22, 4, 19, 6]
minimum_height = 46
----------
x_coordinates = [17, 18, 18, 4, 3, 19, 3, 16, 15, 9, 2, 5, 19, 4, 10, 0]
y_coordinates = [39, 5, 0, 8, 1, 9, 23, 26, 3, 42, 32, 36, 17, 4, 3, 4]
x_dimensions = [3, 3, 3, 6, 7, 3, 3, 3, 3, 12, 3, 14, 3, 3, 4, 4]
y_dimensions = [3, 4, 5, 3, 3, 8, 9, 10, 11, 3, 13, 3, 22, 4, 19, 6]
minimum_height = 45
----------
x_coordinates = [6, 19, 13, 8, 2, 1, 17, 16, 3, 0, 5, 5, 19, 16, 9, 4]
y_coordinates = [21, 18, 20, 16, 10, 13, 9, 24, 21, 31, 41, 38, 22, 20, 19, 15]
x_dimensions = [3, 3, 3, 6, 7, 3, 3, 3, 3, 3, 13, 14, 3, 3, 4, 4]
y_dimensions = [3, 4, 5, 3, 3, 8, 9, 10, 11, 12, 3, 3, 22, 4, 19, 6]
minimum_height = 44
----------
x_coordinates = [13, 19, 16, 13, 4, 3, 17, 13, 6, 2, 5, 5, 19, 16, 9, 18]
y_coordinates = [20, 17, 26, 17, 10, 19, 2, 26, 19, 29, 40, 37, 21, 20, 18, 11]
x_dimensions = [3, 3, 3, 6, 7, 3, 3, 3, 3, 3, 13, 14, 3, 3, 4, 4]
y_dimensions = [3, 4, 5, 3, 3, 8, 9, 10, 11, 12, 3, 3, 22, 4, 19, 6]
minimum_height = 43
----------
x_coordinates = [13, 19, 16, 12, 3, 16, 17, 13, 10, 0, 6, 5, 19, 16, 2, 6]
y_coordinates = [19, 16, 31, 16, 27, 23, 7, 26, 21, 29, 39, 36, 20, 19, 8, 30]
x_dimensions = [3, 3, 3, 6, 7, 3, 3, 3, 3, 3, 13, 14, 3, 3, 4, 4]
y_dimensions = [3, 4, 5, 3, 3, 8, 9, 10, 11, 12, 3, 3, 22, 4, 19, 6]
minimum_height = 42
----------
x_coordinates = [12, 19, 16, 4, 14, 15, 6, 13, 9, 18, 6, 19, 3, 18, 10, 9]
y_coordinates = [21, 19, 31, 15, 4, 17, 18, 26, 21, 7, 38, 27, 18, 23, 2, 32]
x_dimensions = [3, 3, 3, 6, 7, 3, 3, 3, 3, 3, 13, 3, 3, 3, 4, 4]
y_dimensions = [3, 4, 5, 3, 3, 8, 9, 10, 11, 12, 3, 14, 22, 4, 19, 6]
minimum_height = 41
----------
x_coordinates = [13, 10, 1, 3, 15, 18, 7, 15, 7, 19, 19, 2, 16, 4, 10, 12]
y_coordinates = [26, 26, 26, 34, 1, 6, 25, 8, 4, 15, 27, 37, 18, 25, 7, 31]
x_dimensions = [3, 3, 3, 6, 7, 3, 3, 3, 11, 3, 3, 14, 3, 3, 4, 4]
y_dimensions = [3, 4, 5, 3, 3, 8, 9, 10, 3, 12, 13, 3, 22, 4, 19, 6]
minimum_height = 40
----------
x_coordinates = [13, 6, 13, 8, 8, 19, 9, 19, 19, 12, 0, 2, 16, 19, 1, 5]
y_coordinates = [28, 23, 31, 10, 13, 6, 24, 29, 14, 16, 33, 36, 17, 25, 13, 27]
x_dimensions = [3, 3, 3, 6, 7, 3, 3, 3, 3, 3, 13, 14, 3, 3, 4, 4]
y_dimensions = [3, 4, 5, 3, 3, 8, 9, 10, 11, 12, 3, 3, 22, 4, 19, 6]
minimum_height = 39
----------
x_coordinates = [19, 16, 19, 16, 12, 6, 0, 16, 3, 13, 3, 5, 19, 15, 9, 1]
y_coordinates = [28, 20, 31, 25, 10, 24, 27, 28, 23, 23, 35, 13, 3, 16, 16, 15]
x_dimensions = [3, 3, 3, 6, 7, 3, 3, 3, 3, 3, 13, 14, 3, 3, 4, 4]
y_dimensions = [3, 4, 5, 3, 3, 8, 9, 10, 11, 12, 3, 3, 22, 4, 19, 6]
minimum_height = 38
----------
x_coordinates = [16, 4, 13, 19, 12, 19, 13, 3, 9, 16, 0, 5, 19, 4, 0, 1]
y_coordinates = [34, 22, 32, 31, 16, 1, 23, 34, 19, 22, 30, 13, 9, 26, 7, 15]
x_dimensions = [3, 3, 3, 3, 3, 3, 3, 10, 3, 3, 13, 14, 3, 3, 19, 4]
y_dimensions = [3, 4, 5, 6, 7, 8, 9, 3, 11, 12, 3, 3, 22, 4, 4, 6]
minimum_height = 37
----------
x_coordinates = [7, 19, 4, 10, 15, 14, 2, 5, 19, 19, 9, 0, 16, 1, 10, 6]
y_coordinates = [26, 15, 32, 26, 30, 0, 23, 29, 19, 3, 33, 4, 8, 32, 7, 18]
x_dimensions = [3, 3, 5, 6, 7, 3, 3, 10, 3, 3, 13, 14, 3, 3, 4, 4]
y_dimensions = [3, 4, 3, 3, 3, 8, 9, 3, 11, 12, 3, 3, 22, 4, 19, 6]
minimum_height = 36
----------
x_coordinates = [15, 3, 14, 18, 1, 6, 10, 8, 6, 19, 19, 6, 13, 12, 9, 16]
y_coordinates = [29, 24, 0, 29, 32, 0, 25, 32, 21, 0, 16, 7, 3, 28, 6, 12]
x_dimensions = [3, 3, 5, 3, 7, 8, 9, 10, 3, 3, 3, 3, 3, 3, 4, 6]
y_dimensions = [3, 4, 3, 6, 3, 3, 3, 3, 11, 12, 13, 14, 22, 4, 19, 4]
minimum_height = 35
----------
x_coordinates = [6, 4, 17, 0, 16, 14, 19, 9, 10, 16, 19, 6, 13, 7, 9, 16]
y_coordinates = [30, 23, 5, 30, 24, 2, 25, 31, 20, 12, 12, 7, 9, 24, 1, 8]
x_dimensions = [3, 3, 5, 6, 3, 8, 3, 10, 3, 3, 3, 3, 3, 3, 4, 6]
y_dimensions = [3, 4, 3, 3, 7, 3, 9, 3, 11, 12, 13, 14, 22, 4, 19, 4]
minimum_height = 34
----------
x_coordinates = [18, 8, 5, 11, 5, 2, 13, 12, 16, 2, 2, 5, 19, 16, 10, 15]
y_coordinates = [27, 26, 3, 27, 30, 0, 24, 30, 10, 20, 3, 21, 2, 0, 2, 4]
x_dimensions = [3, 3, 5, 6, 7, 8, 9, 10, 3, 3, 3, 14, 3, 3, 4, 4]
y_dimensions = [3, 4, 3, 3, 3, 3, 3, 3, 11, 12, 13, 3, 22, 4, 19, 6]
minimum_height = 33
----------
x_coordinates = [19, 5, 4, 12, 16, 5, 13, 8, 19, 7, 14, 8, 2, 17, 10, 17]
y_coordinates = [29, 22, 5, 20, 13, 26, 26, 29, 12, 10, 0, 23, 10, 2, 1, 6]
x_dimensions = [3, 3, 5, 6, 3, 8, 9, 10, 3, 3, 3, 14, 3, 3, 4, 4]
y_dimensions = [3, 4, 3, 3, 7, 3, 3, 3, 11, 12, 13, 3, 22, 4, 19, 6]
minimum_height = 32
----------
x_coordinates = [15, 4, 14, 16, 16, 5, 13, 12, 19, 1, 7, 3, 0, 17, 10, 18]
y_coordinates = [9, 11, 19, 3, 12, 25, 27, 0, 12, 28, 2, 22, 6, 23, 3, 6]
x_dimensions = [3, 3, 5, 6, 3, 8, 9, 10, 3, 12, 3, 14, 3, 3, 4, 4]
y_dimensions = [3, 4, 3, 3, 7, 3, 3, 3, 11, 3, 13, 3, 22, 4, 19, 6]
minimum_height = 31
----------
x_coordinates = [19, 16, 17, 13, 18, 14, 8, 3, 19, 7, 15, 5, 0, 5, 10, 1]
y_coordinates = [3, 16, 27, 20, 6, 13, 27, 19, 16, 5, 0, 23, 0, 26, 0, 22]
x_dimensions = [3, 3, 5, 6, 3, 8, 9, 10, 3, 3, 3, 14, 3, 3, 4, 4]
y_dimensions = [3, 4, 3, 3, 7, 3, 3, 3, 11, 12, 13, 3, 22, 4, 19, 6]
minimum_height = 30
----------
x_coordinates = [16, 7, 17, 16, 7, 3, 13, 12, 14, 19, 3, 8, 0, 1, 10, 4]
y_coordinates = [12, 6, 23, 8, 10, 3, 4, 1, 15, 11, 6, 26, 3, 25, 7, 23]
x_dimensions = [3, 3, 5, 6, 3, 8, 9, 10, 3, 3, 3, 14, 3, 3, 4, 4]
y_dimensions = [3, 4, 3, 3, 7, 3, 3, 3, 11, 12, 13, 3, 22, 4, 19, 6]
minimum_height = 29
----------
x_coordinates = [4, 9, 7, 19, 16, 4, 11, 1, 17, 0, 4, 4, 12, 15, 0, 18]
y_coordinates = [6, 14, 8, 9, 10, 22, 0, 0, 17, 25, 9, 3, 6, 6, 5, 3]
x_dimensions = [3, 3, 5, 3, 3, 8, 9, 10, 3, 12, 3, 14, 3, 3, 4, 4]
y_dimensions = [3, 4, 3, 6, 7, 3, 3, 3, 11, 3, 13, 3, 22, 4, 19, 6]
minimum_height = 28
----------
x_coordinates = [9, 9, 12, 19, 19, 8, 13, 3, 16, 4, 3, 4, 0, 6, 3, 18]
y_coordinates = [15, 11, 13, 21, 14, 20, 5, 5, 16, 24, 11, 8, 4, 13, 1, 8]
x_dimensions = [3, 3, 5, 3, 3, 8, 9, 10, 3, 12, 3, 14, 3, 3, 19, 4]
y_dimensions = [3, 4, 3, 6, 7, 3, 3, 3, 11, 3, 13, 3, 22, 4, 4, 6]
minimum_height = 27
----------
x_coordinates = [14, 1, 17, 18, 12, 2, 16, 12, 7, 7, 1, 19, 4, 1, 10, 14]
y_coordinates = [22, 2, 23, 17, 4, 23, 7, 0, 0, 11, 6, 3, 1, 19, 7, 16]
x_dimensions = [3, 3, 5, 3, 7, 8, 3, 10, 3, 3, 3, 3, 3, 3, 4, 4]
y_dimensions = [3, 4, 3, 6, 3, 3, 9, 3, 11, 12, 13, 14, 22, 4, 19, 6]
minimum_height = 26
----------
x_coordinates = [7, 8, 14, 18, 12, 4, 16, 12, 1, 7, 1, 19, 4, 7, 10, 14]
y_coordinates = [6, 3, 15, 19, 3, 0, 6, 0, 14, 13, 1, 5, 3, 9, 6, 18]
x_dimensions = [3, 4, 5, 3, 7, 8, 3, 10, 3, 3, 3, 3, 3, 3, 4, 4]
y_dimensions = [3, 3, 3, 6, 3, 3, 9, 3, 11, 12, 13, 14, 22, 4, 19, 6]
minimum_height = 25
----------
x_coordinates = [6, 4, 7, 0, 3, 11, 2, 9, 0, 4, 2, 16, 19, 12, 0, 10]
y_coordinates = [0, 11, 12, 0, 8, 21, 21, 0, 7, 15, 18, 7, 2, 12, 3, 8]
x_dimensions = [3, 3, 5, 6, 7, 8, 9, 10, 3, 12, 13, 3, 3, 4, 19, 6]
y_dimensions = [3, 4, 3, 3, 3, 3, 3, 3, 11, 3, 3, 14, 22, 3, 4, 4]
minimum_height = 24
----------
x_coordinates = [3, 3, 4, 3, 0, 16, 0, 19, 2, 19, 6, 16, 13, 6, 9, 0]
y_coordinates = [7, 16, 20, 10, 7, 15, 14, 1, 0, 11, 7, 1, 1, 3, 4, 3]
x_dimensions = [3, 3, 5, 3, 3, 3, 3, 3, 11, 3, 3, 3, 3, 3, 4, 6]
y_dimensions = [3, 4, 3, 6, 7, 8, 9, 10, 3, 12, 13, 14, 22, 4, 19, 4]
minimum_height = 23
----------
x_coordinates = [13, 0, 10, 0, 3, 19, 3, 10, 0, 13, 3, 19, 16, 0, 6, 10]
y_coordinates = [7, 4, 7, 19, 3, 0, 10, 12, 8, 10, 0, 8, 0, 0, 3, 3]
x_dimensions = [3, 3, 3, 6, 3, 3, 3, 3, 3, 3, 13, 3, 3, 3, 4, 6]
y_dimensions = [3, 4, 5, 3, 7, 8, 9, 10, 11, 12, 3, 14, 22, 4, 19, 4]
minimum_height = 22
----------
==========
%%%mzn-stat: nodes=95410
%%%mzn-stat: failures=46181
%%%mzn-stat: restarts=1154
%%%mzn-stat: variables=7140
%%%mzn-stat: intVars=67
%%%mzn-stat: boolVariables=7071
%%%mzn-stat: propagators=996
%%%mzn-stat: propagations=18273620
%%%mzn-stat: peakDepth=124
%%%mzn-stat: nogoods=46181
%%%mzn-stat: backjumps=18326
%%%mzn-stat: peakMem=0.00
%%%mzn-stat: time=6.417
%%%mzn-stat: initTime=0.019
%%%mzn-stat: solveTime=6.398
%%%mzn-stat: objective=22
%%%mzn-stat: optTime=6.398
%%%mzn-stat: baseMem=0.00
%%%mzn-stat: trailMem=0.01
%%%mzn-stat: randomSeed=1657541164
