x_coordinates = [7, 10, 19, 0, 13, 9, 20, 11, 5, 20, 2, 9, 8, 17, 12, 5, 11, 16, 20]
y_coordinates = [149, 155, 131, 155, 146, 144, 127, 80, 130, 143, 144, 138, 152, 147, 135, 159, 159, 159, 159]
x_dimensions = [6, 12, 4, 10, 4, 4, 3, 3, 14, 3, 3, 10, 9, 3, 7, 6, 5, 4, 3]
y_dimensions = [3, 4, 11, 4, 6, 4, 4, 20, 3, 12, 11, 3, 3, 8, 3, 3, 3, 3, 3]
minimum_height = 162
----------
x_coordinates = [20, 19, 10, 0, 12, 15, 13, 4, 13, 16, 2, 5, 14, 2, 20, 14, 1, 6, 20]
y_coordinates = [54, 143, 150, 154, 144, 151, 78, 74, 91, 139, 44, 139, 155, 151, 91, 158, 158, 158, 158]
x_dimensions = [3, 4, 4, 10, 4, 4, 4, 3, 3, 3, 11, 10, 9, 8, 3, 6, 5, 4, 3]
y_dimensions = [6, 12, 11, 4, 6, 4, 3, 20, 14, 12, 3, 3, 3, 3, 7, 3, 3, 3, 3]
minimum_height = 161
----------
x_coordinates = [1, 1, 10, 13, 19, 7, 0, 9, 0, 11, 9, 12, 14, 20, 12, 3, 14, 18, 16]
y_coordinates = [104, 156, 110, 156, 108, 106, 107, 25, 152, 105, 46, 39, 153, 74, 23, 110, 108, 150, 112]
x_dimensions = [6, 12, 4, 10, 4, 4, 3, 3, 14, 12, 11, 10, 9, 3, 3, 6, 5, 4, 3]
y_dimensions = [3, 4, 11, 4, 6, 4, 4, 20, 3, 3, 3, 3, 3, 8, 7, 3, 3, 3, 3]
minimum_height = 160
----------
x_coordinates = [8, 11, 19, 1, 17, 8, 18, 10, 14, 20, 9, 20, 10, 9, 8, 8, 18, 15, 17]
y_coordinates = [134, 155, 121, 155, 135, 118, 139, 55, 131, 142, 141, 39, 152, 122, 128, 131, 132, 128, 144]
x_dimensions = [6, 12, 4, 10, 6, 4, 4, 3, 3, 3, 3, 3, 9, 8, 7, 6, 5, 4, 3]
y_dimensions = [3, 4, 11, 4, 4, 4, 3, 20, 14, 12, 11, 10, 3, 3, 3, 3, 3, 3, 3]
minimum_height = 159
----------
x_coordinates = [20, 0, 15, 13, 14, 13, 10, 11, 20, 12, 7, 11, 4, 8, 2, 7, 15, 8, 19]
y_coordinates = [100, 151, 143, 154, 136, 130, 138, 75, 137, 142, 66, 37, 155, 106, 109, 132, 140, 141, 151]
x_dimensions = [3, 12, 4, 10, 6, 4, 4, 3, 3, 3, 11, 10, 9, 8, 7, 6, 5, 4, 3]
y_dimensions = [6, 4, 11, 4, 4, 4, 3, 20, 14, 12, 3, 3, 3, 3, 3, 3, 3, 3, 3]
minimum_height = 158
----------
x_coordinates = [20, 16, 12, 11, 17, 15, 17, 6, 20, 20, 19, 1, 3, 9, 20, 7, 7, 17, 20]
y_coordinates = [93, 134, 145, 124, 150, 118, 146, 59, 99, 135, 113, 83, 153, 78, 128, 116, 149, 154, 147]
x_dimensions = [3, 4, 4, 10, 6, 4, 3, 3, 3, 3, 3, 10, 9, 8, 3, 6, 5, 4, 3]
y_dimensions = [6, 12, 11, 4, 4, 4, 4, 20, 14, 12, 11, 3, 3, 3, 7, 3, 3, 3, 3]
minimum_height = 157
----------
x_coordinates = [10, 16, 12, 7, 12, 1, 6, 5, 20, 9, 2, 16, 1, 0, 4, 5, 0, 3, 13]
y_coordinates = [82, 140, 152, 131, 146, 126, 151, 31, 138, 144, 141, 40, 81, 130, 134, 128, 151, 152, 143]
x_dimensions = [3, 4, 11, 10, 4, 4, 3, 3, 3, 3, 11, 3, 9, 3, 3, 6, 3, 3, 3]
y_dimensions = [6, 12, 4, 4, 6, 4, 4, 20, 14, 12, 3, 10, 3, 8, 7, 3, 5, 4, 3]
minimum_height = 156
----------
x_coordinates = [15, 2, 16, 13, 6, 1, 10, 5, 14, 13, 12, 12, 5, 17, 20, 11, 10, 2, 20]
y_coordinates = [81, 140, 140, 151, 149, 135, 150, 25, 122, 139, 119, 71, 133, 129, 135, 136, 145, 152, 145]
x_dimensions = [3, 4, 4, 10, 4, 4, 3, 3, 3, 3, 11, 10, 9, 3, 3, 6, 3, 4, 3]
y_dimensions = [6, 12, 11, 4, 6, 4, 4, 20, 14, 12, 3, 3, 3, 8, 7, 3, 5, 3, 3]
minimum_height = 155
----------
x_coordinates = [13, 19, 14, 4, 15, 13, 0, 2, 17, 3, 19, 12, 3, 15, 20, 17, 1, 9, 17]
y_coordinates = [82, 142, 137, 147, 148, 128, 150, 32, 34, 151, 118, 90, 113, 132, 135, 129, 145, 143, 103]
x_dimensions = [3, 4, 4, 10, 4, 4, 3, 3, 3, 12, 3, 3, 9, 8, 3, 6, 3, 3, 3]
y_dimensions = [6, 12, 11, 4, 6, 4, 4, 20, 14, 3, 11, 10, 3, 3, 7, 3, 5, 4, 3]
minimum_height = 154
----------
x_coordinates = [3, 1, 15, 10, 16, 19, 9, 8, 18, 13, 20, 4, 11, 20, 20, 17, 3, 6, 10]
y_coordinates = [111, 143, 130, 126, 147, 134, 150, 37, 92, 141, 123, 136, 110, 145, 138, 116, 148, 147, 140]
x_dimensions = [3, 12, 4, 10, 4, 4, 4, 3, 3, 3, 3, 10, 9, 3, 3, 6, 3, 3, 3]
y_dimensions = [6, 4, 11, 4, 6, 4, 3, 20, 14, 12, 11, 3, 3, 8, 7, 3, 5, 4, 3]
minimum_height = 153
----------
x_coordinates = [13, 7, 19, 9, 19, 3, 13, 11, 18, 16, 18, 3, 0, 6, 4, 17, 0, 10, 18]
y_coordinates = [0, 145, 138, 141, 132, 148, 137, 69, 97, 129, 118, 130, 125, 132, 140, 115, 137, 137, 149]
x_dimensions = [6, 12, 4, 10, 4, 4, 3, 3, 3, 3, 3, 3, 9, 3, 3, 6, 3, 3, 3]
y_dimensions = [3, 4, 11, 4, 6, 4, 4, 20, 14, 12, 11, 10, 3, 8, 7, 3, 5, 4, 3]
minimum_height = 152
----------
x_coordinates = [15, 0, 19, 11, 12, 14, 9, 8, 16, 18, 18, 9, 0, 15, 12, 15, 20, 20, 12]
y_coordinates = [3, 147, 140, 53, 135, 125, 139, 74, 129, 106, 118, 116, 51, 143, 141, 102, 131, 136, 148]
x_dimensions = [6, 12, 4, 10, 4, 4, 3, 3, 3, 3, 3, 3, 9, 3, 3, 6, 3, 3, 3]
y_dimensions = [3, 4, 11, 4, 6, 4, 4, 20, 14, 12, 11, 10, 3, 8, 7, 3, 5, 4, 3]
minimum_height = 151
----------
x_coordinates = [8, 3, 15, 7, 19, 18, 3, 8, 20, 17, 20, 11, 1, 17, 0, 16, 6, 9, 12]
y_coordinates = [2, 144, 139, 135, 143, 28, 138, 59, 129, 119, 118, 101, 117, 131, 138, 24, 139, 140, 141]
x_dimensions = [3, 12, 4, 10, 4, 4, 3, 3, 3, 3, 3, 10, 9, 3, 3, 6, 3, 3, 3]
y_dimensions = [6, 4, 11, 4, 6, 4, 4, 20, 14, 12, 11, 3, 3, 8, 7, 3, 5, 4, 3]
minimum_height = 150
----------
x_coordinates = [10, 3, 18, 0, 19, 19, 9, 11, 10, 13, 12, 12, 7, 16, 15, 15, 6, 16, 7]
y_coordinates = [81, 145, 138, 135, 126, 132, 127, 57, 131, 129, 119, 94, 124, 130, 141, 116, 129, 126, 140]
x_dimensions = [6, 12, 4, 10, 4, 4, 3, 3, 3, 3, 11, 10, 9, 3, 3, 6, 3, 3, 3]
y_dimensions = [3, 4, 11, 4, 6, 4, 4, 20, 14, 12, 3, 3, 3, 8, 7, 3, 5, 4, 3]
minimum_height = 149
----------
x_coordinates = [1, 11, 16, 1, 9, 13, 6, 11, 3, 20, 12, 4, 8, 16, 17, 15, 13, 20, 0]
y_coordinates = [118, 118, 122, 121, 139, 141, 141, 31, 132, 132, 111, 102, 145, 133, 141, 45, 136, 144, 143]
x_dimensions = [6, 12, 4, 10, 4, 4, 3, 3, 3, 3, 11, 3, 9, 3, 3, 6, 3, 3, 3]
y_dimensions = [3, 4, 11, 4, 6, 4, 4, 20, 14, 12, 3, 10, 3, 8, 7, 3, 5, 4, 3]
minimum_height = 148
----------
x_coordinates = [20, 1, 16, 13, 16, 18, 19, 3, 4, 13, 19, 8, 10, 20, 20, 15, 10, 1, 2]
y_coordinates = [104, 143, 130, 81, 141, 115, 110, 12, 129, 135, 119, 127, 110, 139, 132, 43, 138, 138, 113]
x_dimensions = [3, 12, 4, 10, 4, 4, 3, 3, 3, 3, 3, 10, 9, 3, 3, 6, 3, 3, 3]
y_dimensions = [6, 4, 11, 4, 6, 4, 4, 20, 14, 12, 11, 3, 3, 8, 7, 3, 5, 4, 3]
minimum_height = 147
----------
x_coordinates = [3, 11, 15, 11, 16, 14, 9, 9, 12, 19, 12, 2, 9, 16, 18, 17, 20, 20, 20]
y_coordinates = [143, 110, 127, 38, 121, 114, 142, 15, 132, 134, 34, 132, 118, 138, 114, 101, 121, 126, 131]
x_dimensions = [6, 12, 4, 10, 4, 4, 3, 3, 3, 3, 11, 10, 9, 3, 3, 6, 3, 3, 3]
y_dimensions = [3, 4, 11, 4, 6, 4, 4, 20, 14, 12, 3, 3, 3, 8, 7, 3, 5, 4, 3]
minimum_height = 146
----------
x_coordinates = [2, 8, 19, 3, 15, 9, 8, 11, 12, 13, 20, 2, 0, 16, 18, 15, 7, 20, 2]
y_coordinates = [142, 115, 127, 133, 123, 137, 141, 57, 119, 133, 109, 130, 137, 130, 138, 102, 123, 120, 118]
x_dimensions = [6, 12, 4, 10, 4, 4, 3, 3, 3, 3, 3, 10, 9, 3, 3, 6, 3, 3, 3]
y_dimensions = [3, 4, 11, 4, 6, 4, 4, 20, 14, 12, 11, 3, 3, 8, 7, 3, 5, 4, 3]
minimum_height = 145
----------
x_coordinates = [13, 9, 19, 1, 10, 18, 7, 10, 6, 11, 18, 9, 14, 20, 20, 15, 0, 3, 3]
y_coordinates = [129, 101, 128, 140, 123, 124, 122, 71, 126, 139, 105, 136, 121, 86, 94, 116, 126, 127, 124]
x_dimensions = [3, 12, 4, 10, 4, 4, 3, 3, 3, 12, 3, 10, 9, 3, 3, 6, 3, 3, 3]
y_dimensions = [6, 4, 11, 4, 6, 4, 4, 20, 14, 3, 11, 3, 3, 8, 7, 3, 5, 4, 3]
minimum_height = 144
----------
x_coordinates = [7, 4, 8, 13, 11, 19, 14, 2, 18, 3, 1, 1, 8, 15, 18, 15, 19, 17, 2]
y_coordinates = [43, 125, 130, 123, 134, 132, 108, 70, 109, 140, 126, 137, 105, 135, 136, 3, 127, 105, 108]
x_dimensions = [6, 4, 11, 10, 4, 4, 3, 3, 3, 12, 3, 10, 9, 3, 3, 6, 3, 3, 3]
y_dimensions = [3, 12, 4, 4, 6, 4, 4, 20, 14, 3, 11, 3, 3, 8, 7, 3, 5, 4, 3]
minimum_height = 143
----------
x_coordinates = [18, 8, 8, 13, 16, 19, 15, 11, 18, 1, 5, 0, 12, 11, 20, 15, 2, 12, 2]
y_coordinates = [104, 123, 135, 111, 129, 138, 125, 42, 115, 114, 128, 139, 119, 139, 131, 90, 131, 128, 127]
x_dimensions = [3, 4, 11, 10, 4, 4, 3, 3, 3, 12, 3, 10, 3, 8, 3, 6, 3, 3, 3]
y_dimensions = [6, 12, 4, 4, 6, 4, 4, 20, 14, 3, 11, 3, 9, 3, 7, 3, 5, 4, 3]
minimum_height = 142
----------
x_coordinates = [20, 19, 1, 12, 12, 16, 14, 5, 17, 0, 6, 3, 20, 5, 20, 17, 11, 20, 0]
y_coordinates = [124, 99, 133, 111, 132, 136, 123, 63, 122, 114, 129, 123, 115, 138, 134, 84, 124, 130, 128]
x_dimensions = [3, 4, 11, 10, 4, 4, 3, 3, 3, 12, 11, 3, 3, 8, 3, 6, 3, 3, 3]
y_dimensions = [6, 12, 4, 4, 6, 4, 4, 20, 14, 3, 3, 10, 9, 3, 7, 3, 5, 4, 3]
minimum_height = 141
----------
x_coordinates = [20, 8, 12, 13, 0, 19, 17, 2, 18, 11, 9, 2, 20, 11, 16, 17, 6, 20, 20]
y_coordinates = [127, 126, 133, 93, 132, 86, 114, 22, 97, 90, 130, 136, 115, 87, 137, 32, 131, 111, 124]
x_dimensions = [3, 12, 11, 10, 6, 4, 3, 20, 3, 12, 11, 10, 3, 8, 7, 6, 3, 3, 3]
y_dimensions = [6, 4, 4, 4, 4, 4, 4, 3, 14, 3, 3, 3, 9, 3, 3, 3, 5, 4, 3]
minimum_height = 140
----------
x_coordinates = [6, 13, 0, 10, 19, 18, 10, 2, 20, 3, 12, 1, 17, 11, 12, 15, 9, 19, 20]
y_coordinates = [125, 118, 135, 111, 133, 105, 120, 68, 109, 108, 130, 132, 117, 133, 136, 32, 127, 126, 123]
x_dimensions = [3, 4, 11, 10, 4, 4, 3, 3, 3, 3, 11, 10, 3, 8, 7, 6, 3, 3, 3]
y_dimensions = [6, 12, 4, 4, 6, 4, 4, 20, 14, 12, 3, 3, 9, 3, 3, 3, 5, 4, 3]
minimum_height = 139
----------
x_coordinates = [5, 11, 1, 0, 19, 18, 4, 8, 8, 12, 7, 3, 4, 12, 12, 15, 1, 20, 2]
y_coordinates = [124, 124, 134, 116, 132, 120, 130, 66, 117, 112, 131, 106, 115, 109, 135, 95, 129, 128, 126]
x_dimensions = [3, 12, 11, 4, 4, 4, 3, 3, 3, 3, 11, 10, 3, 8, 7, 6, 3, 3, 3]
y_dimensions = [6, 4, 4, 10, 6, 4, 4, 20, 14, 12, 3, 3, 9, 3, 3, 3, 5, 4, 3]
minimum_height = 138
----------
x_coordinates = [3, 13, 8, 12, 0, 9, 8, 10, 9, 6, 12, 17, 20, 15, 12, 16, 6, 0, 3]
y_coordinates = [127, 125, 108, 121, 133, 131, 113, 65, 117, 120, 115, 127, 128, 118, 112, 95, 132, 129, 124]
x_dimensions = [3, 4, 11, 10, 6, 4, 3, 3, 3, 3, 11, 3, 3, 8, 7, 6, 3, 3, 3]
y_dimensions = [6, 12, 4, 4, 4, 4, 4, 20, 14, 12, 3, 10, 9, 3, 3, 3, 5, 4, 3]
minimum_height = 137
----------
x_coordinates = [10, 17, 1, 18, 17, 19, 15, 11, 13, 7, 12, 20, 16, 15, 0, 17, 12, 4, 13]
y_coordinates = [128, 93, 115, 112, 108, 132, 113, 58, 117, 121, 90, 122, 127, 105, 129, 47, 111, 132, 131]
x_dimensions = [3, 4, 11, 4, 6, 4, 3, 3, 3, 3, 11, 3, 3, 8, 7, 6, 3, 3, 3]
y_dimensions = [6, 12, 4, 10, 4, 4, 4, 20, 14, 12, 3, 10, 9, 3, 3, 3, 5, 4, 3]
minimum_height = 136
----------
x_coordinates = [11, 19, 10, 12, 17, 19, 18, 8, 16, 9, 12, 17, 20, 1, 13, 15, 9, 8, 16]
y_coordinates = [129, 119, 104, 117, 93, 131, 100, 59, 118, 117, 97, 108, 110, 117, 90, 47, 96, 130, 132]
x_dimensions = [3, 4, 11, 4, 6, 4, 3, 3, 3, 3, 11, 3, 3, 8, 7, 6, 3, 3, 3]
y_dimensions = [6, 12, 4, 10, 4, 4, 4, 20, 14, 12, 3, 10, 9, 3, 3, 3, 5, 4, 3]
minimum_height = 135
----------
x_coordinates = [4, 17, 1, 18, 15, 19, 15, 8, 13, 10, 12, 20, 16, 8, 14, 15, 12, 1, 7]
y_coordinates = [128, 94, 109, 110, 106, 130, 111, 0, 117, 119, 91, 120, 125, 131, 88, 84, 109, 130, 128]
x_dimensions = [3, 4, 11, 4, 6, 4, 3, 3, 3, 3, 11, 3, 3, 8, 7, 6, 3, 3, 3]
y_dimensions = [6, 12, 4, 10, 4, 4, 4, 20, 14, 12, 3, 10, 9, 3, 3, 3, 5, 4, 3]
minimum_height = 134
----------
x_coordinates = [0, 18, 7, 12, 16, 15, 9, 4, 11, 17, 12, 20, 14, 3, 16, 15, 3, 6, 7]
y_coordinates = [127, 105, 108, 98, 101, 129, 104, 36, 119, 117, 92, 123, 116, 127, 88, 95, 104, 104, 130]
x_dimensions = [3, 4, 11, 4, 6, 4, 3, 3, 3, 3, 11, 3, 3, 8, 7, 6, 3, 3, 3]
y_dimensions = [6, 12, 4, 10, 4, 4, 4, 20, 14, 12, 3, 10, 9, 3, 3, 3, 5, 4, 3]
minimum_height = 133
----------
x_coordinates = [9, 19, 1, 12, 17, 19, 11, 3, 16, 7, 9, 13, 10, 2, 15, 20, 16, 14, 20]
y_coordinates = [94, 111, 110, 112, 107, 125, 106, 50, 118, 116, 100, 122, 122, 128, 104, 98, 113, 108, 129]
x_dimensions = [3, 4, 11, 4, 6, 4, 3, 20, 3, 3, 11, 3, 3, 8, 7, 3, 3, 3, 3]
y_dimensions = [6, 12, 4, 10, 4, 4, 4, 3, 14, 12, 3, 10, 9, 3, 3, 6, 5, 4, 3]
minimum_height = 132
----------
x_coordinates = [16, 19, 2, 14, 4, 18, 8, 10, 11, 17, 8, 20, 16, 9, 1, 10, 13, 20, 6]
y_coordinates = [104, 111, 109, 121, 113, 127, 126, 49, 117, 92, 113, 101, 110, 101, 122, 105, 109, 123, 103]
x_dimensions = [3, 4, 11, 4, 4, 4, 3, 3, 3, 3, 3, 3, 3, 8, 7, 6, 3, 3, 3]
y_dimensions = [6, 12, 4, 10, 6, 4, 4, 20, 14, 12, 11, 10, 9, 3, 3, 3, 5, 4, 3]
minimum_height = 131
----------
x_coordinates = [17, 13, 1, 15, 5, 18, 10, 10, 19, 20, 9, 20, 17, 9, 16, 15, 20, 16, 19]
y_coordinates = [121, 112, 119, 89, 123, 99, 111, 64, 83, 113, 127, 103, 112, 124, 77, 74, 125, 108, 80]
x_dimensions = [3, 4, 11, 4, 4, 4, 3, 3, 3, 3, 11, 3, 3, 8, 7, 6, 3, 3, 3]
y_dimensions = [6, 12, 4, 10, 6, 4, 4, 20, 14, 12, 3, 10, 9, 3, 3, 3, 5, 4, 3]
minimum_height = 130
----------
x_coordinates = [17, 13, 2, 15, 7, 19, 11, 2, 19, 20, 12, 20, 17, 12, 14, 9, 20, 14, 17]
y_coordinates = [123, 115, 116, 89, 110, 95, 111, 63, 81, 117, 78, 102, 111, 108, 99, 96, 112, 111, 120]
x_dimensions = [3, 4, 11, 4, 4, 4, 3, 3, 3, 3, 11, 3, 3, 8, 7, 6, 3, 3, 3]
y_dimensions = [6, 12, 4, 10, 6, 4, 4, 20, 14, 12, 3, 10, 9, 3, 3, 3, 5, 4, 3]
minimum_height = 129
----------
x_coordinates = [17, 13, 2, 19, 3, 19, 7, 9, 18, 20, 9, 10, 17, 11, 16, 9, 20, 16, 7]
y_coordinates = [122, 114, 123, 95, 109, 105, 114, 19, 77, 116, 110, 113, 113, 103, 91, 93, 111, 106, 120]
x_dimensions = [3, 4, 11, 4, 4, 4, 3, 3, 3, 3, 11, 3, 3, 8, 7, 6, 3, 3, 3]
y_dimensions = [6, 12, 4, 10, 6, 4, 4, 20, 14, 12, 3, 10, 9, 3, 3, 3, 5, 4, 3]
minimum_height = 128
----------
x_coordinates = [17, 12, 0, 19, 15, 19, 3, 3, 18, 6, 11, 9, 20, 11, 15, 8, 16, 15, 19]
y_coordinates = [116, 114, 111, 101, 102, 123, 121, 62, 84, 115, 111, 117, 114, 108, 98, 97, 122, 83, 81]
x_dimensions = [3, 4, 11, 4, 4, 4, 3, 20, 3, 3, 11, 3, 3, 8, 7, 6, 3, 3, 3]
y_dimensions = [6, 12, 4, 10, 6, 4, 4, 3, 14, 12, 3, 10, 9, 3, 3, 3, 5, 4, 3]
minimum_height = 127
----------
x_coordinates = [20, 12, 3, 6, 19, 16, 16, 9, 18, 7, 13, 10, 20, 4, 3, 12, 16, 15, 17]
y_coordinates = [105, 103, 114, 101, 111, 122, 109, 21, 91, 114, 115, 116, 117, 111, 101, 96, 113, 99, 119]
x_dimensions = [3, 4, 4, 4, 4, 4, 3, 3, 3, 3, 3, 3, 3, 8, 3, 6, 3, 3, 3]
y_dimensions = [6, 12, 11, 10, 6, 4, 4, 20, 14, 12, 11, 10, 9, 3, 7, 3, 5, 4, 3]
minimum_height = 126
----------
x_coordinates = [20, 19, 4, 0, 6, 15, 4, 3, 16, 7, 2, 13, 18, 11, 4, 12, 12, 20, 18]
y_coordinates = [106, 112, 121, 113, 103, 120, 117, 53, 100, 117, 110, 104, 88, 114, 113, 96, 99, 102, 97]
x_dimensions = [3, 4, 11, 4, 4, 4, 3, 20, 3, 12, 11, 3, 3, 8, 7, 6, 3, 3, 3]
y_dimensions = [6, 12, 4, 10, 6, 4, 4, 3, 14, 3, 3, 10, 9, 3, 3, 3, 5, 4, 3]
minimum_height = 125
----------
x_coordinates = [7, 0, 9, 4, 7, 19, 20, 2, 17, 8, 6, 20, 18, 11, 10, 3, 0, 14, 20]
y_coordinates = [108, 112, 120, 114, 102, 99, 119, 61, 103, 117, 111, 109, 90, 100, 114, 106, 107, 107, 106]
x_dimensions = [6, 4, 11, 4, 4, 4, 3, 3, 3, 12, 11, 3, 3, 8, 7, 3, 3, 3, 3]
y_dimensions = [3, 12, 4, 10, 6, 4, 4, 20, 14, 3, 3, 10, 9, 3, 3, 6, 5, 4, 3]
minimum_height = 124
----------
x_coordinates = [2, 19, 12, 9, 14, 5, 16, 8, 20, 11, 4, 13, 18, 12, 16, 12, 18, 17, 18]
y_coordinates = [116, 111, 88, 113, 103, 119, 119, 17, 97, 35, 110, 113, 79, 107, 110, 96, 92, 99, 73]
x_dimensions = [3, 4, 11, 4, 6, 4, 3, 3, 3, 12, 11, 3, 3, 8, 3, 6, 3, 3, 3]
y_dimensions = [6, 12, 4, 10, 4, 4, 4, 20, 14, 3, 3, 10, 9, 3, 7, 3, 5, 4, 3]
minimum_height = 123
----------
x_coordinates = [16, 5, 12, 10, 9, 17, 17, 2, 19, 11, 9, 20, 18, 8, 20, 4, 1, 20, 15]
y_coordinates = [105, 118, 70, 114, 104, 101, 118, 41, 87, 67, 111, 105, 74, 108, 115, 114, 114, 83, 81]
x_dimensions = [3, 12, 11, 10, 6, 4, 3, 3, 3, 12, 11, 3, 3, 8, 3, 6, 3, 3, 3]
y_dimensions = [6, 4, 4, 4, 4, 4, 4, 20, 14, 3, 3, 10, 9, 3, 7, 3, 5, 4, 3]
minimum_height = 122
----------
x_coordinates = [20, 11, 7, 12, 14, 1, 8, 7, 18, 10, 10, 5, 1, 11, 5, 7, 10, 15, 4]
y_coordinates = [107, 113, 92, 117, 106, 112, 114, 29, 92, 89, 86, 108, 91, 110, 118, 102, 105, 99, 91]
x_dimensions = [3, 12, 11, 10, 6, 4, 3, 3, 3, 12, 11, 3, 3, 8, 7, 6, 3, 3, 3]
y_dimensions = [6, 4, 4, 4, 4, 4, 4, 20, 14, 3, 3, 10, 9, 3, 3, 3, 5, 4, 3]
minimum_height = 121
----------
x_coordinates = [1, 11, 2, 12, 7, 19, 8, 8, 20, 13, 1, 5, 20, 11, 7, 7, 12, 17, 8]
y_coordinates = [111, 112, 97, 116, 103, 108, 113, 2, 85, 97, 117, 107, 99, 109, 94, 86, 89, 98, 107]
x_dimensions = [3, 12, 11, 10, 6, 4, 3, 3, 3, 3, 11, 3, 3, 8, 7, 6, 3, 3, 3]
y_dimensions = [6, 4, 4, 4, 4, 4, 4, 20, 14, 12, 3, 10, 9, 3, 3, 3, 5, 4, 3]
minimum_height = 120
----------
x_coordinates = [1, 8, 12, 15, 9, 0, 5, 8, 20, 17, 4, 20, 20, 13, 7, 9, 13, 14, 6]
y_coordinates = [113, 115, 69, 105, 104, 109, 114, 28, 86, 93, 111, 109, 100, 83, 80, 108, 99, 95, 107]
x_dimensions = [3, 12, 11, 4, 6, 4, 3, 3, 3, 3, 11, 3, 3, 8, 7, 6, 3, 3, 3]
y_dimensions = [6, 4, 4, 10, 4, 4, 4, 20, 14, 12, 3, 10, 9, 3, 3, 3, 5, 4, 3]
minimum_height = 119
----------
x_coordinates = [1, 11, 11, 19, 10, 4, 7, 2, 3, 11, 8, 0, 6, 11, 10, 5, 15, 0, 16]
y_coordinates = [115, 114, 79, 104, 103, 111, 115, 31, 94, 100, 111, 105, 99, 107, 92, 108, 95, 101, 104]
x_dimensions = [6, 12, 11, 4, 6, 4, 4, 3, 3, 12, 11, 3, 3, 8, 7, 6, 3, 3, 3]
y_dimensions = [3, 4, 4, 10, 4, 4, 3, 20, 14, 3, 3, 10, 9, 3, 3, 3, 5, 4, 3]
minimum_height = 118
----------
x_coordinates = [9, 15, 11, 19, 14, 8, 9, 3, 3, 12, 12, 0, 6, 14, 16, 2, 18, 0, 3]
y_coordinates = [110, 102, 78, 104, 86, 113, 101, 43, 97, 98, 114, 107, 104, 95, 99, 94, 90, 101, 112]
x_dimensions = [6, 4, 11, 4, 6, 4, 3, 3, 3, 3, 11, 3, 3, 8, 7, 6, 3, 3, 3]
y_dimensions = [3, 12, 4, 10, 4, 4, 4, 20, 14, 12, 3, 10, 9, 3, 3, 3, 5, 4, 3]
minimum_height = 117
----------
x_coordinates = [7, 16, 11, 19, 3, 12, 20, 8, 0, 16, 13, 2, 10, 20, 20, 11, 7, 19, 20]
y_coordinates = [108, 104, 44, 80, 105, 112, 102, 41, 97, 92, 101, 111, 99, 90, 106, 93, 101, 98, 113]
x_dimensions = [6, 4, 11, 4, 4, 4, 3, 3, 3, 3, 3, 10, 3, 3, 3, 3, 3, 3, 3]
y_dimensions = [3, 12, 4, 10, 6, 4, 4, 20, 14, 12, 11, 3, 9, 8, 7, 6, 5, 4, 3]
minimum_height = 116
----------
x_coordinates = [10, 19, 6, 3, 13, 13, 6, 11, 10, 20, 15, 0, 15, 20, 16, 7, 17, 20, 13]
y_coordinates = [109, 103, 71, 92, 104, 100, 111, 5, 95, 87, 86, 102, 77, 79, 108, 96, 98, 99, 112]
x_dimensions = [6, 4, 11, 4, 6, 4, 3, 3, 3, 3, 3, 10, 3, 3, 3, 3, 3, 3, 3]
y_dimensions = [3, 12, 4, 10, 4, 4, 4, 20, 14, 12, 11, 3, 9, 8, 7, 6, 5, 4, 3]
minimum_height = 115
----------
x_coordinates = [14, 16, 9, 5, 15, 19, 10, 6, 12, 19, 16, 0, 12, 18, 20, 13, 20, 20, 19]
y_coordinates = [111, 95, 107, 104, 71, 87, 103, 54, 62, 75, 84, 101, 86, 55, 106, 98, 94, 102, 91]
x_dimensions = [6, 4, 11, 4, 6, 4, 3, 3, 3, 3, 3, 10, 3, 3, 3, 3, 3, 3, 3]
y_dimensions = [3, 12, 4, 10, 4, 4, 4, 20, 14, 12, 11, 3, 9, 8, 7, 6, 5, 4, 3]
minimum_height = 114
----------
x_coordinates = [3, 16, 9, 9, 15, 19, 13, 0, 10, 20, 0, 0, 6, 19, 20, 13, 20, 20, 19]
y_coordinates = [110, 96, 109, 99, 81, 74, 105, 36, 84, 85, 101, 96, 101, 55, 106, 96, 97, 102, 78]
x_dimensions = [6, 4, 11, 4, 6, 4, 3, 3, 3, 3, 3, 10, 3, 3, 3, 3, 3, 3, 3]
y_dimensions = [3, 12, 4, 10, 4, 4, 4, 20, 14, 12, 11, 3, 9, 8, 7, 6, 5, 4, 3]
minimum_height = 113
----------
x_coordinates = [12, 19, 2, 3, 11, 18, 0, 1, 0, 17, 13, 3, 12, 20, 16, 16, 15, 20, 12]
y_coordinates = [79, 95, 108, 104, 85, 77, 104, 9, 88, 82, 101, 101, 89, 81, 105, 99, 94, 107, 98]
x_dimensions = [6, 4, 11, 10, 6, 4, 3, 3, 3, 3, 3, 10, 3, 3, 3, 3, 3, 3, 3]
y_dimensions = [3, 12, 4, 4, 4, 4, 4, 20, 14, 12, 11, 3, 9, 8, 7, 6, 5, 4, 3]
minimum_height = 112
----------
x_coordinates = [11, 16, 2, 3, 7, 19, 20, 9, 13, 17, 20, 0, 13, 19, 16, 20, 9, 20, 10]
y_coordinates = [84, 96, 107, 103, 91, 80, 98, 28, 87, 84, 86, 100, 101, 72, 108, 102, 95, 68, 100]
x_dimensions = [6, 4, 11, 10, 6, 4, 3, 3, 3, 3, 3, 10, 3, 3, 7, 3, 3, 3, 3]
y_dimensions = [3, 12, 4, 4, 4, 4, 4, 20, 14, 12, 11, 3, 9, 8, 3, 6, 5, 4, 3]
minimum_height = 111
----------
x_coordinates = [10, 19, 7, 0, 17, 3, 10, 11, 14, 7, 16, 12, 18, 20, 17, 20, 13, 19, 14]
y_coordinates = [96, 98, 85, 106, 77, 96, 105, 1, 71, 94, 97, 68, 81, 60, 90, 92, 105, 56, 89]
x_dimensions = [6, 4, 11, 10, 6, 4, 3, 3, 3, 3, 3, 10, 3, 3, 3, 3, 3, 3, 3]
y_dimensions = [3, 12, 4, 4, 4, 4, 4, 20, 14, 12, 11, 3, 9, 8, 7, 6, 5, 4, 3]
minimum_height = 110
----------
x_coordinates = [15, 19, 1, 0, 4, 5, 13, 10, 14, 9, 16, 11, 12, 20, 20, 10, 1, 20, 18]
y_coordinates = [90, 97, 87, 105, 98, 94, 105, 30, 68, 91, 98, 84, 90, 76, 69, 103, 96, 65, 94]
x_dimensions = [6, 4, 11, 10, 4, 4, 3, 3, 3, 3, 3, 10, 3, 3, 3, 3, 3, 3, 3]
y_dimensions = [3, 12, 4, 4, 6, 4, 4, 20, 14, 12, 11, 3, 9, 8, 7, 6, 5, 4, 3]
minimum_height = 109
----------
x_coordinates = [16, 11, 2, 0, 2, 19, 20, 10, 15, 13, 6, 0, 16, 20, 17, 17, 10, 19, 19]
y_coordinates = [89, 101, 91, 95, 102, 94, 85, 30, 68, 88, 105, 99, 92, 77, 82, 105, 96, 73, 98]
x_dimensions = [6, 12, 11, 10, 4, 4, 3, 3, 3, 3, 11, 10, 3, 3, 3, 6, 3, 3, 3]
y_dimensions = [3, 4, 4, 4, 6, 4, 4, 20, 14, 12, 3, 3, 9, 8, 7, 3, 5, 4, 3]
minimum_height = 108
----------
x_coordinates = [6, 1, 6, 4, 11, 18, 14, 4, 17, 16, 0, 13, 19, 2, 20, 12, 5, 3, 19]
y_coordinates = [91, 103, 87, 82, 97, 74, 83, 1, 78, 92, 100, 104, 95, 90, 85, 91, 94, 86, 92]
x_dimensions = [6, 12, 11, 10, 4, 4, 3, 3, 3, 3, 11, 10, 3, 3, 3, 3, 3, 3, 3]
y_dimensions = [3, 4, 4, 4, 6, 4, 4, 20, 14, 12, 3, 3, 9, 8, 7, 6, 5, 4, 3]
minimum_height = 107
----------
x_coordinates = [14, 2, 3, 3, 13, 18, 16, 0, 20, 17, 3, 3, 14, 0, 17, 17, 20, 2, 20]
y_coordinates = [85, 99, 87, 95, 91, 70, 81, 30, 80, 94, 103, 92, 97, 90, 74, 88, 98, 80, 95]
x_dimensions = [6, 12, 11, 10, 4, 4, 3, 3, 3, 3, 11, 10, 3, 3, 3, 3, 3, 3, 3]
y_dimensions = [3, 4, 4, 4, 6, 4, 4, 20, 14, 12, 3, 3, 9, 8, 7, 6, 5, 4, 3]
minimum_height = 106
----------
x_coordinates = [17, 11, 9, 10, 13, 19, 4, 10, 2, 4, 0, 3, 20, 16, 20, 0, 2, 17, 1]
y_coordinates = [97, 101, 88, 72, 92, 77, 91, 50, 77, 98, 102, 95, 81, 76, 90, 93, 72, 93, 99]
x_dimensions = [6, 12, 11, 10, 4, 4, 3, 3, 3, 12, 11, 10, 3, 3, 3, 3, 3, 3, 3]
y_dimensions = [3, 4, 4, 4, 6, 4, 4, 20, 14, 3, 3, 3, 9, 8, 7, 6, 5, 4, 3]
minimum_height = 105
----------
x_coordinates = [20, 0, 5, 11, 16, 19, 15, 9, 16, 1, 12, 13, 0, 19, 3, 10, 12, 20, 0]
y_coordinates = [92, 100, 89, 70, 92, 80, 74, 50, 78, 97, 101, 98, 85, 84, 93, 94, 63, 76, 94]
x_dimensions = [3, 12, 11, 10, 4, 4, 3, 3, 3, 12, 11, 10, 3, 3, 7, 6, 3, 3, 3]
y_dimensions = [6, 4, 4, 4, 6, 4, 4, 20, 14, 3, 3, 3, 9, 8, 3, 3, 5, 4, 3]
minimum_height = 104
----------
x_coordinates = [20, 0, 12, 11, 16, 17, 15, 8, 7, 8, 2, 3, 19, 19, 1, 13, 15, 4, 20]
y_coordinates = [97, 90, 89, 62, 93, 68, 79, 48, 76, 100, 94, 97, 72, 81, 100, 94, 48, 80, 93]
x_dimensions = [3, 12, 11, 10, 4, 4, 3, 3, 3, 12, 11, 10, 3, 3, 7, 3, 3, 3, 3]
y_dimensions = [6, 4, 4, 4, 6, 4, 4, 20, 14, 3, 3, 3, 9, 8, 3, 6, 5, 4, 3]
minimum_height = 103
----------
x_coordinates = [0, 11, 9, 10, 19, 18, 18, 2, 0, 4, 5, 6, 18, 3, 20, 16, 20, 6, 1]
y_coordinates = [99, 67, 89, 75, 96, 63, 71, 45, 81, 93, 96, 99, 80, 84, 89, 94, 75, 88, 95]
x_dimensions = [6, 12, 11, 10, 4, 4, 3, 3, 3, 12, 11, 10, 3, 3, 3, 3, 3, 3, 3]
y_dimensions = [3, 4, 4, 4, 6, 4, 4, 20, 14, 3, 3, 3, 9, 8, 7, 6, 5, 4, 3]
minimum_height = 102
----------
x_coordinates = [0, 11, 0, 10, 19, 18, 17, 1, 0, 9, 0, 6, 20, 3, 18, 16, 7, 6, 13]
y_coordinates = [98, 91, 90, 86, 95, 68, 82, 14, 76, 79, 94, 98, 82, 81, 72, 95, 85, 81, 95]
x_dimensions = [6, 12, 11, 10, 4, 4, 3, 3, 3, 12, 11, 10, 3, 3, 3, 3, 3, 3, 3]
y_dimensions = [3, 4, 4, 4, 6, 4, 4, 20, 14, 3, 3, 3, 9, 8, 7, 6, 5, 4, 3]
minimum_height = 101
----------
x_coordinates = [5, 11, 0, 13, 19, 18, 18, 6, 9, 10, 0, 6, 20, 7, 18, 16, 17, 20, 3]
y_coordinates = [73, 90, 89, 67, 94, 55, 63, 44, 50, 71, 93, 97, 81, 64, 74, 94, 85, 59, 97]
x_dimensions = [3, 12, 11, 10, 4, 4, 3, 3, 3, 12, 11, 10, 3, 3, 3, 3, 3, 3, 3]
y_dimensions = [6, 4, 4, 4, 6, 4, 4, 20, 14, 3, 3, 3, 9, 8, 7, 6, 5, 4, 3]
minimum_height = 100
----------
x_coordinates = [7, 11, 0, 6, 17, 19, 15, 2, 18, 10, 0, 8, 18, 6, 16, 11, 10, 4, 20]
y_coordinates = [74, 91, 90, 81, 95, 75, 68, 48, 58, 72, 94, 87, 82, 58, 75, 96, 76, 71, 79]
x_dimensions = [3, 12, 11, 10, 6, 4, 3, 3, 3, 12, 11, 10, 3, 3, 3, 6, 3, 3, 3]
y_dimensions = [6, 4, 4, 4, 4, 4, 4, 20, 14, 3, 3, 3, 9, 8, 7, 3, 5, 4, 3]
minimum_height = 99
----------
x_coordinates = [4, 11, 2, 10, 18, 18, 20, 11, 18, 7, 6, 13, 19, 5, 18, 17, 0, 5, 3]
y_coordinates = [82, 68, 89, 72, 62, 44, 72, 47, 48, 86, 95, 92, 83, 61, 76, 95, 93, 75, 95]
x_dimensions = [3, 12, 11, 10, 4, 4, 3, 3, 3, 12, 11, 10, 3, 3, 3, 6, 3, 3, 3]
y_dimensions = [6, 4, 4, 4, 6, 4, 4, 20, 14, 3, 3, 3, 9, 8, 7, 3, 5, 4, 3]
minimum_height = 98
----------
x_coordinates = [4, 13, 1, 3, 19, 19, 17, 10, 0, 8, 6, 12, 4, 9, 20, 17, 1, 12, 20]
y_coordinates = [74, 79, 89, 80, 85, 71, 81, 45, 74, 76, 94, 91, 84, 68, 78, 94, 93, 72, 75]
x_dimensions = [3, 4, 11, 10, 4, 4, 3, 3, 3, 12, 11, 10, 9, 3, 3, 6, 5, 3, 3]
y_dimensions = [6, 12, 4, 4, 6, 4, 4, 20, 14, 3, 3, 3, 3, 8, 7, 3, 3, 4, 3]
minimum_height = 97
----------
x_coordinates = [0, 16, 1, 6, 12, 19, 20, 9, 3, 11, 9, 11, 20, 8, 0, 17, 20, 9, 19]
y_coordinates = [79, 83, 92, 84, 90, 61, 83, 47, 78, 80, 68, 77, 87, 76, 85, 71, 70, 88, 65]
x_dimensions = [3, 4, 11, 10, 4, 4, 3, 3, 3, 12, 11, 10, 3, 3, 3, 3, 3, 3, 3]
y_dimensions = [6, 12, 4, 4, 6, 4, 4, 20, 14, 3, 3, 3, 9, 8, 7, 6, 5, 4, 3]
minimum_height = 96
----------
x_coordinates = [17, 19, 0, 11, 15, 18, 4, 3, 9, 0, 10, 7, 6, 10, 20, 18, 16, 12, 19]
y_coordinates = [84, 71, 91, 90, 78, 61, 87, 12, 70, 84, 65, 87, 75, 57, 83, 55, 73, 83, 68]
x_dimensions = [3, 4, 11, 10, 4, 4, 3, 20, 3, 12, 11, 10, 3, 3, 3, 3, 3, 3, 3]
y_dimensions = [6, 12, 4, 4, 6, 4, 4, 3, 14, 3, 3, 3, 9, 8, 7, 6, 5, 4, 3]
minimum_height = 95
----------
x_coordinates = [17, 19, 1, 12, 13, 18, 17, 8, 10, 5, 11, 13, 2, 11, 20, 18, 4, 10, 16]
y_coordinates = [80, 68, 90, 90, 79, 58, 86, 43, 67, 87, 62, 65, 80, 51, 83, 50, 64, 83, 68]
x_dimensions = [3, 4, 11, 10, 4, 4, 3, 3, 3, 12, 11, 10, 3, 3, 3, 3, 3, 3, 3]
y_dimensions = [6, 12, 4, 4, 6, 4, 4, 20, 14, 3, 3, 3, 9, 8, 7, 6, 5, 4, 3]
minimum_height = 94
----------
x_coordinates = [19, 17, 10, 10, 18, 17, 20, 2, 10, 11, 7, 0, 8, 20, 18, 20, 7, 16, 4]
y_coordinates = [83, 71, 36, 66, 55, 32, 67, 43, 70, 90, 54, 81, 84, 40, 48, 61, 66, 83, 66]
x_dimensions = [3, 4, 11, 10, 4, 4, 3, 3, 3, 12, 11, 10, 3, 3, 3, 3, 3, 3, 3]
y_dimensions = [6, 12, 4, 4, 6, 4, 4, 20, 14, 3, 3, 3, 9, 8, 7, 6, 5, 4, 3]
minimum_height = 93
----------
x_coordinates = [20, 19, 12, 13, 19, 19, 10, 6, 14, 8, 9, 1, 11, 20, 19, 20, 20, 17, 6]
y_coordinates = [86, 73, 52, 69, 56, 35, 68, 45, 75, 89, 43, 86, 80, 44, 62, 9, 39, 85, 42]
x_dimensions = [3, 4, 11, 10, 4, 4, 3, 3, 3, 12, 11, 10, 3, 3, 3, 3, 3, 3, 3]
y_dimensions = [6, 12, 4, 4, 6, 4, 4, 20, 14, 3, 3, 3, 9, 8, 7, 6, 5, 4, 3]
minimum_height = 92
----------
x_coordinates = [20, 16, 9, 13, 19, 17, 10, 6, 20, 8, 12, 10, 13, 20, 19, 20, 19, 19, 15]
y_coordinates = [85, 72, 46, 67, 57, 30, 70, 44, 71, 88, 34, 84, 73, 42, 50, 24, 37, 63, 41]
x_dimensions = [3, 4, 11, 10, 4, 4, 3, 3, 3, 12, 11, 10, 3, 3, 3, 3, 3, 3, 3]
y_dimensions = [6, 12, 4, 4, 6, 4, 4, 20, 14, 3, 3, 3, 9, 8, 7, 6, 5, 4, 3]
minimum_height = 91
----------
x_coordinates = [14, 18, 9, 9, 17, 17, 19, 11, 7, 6, 12, 10, 3, 20, 19, 20, 18, 20, 15]
y_coordinates = [87, 72, 63, 67, 54, 35, 68, 7, 74, 71, 39, 84, 66, 60, 47, 28, 42, 86, 46]
x_dimensions = [6, 4, 11, 10, 4, 4, 3, 3, 3, 12, 11, 10, 3, 3, 3, 3, 3, 3, 3]
y_dimensions = [3, 12, 4, 4, 6, 4, 4, 20, 14, 3, 3, 3, 9, 8, 7, 6, 5, 4, 3]
minimum_height = 90
----------
x_coordinates = [20, 16, 12, 7, 19, 19, 17, 0, 7, 8, 9, 10, 4, 20, 20, 20, 20, 20, 0]
y_coordinates = [79, 72, 38, 68, 56, 34, 68, 37, 75, 65, 62, 84, 67, 48, 64, 42, 71, 85, 70]
x_dimensions = [3, 4, 11, 10, 4, 4, 3, 3, 3, 12, 11, 10, 3, 3, 3, 3, 3, 3, 3]
y_dimensions = [6, 12, 4, 4, 6, 4, 4, 20, 14, 3, 3, 3, 9, 8, 7, 6, 5, 4, 3]
minimum_height = 89
----------
x_coordinates = [14, 15, 9, 13, 19, 4, 19, 0, 11, 11, 7, 1, 8, 20, 19, 20, 8, 20, 19]
y_coordinates = [85, 73, 41, 69, 60, 79, 76, 27, 74, 66, 59, 85, 68, 44, 53, 38, 79, 84, 81]
x_dimensions = [6, 4, 11, 10, 4, 4, 3, 3, 3, 12, 11, 10, 3, 3, 3, 3, 3, 3, 3]
y_dimensions = [3, 12, 4, 4, 6, 4, 4, 20, 14, 3, 3, 3, 9, 8, 7, 6, 5, 4, 3]
minimum_height = 88
----------
x_coordinates = [4, 0, 9, 13, 19, 19, 14, 8, 7, 11, 12, 10, 4, 16, 20, 20, 11, 20, 17]
y_coordinates = [81, 75, 38, 69, 59, 65, 80, 1, 72, 73, 56, 84, 72, 60, 76, 41, 79, 83, 81]
x_dimensions = [3, 4, 11, 10, 4, 4, 3, 3, 3, 12, 11, 10, 3, 3, 3, 3, 3, 3, 3]
y_dimensions = [6, 12, 4, 4, 6, 4, 4, 20, 14, 3, 3, 3, 9, 8, 7, 6, 5, 4, 3]
minimum_height = 87
----------
x_coordinates = [18, 18, 9, 13, 19, 19, 0, 2, 6, 11, 12, 10, 8, 16, 3, 20, 17, 20, 0]
y_coordinates = [45, 51, 36, 73, 63, 69, 82, 9, 83, 77, 33, 80, 71, 65, 79, 39, 40, 81, 79]
x_dimensions = [3, 4, 11, 10, 4, 4, 3, 20, 14, 12, 11, 10, 3, 3, 3, 3, 3, 3, 3]
y_dimensions = [6, 12, 4, 4, 6, 4, 4, 3, 3, 3, 3, 3, 9, 8, 7, 6, 5, 4, 3]
minimum_height = 86
----------
x_coordinates = [20, 18, 4, 3, 14, 19, 4, 7, 6, 11, 4, 13, 19, 20, 0, 20, 16, 8, 2]
y_coordinates = [49, 59, 52, 77, 68, 55, 81, 24, 74, 82, 58, 79, 34, 71, 78, 43, 54, 81, 73]
x_dimensions = [3, 4, 11, 10, 4, 4, 3, 3, 14, 12, 11, 10, 3, 3, 3, 3, 3, 3, 3]
y_dimensions = [6, 12, 4, 4, 6, 4, 4, 20, 3, 3, 3, 3, 9, 8, 7, 6, 5, 4, 3]
minimum_height = 85
----------
x_coordinates = [14, 10, 6, 0, 19, 19, 8, 1, 9, 10, 3, 0, 16, 17, 2, 20, 20, 4, 19]
y_coordinates = [69, 59, 60, 80, 61, 57, 71, 32, 75, 78, 61, 67, 56, 67, 77, 51, 70, 74, 81]
x_dimensions = [3, 4, 4, 10, 4, 4, 3, 20, 14, 12, 3, 3, 3, 3, 7, 3, 3, 4, 3]
y_dimensions = [6, 12, 11, 4, 6, 4, 4, 3, 3, 3, 11, 10, 9, 8, 3, 6, 5, 3, 3]
minimum_height = 84
----------
x_coordinates = [6, 9, 16, 3, 15, 19, 3, 11, 7, 11, 13, 0, 19, 20, 4, 20, 20, 3, 5]
y_coordinates = [67, 61, 65, 73, 59, 60, 69, 17, 77, 80, 66, 73, 45, 64, 80, 54, 72, 77, 64]
x_dimensions = [3, 4, 4, 10, 4, 4, 3, 3, 14, 12, 3, 3, 3, 3, 7, 3, 3, 4, 3]
y_dimensions = [6, 12, 11, 4, 6, 4, 4, 20, 3, 3, 11, 10, 9, 8, 3, 6, 5, 3, 3]
minimum_height = 83
----------
x_coordinates = [9, 19, 19, 6, 7, 17, 0, 7, 16, 10, 12, 3, 11, 0, 3, 20, 6, 18, 15]
y_coordinates = [72, 50, 62, 68, 61, 46, 68, 40, 59, 79, 73, 69, 59, 72, 79, 40, 72, 76, 76]
x_dimensions = [3, 4, 4, 10, 4, 4, 3, 3, 3, 12, 11, 3, 3, 3, 7, 3, 3, 4, 3]
y_dimensions = [6, 12, 11, 4, 6, 4, 4, 20, 14, 3, 3, 10, 9, 8, 3, 6, 5, 3, 3]
minimum_height = 82
----------
x_coordinates = [11, 13, 10, 7, 3, 19, 1, 3, 17, 20, 14, 4, 17, 7, 4, 20, 1, 20, 7]
y_coordinates = [78, 51, 63, 74, 62, 54, 72, 39, 58, 65, 63, 68, 72, 66, 78, 46, 76, 77, 63]
x_dimensions = [6, 4, 4, 10, 4, 4, 3, 3, 3, 3, 3, 3, 3, 3, 7, 3, 3, 3, 3]
y_dimensions = [3, 12, 11, 4, 6, 4, 4, 20, 14, 12, 11, 10, 9, 8, 3, 6, 5, 4, 3]
minimum_height = 81
----------
x_coordinates = [13, 14, 13, 3, 18, 18, 7, 3, 10, 17, 20, 0, 8, 4, 3, 20, 20, 19, 1]
y_coordinates = [77, 50, 62, 76, 55, 51, 69, 39, 59, 65, 66, 70, 73, 68, 64, 45, 61, 77, 67]
x_dimensions = [6, 4, 4, 10, 4, 4, 3, 3, 3, 3, 3, 3, 9, 3, 7, 3, 3, 4, 3]
y_dimensions = [3, 12, 11, 4, 6, 4, 4, 20, 14, 12, 11, 10, 3, 8, 3, 6, 5, 3, 3]
minimum_height = 80
----------
x_coordinates = [3, 17, 14, 10, 19, 19, 0, 7, 11, 18, 16, 8, 6, 5, 13, 20, 2, 15, 17]
y_coordinates = [73, 30, 64, 46, 61, 57, 75, 33, 62, 67, 53, 66, 76, 65, 50, 49, 63, 75, 43]
x_dimensions = [3, 4, 4, 10, 4, 4, 3, 3, 3, 3, 3, 3, 9, 3, 7, 3, 3, 3, 3]
y_dimensions = [6, 12, 11, 4, 6, 4, 4, 20, 14, 12, 11, 10, 3, 8, 3, 6, 5, 4, 3]
minimum_height = 79
----------
x_coordinates = [9, 17, 17, 1, 14, 5, 4, 8, 18, 20, 17, 1, 10, 7, 11, 3, 17, 19, 18]
y_coordinates = [66, 16, 47, 60, 69, 56, 74, 35, 61, 35, 36, 68, 75, 70, 59, 46, 31, 75, 58]
x_dimensions = [6, 4, 4, 10, 4, 4, 3, 3, 3, 3, 3, 3, 9, 3, 7, 3, 3, 4, 3]
y_dimensions = [3, 12, 11, 4, 6, 4, 4, 20, 14, 12, 11, 10, 3, 8, 3, 6, 5, 3, 3]
minimum_height = 78
----------
x_coordinates = [3, 18, 19, 4, 19, 15, 18, 5, 12, 16, 13, 8, 0, 9, 9, 20, 0, 20, 20]
y_coordinates = [69, 35, 53, 59, 67, 71, 31, 35, 63, 59, 49, 50, 72, 69, 60, 47, 67, 73, 64]
x_dimensions = [6, 4, 4, 4, 4, 4, 3, 3, 3, 3, 3, 3, 9, 3, 7, 3, 3, 3, 3]
y_dimensions = [3, 12, 11, 10, 6, 4, 4, 20, 14, 12, 11, 10, 3, 8, 3, 6, 5, 4, 3]
minimum_height = 77
----------
x_coordinates = [3, 18, 18, 8, 16, 19, 13, 1, 20, 16, 19, 1, 7, 4, 13, 20, 16, 17, 14]
y_coordinates = [44, 18, 51, 61, 70, 30, 69, 15, 62, 32, 34, 66, 73, 68, 63, 45, 44, 66, 66]
x_dimensions = [6, 4, 4, 4, 4, 4, 3, 20, 3, 3, 3, 3, 9, 3, 7, 3, 3, 3, 3]
y_dimensions = [3, 12, 11, 10, 6, 4, 4, 3, 14, 12, 11, 10, 3, 8, 3, 6, 5, 4, 3]
minimum_height = 76
----------
x_coordinates = [5, 19, 6, 6, 16, 19, 0, 9, 0, 19, 20, 10, 7, 3, 13, 14, 20, 17, 17]
y_coordinates = [49, 30, 52, 67, 69, 54, 71, 22, 63, 42, 64, 53, 72, 67, 58, 61, 59, 61, 65]
x_dimensions = [6, 4, 4, 10, 4, 4, 3, 3, 14, 3, 3, 3, 9, 3, 7, 3, 3, 3, 3]
y_dimensions = [3, 12, 11, 4, 6, 4, 4, 20, 3, 12, 11, 10, 3, 8, 3, 6, 5, 4, 3]
minimum_height = 75
----------
x_coordinates = [9, 18, 0, 10, 19, 18, 4, 9, 5, 0, 20, 7, 7, 6, 14, 3, 18, 19, 16]
y_coordinates = [50, 28, 61, 58, 68, 42, 70, 30, 67, 45, 51, 56, 71, 45, 62, 50, 46, 65, 71]
x_dimensions = [6, 4, 4, 10, 4, 4, 3, 3, 14, 3, 3, 3, 9, 3, 7, 3, 3, 4, 3]
y_dimensions = [3, 12, 11, 4, 6, 4, 4, 20, 3, 12, 11, 10, 3, 8, 3, 6, 5, 3, 3]
minimum_height = 74
----------
x_coordinates = [8, 18, 19, 6, 17, 15, 0, 11, 3, 15, 0, 9, 14, 12, 9, 16, 3, 20, 17]
y_coordinates = [43, 29, 54, 61, 69, 56, 69, 23, 68, 44, 55, 51, 41, 53, 65, 60, 63, 65, 66]
x_dimensions = [6, 4, 4, 10, 6, 4, 3, 3, 14, 3, 3, 3, 9, 3, 7, 3, 3, 3, 3]
y_dimensions = [3, 12, 11, 4, 4, 4, 4, 20, 3, 12, 11, 10, 3, 8, 3, 6, 5, 4, 3]
minimum_height = 73
----------
x_coordinates = [10, 18, 19, 9, 18, 14, 16, 2, 6, 7, 6, 16, 19, 13, 9, 0, 3, 20, 20]
y_coordinates = [49, 27, 54, 60, 39, 44, 64, 24, 68, 44, 57, 50, 45, 52, 64, 64, 64, 65, 69]
x_dimensions = [6, 4, 4, 10, 4, 4, 3, 20, 14, 3, 3, 3, 3, 3, 7, 3, 3, 3, 3]
y_dimensions = [3, 12, 11, 4, 6, 4, 4, 3, 3, 12, 11, 10, 9, 8, 3, 6, 5, 4, 3]
minimum_height = 72
----------
x_coordinates = [9, 18, 6, 13, 19, 6, 2, 5, 6, 10, 2, 16, 19, 13, 14, 0, 3, 0, 20]
y_coordinates = [48, 34, 57, 61, 55, 53, 45, 31, 68, 54, 50, 48, 46, 52, 65, 61, 65, 67, 68]
x_dimensions = [6, 4, 4, 10, 4, 4, 3, 3, 14, 3, 3, 3, 3, 3, 7, 3, 3, 3, 3]
y_dimensions = [3, 12, 11, 4, 6, 4, 4, 20, 3, 12, 11, 10, 9, 8, 3, 6, 5, 4, 3]
minimum_height = 71
----------
x_coordinates = [16, 17, 7, 19, 4, 0, 12, 3, 2, 11, 8, 14, 20, 11, 3, 17, 7, 15, 0]
y_coordinates = [43, 31, 62, 60, 56, 59, 66, 28, 44, 57, 51, 47, 48, 49, 63, 46, 67, 67, 67]
x_dimensions = [6, 4, 11, 4, 4, 4, 3, 20, 14, 12, 3, 3, 3, 3, 3, 3, 5, 4, 3]
y_dimensions = [3, 12, 4, 10, 6, 4, 4, 3, 3, 3, 11, 10, 9, 8, 7, 6, 3, 3, 3]
minimum_height = 70
----------
x_coordinates = [9, 18, 12, 9, 19, 2, 3, 0, 2, 6, 9, 15, 18, 6, 15, 9, 14, 17, 0]
y_coordinates = [48, 29, 55, 62, 60, 61, 65, 22, 42, 57, 51, 45, 44, 48, 66, 66, 59, 41, 65]
x_dimensions = [6, 4, 11, 10, 4, 4, 3, 3, 14, 3, 3, 3, 3, 3, 7, 6, 5, 4, 3]
y_dimensions = [3, 12, 4, 4, 6, 4, 4, 20, 3, 12, 11, 10, 9, 8, 3, 3, 3, 3, 3]
minimum_height = 69
----------
x_coordinates = [9, 18, 12, 13, 18, 8, 4, 0, 6, 11, 1, 11, 15, 8, 0, 7, 14, 19, 5]
y_coordinates = [44, 35, 60, 64, 47, 60, 61, 20, 32, 57, 54, 47, 45, 52, 65, 64, 54, 53, 52]
x_dimensions = [6, 4, 11, 10, 4, 4, 3, 20, 14, 12, 3, 3, 3, 3, 7, 6, 5, 4, 3]
y_dimensions = [3, 12, 4, 4, 6, 4, 4, 3, 3, 3, 11, 10, 9, 8, 3, 3, 3, 3, 3]
minimum_height = 68
----------
x_coordinates = [3, 18, 12, 13, 19, 3, 0, 7, 6, 0, 12, 9, 15, 10, 14, 7, 8, 16, 13]
y_coordinates = [45, 37, 58, 62, 49, 63, 63, 12, 32, 60, 35, 36, 42, 46, 55, 64, 54, 51, 52]
x_dimensions = [6, 4, 11, 10, 4, 4, 3, 3, 14, 12, 3, 3, 3, 3, 7, 6, 5, 3, 3]
y_dimensions = [3, 12, 4, 4, 6, 4, 4, 20, 3, 3, 11, 10, 9, 8, 3, 3, 3, 4, 3]
minimum_height = 67
----------
x_coordinates = [11, 18, 12, 8, 19, 13, 18, 3, 7, 7, 17, 5, 2, 20, 7, 6, 8, 16, 13]
y_coordinates = [50, 28, 62, 39, 56, 43, 40, 8, 25, 59, 44, 46, 54, 48, 56, 63, 53, 55, 53]
x_dimensions = [6, 4, 11, 10, 4, 4, 3, 20, 14, 12, 3, 3, 3, 3, 7, 6, 5, 3, 3]
y_dimensions = [3, 12, 4, 4, 6, 4, 4, 3, 3, 3, 11, 10, 9, 8, 3, 3, 3, 4, 3]
minimum_height = 66
----------
x_coordinates = [12, 17, 19, 7, 15, 18, 20, 2, 7, 3, 20, 16, 5, 0, 16, 10, 8, 6, 13]
y_coordinates = [43, 20, 51, 35, 56, 32, 36, 31, 17, 59, 40, 46, 50, 55, 62, 62, 55, 62, 53]
x_dimensions = [6, 4, 4, 10, 4, 4, 3, 3, 14, 12, 3, 3, 3, 3, 7, 6, 5, 4, 3]
y_dimensions = [3, 12, 11, 4, 6, 4, 4, 20, 3, 3, 11, 10, 9, 8, 3, 3, 3, 3, 3]
minimum_height = 65
----------
x_coordinates = [3, 18, 13, 19, 17, 15, 4, 3, 7, 4, 12, 1, 16, 20, 16, 2, 8, 5, 17]
y_coordinates = [45, 23, 53, 42, 60, 40, 41, 19, 20, 50, 39, 48, 44, 52, 37, 58, 59, 59, 57]
x_dimensions = [6, 4, 4, 4, 6, 4, 3, 3, 14, 12, 3, 3, 3, 3, 7, 3, 5, 3, 3]
y_dimensions = [3, 12, 11, 10, 4, 4, 4, 20, 3, 3, 11, 10, 9, 8, 3, 6, 3, 4, 3]
minimum_height = 64
----------
x_coordinates = [10, 19, 16, 7, 2, 12, 12, 2, 7, 1, 20, 0, 3, 20, 6, 13, 8, 16, 13]
y_coordinates = [50, 32, 49, 40, 59, 46, 42, 26, 28, 56, 44, 46, 47, 55, 53, 57, 59, 60, 54]
x_dimensions = [6, 4, 4, 4, 6, 4, 3, 3, 14, 12, 3, 3, 3, 3, 7, 3, 5, 4, 3]
y_dimensions = [3, 12, 11, 10, 4, 4, 4, 20, 3, 3, 11, 10, 9, 8, 3, 6, 3, 3, 3]
minimum_height = 63
----------
x_coordinates = [16, 18, 17, 7, 13, 14, 11, 3, 6, 9, 1, 18, 4, 20, 12, 17, 5, 10, 18]
y_coordinates = [50, 11, 26, 47, 56, 46, 49, 4, 8, 23, 49, 40, 50, 54, 53, 56, 59, 58, 37]
x_dimensions = [6, 4, 4, 4, 4, 4, 3, 3, 14, 12, 3, 3, 3, 3, 7, 3, 5, 3, 3]
y_dimensions = [3, 12, 11, 10, 6, 4, 4, 20, 3, 3, 11, 10, 9, 8, 3, 6, 3, 4, 3]
minimum_height = 62
----------
x_coordinates = [14, 18, 18, 19, 19, 15, 20, 10, 2, 11, 13, 11, 13, 20, 13, 17, 16, 13, 14]
y_coordinates = [52, 1, 28, 39, 13, 48, 49, 26, 18, 22, 36, 48, 9, 53, 25, 55, 19, 58, 55]
x_dimensions = [6, 4, 4, 4, 4, 4, 3, 3, 14, 12, 3, 3, 3, 3, 7, 3, 5, 4, 3]
y_dimensions = [3, 12, 11, 10, 6, 4, 4, 20, 3, 3, 11, 10, 9, 8, 3, 6, 3, 3, 3]
minimum_height = 61
----------
x_coordinates = [3, 5, 19, 9, 0, 16, 20, 3, 0, 6, 12, 13, 16, 19, 14, 15, 18, 17, 20]
y_coordinates = [51, 39, 41, 50, 37, 32, 34, 29, 23, 36, 39, 50, 51, 52, 26, 40, 38, 22, 23]
x_dimensions = [6, 4, 4, 4, 4, 4, 3, 20, 3, 12, 3, 3, 3, 3, 7, 3, 5, 3, 3]
y_dimensions = [3, 12, 11, 10, 6, 4, 4, 3, 14, 3, 11, 10, 9, 8, 3, 6, 3, 4, 3]
minimum_height = 60
----------
x_coordinates = [3, 19, 19, 4, 13, 0, 1, 10, 0, 5, 15, 13, 16, 15, 8, 17, 20, 10, 14]
y_coordinates = [44, 27, 39, 34, 46, 38, 56, 28, 42, 47, 25, 36, 37, 56, 55, 50, 51, 49, 52]
x_dimensions = [6, 4, 4, 4, 4, 4, 4, 3, 3, 3, 3, 3, 3, 8, 7, 3, 3, 3, 3]
y_dimensions = [3, 12, 11, 10, 6, 4, 3, 20, 14, 12, 11, 10, 9, 3, 3, 6, 5, 4, 3]
minimum_height = 59
----------
x_coordinates = [5, 19, 16, 7, 14, 4, 20, 11, 1, 8, 15, 13, 11, 16, 10, 20, 20, 17, 7]
y_coordinates = [46, 22, 36, 36, 47, 54, 43, 12, 44, 55, 17, 32, 42, 28, 51, 52, 47, 51, 51]
x_dimensions = [6, 4, 4, 4, 6, 4, 3, 3, 3, 12, 3, 3, 3, 3, 7, 3, 3, 3, 3]
y_dimensions = [3, 12, 11, 10, 4, 4, 4, 20, 14, 3, 11, 10, 9, 8, 3, 6, 5, 4, 3]
minimum_height = 58
----------
x_coordinates = [6, 19, 12, 18, 19, 19, 3, 11, 16, 11, 15, 15, 11, 8, 9, 19, 0, 3, 6]
y_coordinates = [48, 11, 40, 23, 51, 47, 49, 13, 43, 37, 13, 24, 34, 54, 51, 41, 50, 53, 51]
x_dimensions = [6, 4, 4, 4, 4, 4, 3, 3, 3, 12, 3, 3, 9, 8, 7, 3, 3, 3, 3]
y_dimensions = [3, 12, 11, 10, 6, 4, 4, 20, 14, 3, 11, 10, 3, 3, 3, 6, 5, 4, 3]
minimum_height = 57
----------
x_coordinates = [17, 13, 16, 12, 5, 4, 9, 11, 19, 11, 15, 8, 14, 9, 16, 20, 20, 2, 1]
y_coordinates = [53, 0, 42, 43, 50, 46, 49, 19, 25, 39, 28, 38, 19, 53, 22, 42, 48, 52, 49]
x_dimensions = [6, 4, 4, 4, 4, 4, 3, 3, 3, 12, 3, 3, 9, 8, 7, 3, 3, 3, 3]
y_dimensions = [3, 12, 11, 10, 6, 4, 4, 20, 14, 3, 11, 10, 3, 3, 3, 6, 5, 4, 3]
minimum_height = 56
----------
x_coordinates = [9, 0, 13, 7, 2, 9, 4, 11, 16, 11, 19, 17, 14, 15, 14, 18, 20, 6, 20]
y_coordinates = [52, 37, 41, 37, 49, 48, 45, 18, 12, 38, 15, 42, 26, 52, 35, 29, 47, 51, 44]
x_dimensions = [6, 4, 4, 4, 4, 4, 3, 3, 3, 12, 3, 3, 9, 8, 7, 3, 3, 3, 3]
y_dimensions = [3, 12, 11, 10, 6, 4, 4, 20, 14, 3, 11, 10, 3, 3, 3, 6, 5, 4, 3]
minimum_height = 55
----------
x_coordinates = [17, 19, 18, 14, 19, 15, 12, 1, 12, 9, 4, 9, 16, 10, 16, 18, 7, 20, 1]
y_coordinates = [18, 0, 43, 8, 33, 36, 33, 23, 37, 24, 42, 36, 27, 51, 21, 12, 49, 39, 51]
x_dimensions = [6, 4, 4, 4, 4, 4, 3, 3, 3, 12, 3, 3, 3, 8, 7, 3, 3, 3, 3]
y_dimensions = [3, 12, 11, 10, 6, 4, 4, 20, 14, 3, 11, 10, 9, 3, 3, 6, 5, 4, 3]
minimum_height = 54
----------
x_coordinates = [7, 19, 1, 12, 19, 15, 18, 1, 12, 11, 4, 8, 15, 10, 13, 18, 20, 18, 5]
y_coordinates = [30, 18, 48, 20, 47, 49, 39, 25, 39, 36, 29, 38, 40, 33, 30, 8, 31, 43, 42]
x_dimensions = [6, 4, 11, 4, 4, 4, 3, 3, 3, 12, 3, 3, 3, 8, 7, 3, 3, 3, 3]
y_dimensions = [3, 12, 4, 10, 6, 4, 4, 20, 14, 3, 11, 10, 9, 3, 3, 6, 5, 4, 3]
minimum_height = 53
----------
x_coordinates = [7, 7, 6, 19, 12, 16, 9, 0, 20, 11, 13, 17, 3, 15, 16, 18, 16, 6, 0]
y_coordinates = [32, 16, 48, 17, 41, 38, 40, 23, 37, 27, 30, 42, 40, 6, 30, 11, 33, 40, 43]
x_dimensions = [6, 4, 11, 4, 4, 4, 3, 3, 3, 12, 3, 3, 3, 8, 7, 3, 3, 3, 3]
y_dimensions = [3, 12, 4, 10, 6, 4, 4, 20, 14, 3, 11, 10, 9, 3, 3, 6, 5, 4, 3]
minimum_height = 52
----------
x_coordinates = [17, 19, 8, 16, 19, 18, 1, 0, 17, 5, 11, 14, 5, 9, 20, 16, 13, 8, 2]
y_coordinates = [2, 5, 47, 17, 45, 41, 40, 20, 27, 33, 36, 37, 42, 30, 32, 10, 1, 43, 46]
x_dimensions = [6, 4, 11, 4, 4, 4, 3, 3, 3, 12, 3, 3, 3, 8, 3, 3, 3, 3, 3]
y_dimensions = [3, 12, 4, 10, 6, 4, 4, 20, 14, 3, 11, 10, 9, 3, 7, 6, 5, 4, 3]
minimum_height = 51
----------
x_coordinates = [8, 19, 6, 13, 0, 16, 20, 4, 17, 2, 17, 14, 20, 9, 20, 19, 1, 10, 19]
y_coordinates = [37, 9, 46, 8, 46, 21, 23, 23, 25, 43, 39, 36, 41, 33, 34, 3, 35, 40, 0]
x_dimensions = [6, 4, 11, 4, 6, 4, 3, 3, 3, 12, 3, 3, 3, 8, 3, 3, 3, 4, 3]
y_dimensions = [3, 12, 4, 10, 4, 4, 4, 20, 14, 3, 11, 10, 9, 3, 7, 6, 5, 3, 3]
minimum_height = 50
----------
x_coordinates = [13, 19, 3, 15, 7, 3, 4, 11, 20, 14, 19, 17, 0, 13, 17, 18, 6, 6, 1]
y_coordinates = [16, 9, 44, 20, 31, 36, 31, 23, 34, 36, 21, 32, 36, 6, 42, 0, 18, 40, 31]
x_dimensions = [6, 4, 11, 4, 4, 4, 3, 3, 3, 3, 3, 3, 3, 8, 3, 3, 3, 3, 3]
y_dimensions = [3, 12, 4, 10, 6, 4, 4, 20, 14, 12, 11, 10, 9, 3, 7, 6, 5, 4, 3]
minimum_height = 49
----------
x_coordinates = [12, 11, 6, 8, 18, 18, 13, 11, 16, 18, 20, 19, 0, 15, 17, 15, 5, 3, 14]
y_coordinates = [4, 11, 44, 1, 9, 5, 7, 23, 27, 15, 37, 27, 39, 1, 41, 10, 6, 42, 41]
x_dimensions = [6, 4, 11, 4, 4, 4, 4, 3, 3, 3, 3, 3, 3, 8, 3, 3, 3, 3, 3]
y_dimensions = [3, 12, 4, 10, 6, 4, 3, 20, 14, 12, 11, 10, 9, 3, 7, 6, 5, 4, 3]
minimum_height = 48
----------
x_coordinates = [17, 19, 8, 13, 7, 16, 13, 11, 17, 20, 3, 14, 0, 11, 18, 20, 8, 13, 2]
y_coordinates = [23, 11, 11, 7, 38, 3, 3, 22, 33, 35, 44, 37, 38, 15, 26, 1, 25, 18, 6]
x_dimensions = [6, 4, 11, 10, 4, 4, 3, 3, 3, 3, 11, 3, 3, 8, 3, 3, 3, 3, 3]
y_dimensions = [3, 12, 4, 4, 6, 4, 4, 20, 14, 12, 3, 10, 9, 3, 7, 6, 5, 4, 3]
minimum_height = 47
----------
x_coordinates = [7, 0, 4, 5, 19, 1, 3, 11, 20, 19, 9, 17, 3, 13, 20, 8, 3, 8, 10]
y_coordinates = [16, 19, 19, 30, 4, 38, 42, 22, 32, 20, 43, 33, 9, 17, 10, 24, 14, 19, 4]
x_dimensions = [6, 4, 4, 4, 4, 4, 3, 3, 3, 3, 11, 3, 9, 8, 3, 3, 3, 3, 3]
y_dimensions = [3, 12, 11, 10, 6, 4, 4, 20, 14, 12, 3, 10, 3, 3, 7, 6, 5, 4, 3]
minimum_height = 46
----------
x_coordinates = [1, 15, 4, 8, 7, 19, 15, 11, 20, 14, 12, 20, 3, 15, 20, 10, 0, 12, 1]
y_coordinates = [25, 30, 30, 31, 24, 40, 42, 8, 5, 14, 33, 29, 41, 26, 19, 5, 38, 28, 31]
x_dimensions = [3, 4, 4, 4, 4, 4, 4, 3, 3, 3, 3, 3, 9, 8, 3, 6, 3, 3, 3]
y_dimensions = [6, 12, 11, 10, 6, 4, 3, 20, 14, 12, 11, 10, 3, 3, 7, 3, 5, 4, 3]
minimum_height = 45
----------
x_coordinates = [1, 18, 5, 9, 16, 19, 16, 11, 15, 20, 13, 4, 11, 16, 20, 12, 2, 19, 8]
y_coordinates = [29, 5, 33, 34, 34, 40, 40, 10, 8, 28, 33, 21, 30, 22, 17, 4, 39, 24, 28]
x_dimensions = [3, 4, 4, 4, 4, 4, 3, 3, 3, 3, 3, 3, 9, 3, 3, 3, 3, 3, 3]
y_dimensions = [6, 12, 11, 10, 6, 4, 4, 20, 14, 12, 11, 10, 3, 8, 7, 6, 5, 4, 3]
minimum_height = 44
----------
x_coordinates = [7, 19, 19, 15, 10, 16, 20, 11, 4, 14, 17, 20, 6, 16, 1, 17, 4, 8, 8]
y_coordinates = [29, 5, 32, 33, 31, 17, 18, 11, 16, 21, 21, 22, 40, 9, 29, 2, 31, 20, 26]
x_dimensions = [3, 4, 4, 4, 4, 4, 3, 3, 3, 3, 3, 3, 9, 3, 3, 6, 3, 3, 3]
y_dimensions = [6, 12, 11, 10, 6, 4, 4, 20, 14, 12, 11, 10, 3, 8, 7, 3, 5, 4, 3]
minimum_height = 43
----------
x_coordinates = [2, 16, 19, 15, 8, 19, 16, 11, 4, 12, 20, 1, 13, 17, 1, 20, 5, 8, 18]
y_coordinates = [36, 11, 28, 27, 36, 24, 23, 7, 21, 27, 13, 19, 39, 3, 29, 7, 35, 22, 0]
x_dimensions = [3, 4, 4, 4, 4, 4, 3, 3, 3, 3, 3, 3, 9, 3, 3, 3, 3, 3, 3]
y_dimensions = [6, 12, 11, 10, 6, 4, 4, 20, 14, 12, 11, 10, 3, 8, 7, 6, 5, 4, 3]
minimum_height = 42
----------
x_coordinates = [1, 16, 6, 19, 16, 12, 20, 11, 20, 3, 20, 5, 10, 17, 2, 14, 0, 0, 0]
y_coordinates = [23, 13, 30, 31, 25, 30, 27, 10, 2, 29, 16, 14, 38, 5, 15, 7, 33, 29, 38]
x_dimensions = [3, 4, 4, 4, 4, 4, 3, 3, 3, 3, 3, 3, 9, 3, 3, 3, 3, 3, 3]
y_dimensions = [6, 12, 11, 10, 6, 4, 4, 20, 14, 12, 11, 10, 3, 8, 7, 6, 5, 4, 3]
minimum_height = 41
----------
x_coordinates = [2, 16, 12, 16, 8, 1, 17, 11, 20, 5, 20, 14, 14, 20, 4, 17, 9, 1, 7]
y_coordinates = [33, 11, 29, 30, 25, 29, 26, 4, 1, 22, 29, 1, 23, 15, 10, 5, 32, 14, 37]
x_dimensions = [3, 4, 4, 4, 4, 4, 3, 3, 3, 3, 3, 3, 9, 3, 3, 3, 3, 3, 3]
y_dimensions = [6, 12, 11, 10, 6, 4, 4, 20, 14, 12, 11, 10, 3, 8, 7, 6, 5, 4, 3]
minimum_height = 40
----------
x_coordinates = [3, 16, 8, 5, 11, 15, 20, 11, 20, 2, 17, 1, 19, 20, 1, 14, 4, 7, 5]
y_coordinates = [1, 6, 35, 31, 25, 29, 26, 5, 4, 24, 18, 7, 30, 18, 17, 19, 16, 16, 35]
x_dimensions = [3, 4, 11, 10, 4, 4, 3, 3, 3, 3, 3, 3, 3, 3, 3, 3, 3, 3, 3]
y_dimensions = [6, 12, 4, 4, 6, 4, 4, 20, 14, 12, 11, 10, 9, 8, 7, 6, 5, 4, 3]
minimum_height = 39
----------
x_coordinates = [8, 17, 11, 8, 12, 19, 15, 0, 14, 9, 18, 6, 16, 3, 3, 20, 6, 12, 0]
y_coordinates = [11, 1, 34, 17, 27, 24, 21, 15, 3, 22, 13, 22, 25, 23, 31, 28, 33, 23, 35]
x_dimensions = [3, 4, 11, 10, 4, 4, 3, 3, 3, 3, 3, 3, 3, 3, 3, 3, 3, 3, 3]
y_dimensions = [6, 12, 4, 4, 6, 4, 4, 20, 14, 12, 11, 10, 9, 8, 7, 6, 5, 4, 3]
minimum_height = 38
----------
x_coordinates = [0, 1, 10, 11, 12, 19, 15, 8, 6, 9, 18, 15, 16, 3, 12, 4, 20, 5, 0]
y_coordinates = [25, 13, 33, 6, 26, 23, 20, 1, 22, 21, 12, 10, 24, 29, 19, 7, 28, 18, 34]
x_dimensions = [3, 4, 11, 10, 4, 4, 3, 3, 3, 3, 3, 3, 3, 3, 3, 3, 3, 3, 3]
y_dimensions = [6, 12, 4, 4, 6, 4, 4, 20, 14, 12, 11, 10, 9, 8, 7, 6, 5, 4, 3]
minimum_height = 37
----------
x_coordinates = [8, 3, 12, 10, 14, 19, 16, 0, 7, 11, 20, 0, 18, 0, 4, 6, 15, 17, 13]
y_coordinates = [30, 12, 13, 9, 25, 23, 21, 2, 16, 24, 12, 22, 27, 33, 26, 6, 31, 17, 6]
x_dimensions = [3, 4, 4, 10, 4, 4, 3, 3, 3, 3, 3, 3, 3, 8, 3, 3, 3, 3, 3]
y_dimensions = [6, 12, 11, 4, 6, 4, 4, 20, 14, 12, 11, 10, 9, 3, 7, 6, 5, 4, 3]
minimum_height = 36
----------
x_coordinates = [2, 5, 12, 8, 15, 2, 17, 2, 9, 14, 20, 17, 19, 8, 6, 5, 18, 20, 16]
y_coordinates = [32, 13, 22, 3, 26, 25, 17, 5, 16, 10, 7, 7, 26, 32, 25, 5, 2, 18, 32]
x_dimensions = [6, 4, 11, 10, 4, 4, 3, 3, 3, 3, 3, 3, 3, 8, 3, 3, 3, 3, 3]
y_dimensions = [3, 12, 4, 4, 6, 4, 4, 20, 14, 12, 11, 10, 9, 3, 7, 6, 5, 4, 3]
minimum_height = 35
----------
x_coordinates = [6, 6, 7, 10, 19, 5, 19, 3, 0, 13, 10, 16, 9, 12, 11, 8, 18, 20, 17]
y_coordinates = [9, 12, 30, 23, 1, 25, 18, 5, 20, 11, 12, 13, 27, 7, 0, 2, 29, 22, 10]
x_dimensions = [6, 4, 11, 10, 4, 4, 3, 3, 3, 3, 3, 3, 9, 8, 3, 3, 3, 3, 3]
y_dimensions = [3, 12, 4, 4, 6, 4, 4, 20, 14, 12, 11, 10, 3, 3, 7, 6, 5, 4, 3]
minimum_height = 34
----------
x_coordinates = [9, 12, 8, 10, 18, 3, 19, 7, 4, 16, 0, 19, 10, 1, 15, 1, 19, 20, 18]
y_coordinates = [2, 13, 9, 25, 3, 28, 29, 13, 14, 13, 22, 15, 30, 2, 1, 12, 10, 25, 0]
x_dimensions = [6, 4, 11, 10, 4, 4, 3, 3, 3, 3, 3, 3, 9, 8, 3, 3, 3, 3, 3]
y_dimensions = [3, 12, 4, 4, 6, 4, 4, 20, 14, 12, 11, 10, 3, 3, 7, 6, 5, 4, 3]
minimum_height = 33
----------
x_coordinates = [7, 3, 10, 13, 15, 13, 20, 11, 8, 16, 4, 19, 3, 1, 8, 1, 19, 17, 19]
y_coordinates = [26, 3, 0, 24, 5, 28, 28, 4, 12, 11, 18, 14, 29, 15, 5, 23, 9, 28, 6]
x_dimensions = [6, 4, 11, 10, 4, 4, 3, 3, 3, 3, 3, 3, 9, 3, 3, 3, 3, 3, 3]
y_dimensions = [3, 12, 4, 4, 6, 4, 4, 20, 14, 12, 11, 10, 3, 8, 7, 6, 5, 4, 3]
minimum_height = 32
----------
x_coordinates = [10, 0, 12, 13, 16, 3, 10, 4, 7, 17, 0, 20, 10, 11, 14, 2, 20, 20, 19]
y_coordinates = [13, 8, 1, 27, 9, 27, 26, 7, 16, 15, 20, 17, 6, 18, 16, 1, 12, 8, 5]
x_dimensions = [6, 4, 11, 10, 4, 4, 3, 3, 3, 3, 3, 3, 9, 3, 3, 3, 3, 3, 3]
y_dimensions = [3, 12, 4, 4, 6, 4, 4, 20, 14, 12, 11, 10, 3, 8, 7, 6, 5, 4, 3]
minimum_height = 31
----------
x_coordinates = [2, 8, 12, 15, 19, 3, 0, 5, 12, 20, 6, 2, 7, 4, 17, 9, 17, 19, 19]
y_coordinates = [9, 11, 14, 2, 8, 26, 26, 3, 0, 18, 23, 16, 27, 0, 18, 4, 25, 1, 5]
x_dimensions = [3, 4, 11, 4, 4, 4, 3, 3, 3, 3, 11, 3, 9, 8, 3, 3, 3, 3, 3]
y_dimensions = [6, 12, 4, 10, 6, 4, 4, 20, 14, 12, 3, 10, 3, 3, 7, 6, 5, 4, 3]
minimum_height = 30
----------
x_coordinates = [2, 9, 8, 16, 16, 1, 2, 5, 13, 19, 8, 2, 1, 8, 20, 10, 20, 20, 16]
y_coordinates = [26, 9, 21, 1, 11, 8, 22, 6, 5, 17, 25, 12, 3, 0, 5, 3, 12, 1, 18]
x_dimensions = [6, 4, 11, 4, 4, 4, 3, 3, 3, 3, 11, 3, 9, 8, 3, 3, 3, 3, 3]
y_dimensions = [3, 12, 4, 10, 6, 4, 4, 20, 14, 12, 3, 10, 3, 3, 7, 6, 5, 4, 3]
minimum_height = 29
----------
x_coordinates = [0, 9, 9, 16, 19, 2, 0, 6, 13, 20, 5, 3, 0, 10, 18, 10, 16, 0, 15]
y_coordinates = [12, 10, 0, 4, 15, 8, 24, 5, 4, 3, 25, 15, 2, 22, 21, 4, 14, 18, 19]
x_dimensions = [6, 4, 11, 4, 4, 4, 3, 3, 3, 3, 11, 3, 9, 8, 3, 3, 3, 3, 3]
y_dimensions = [3, 12, 4, 10, 6, 4, 4, 20, 14, 12, 3, 10, 3, 3, 7, 6, 5, 4, 3]
minimum_height = 28
----------
x_coordinates = [10, 9, 8, 16, 19, 2, 2, 6, 13, 20, 7, 0, 9, 0, 18, 3, 16, 2, 3]
y_coordinates = [6, 11, 23, 8, 19, 6, 20, 3, 9, 7, 0, 10, 3, 24, 0, 11, 18, 2, 17]
x_dimensions = [6, 4, 11, 4, 4, 4, 3, 3, 3, 3, 11, 3, 9, 8, 3, 3, 3, 3, 3]
y_dimensions = [3, 12, 4, 10, 6, 4, 4, 20, 14, 12, 3, 10, 3, 3, 7, 6, 5, 4, 3]
minimum_height = 27
----------
x_coordinates = [4, 16, 5, 3, 1, 13, 16, 10, 0, 7, 17, 13, 1, 2, 20, 20, 20, 20, 14]
y_coordinates = [7, 11, 22, 10, 20, 4, 23, 2, 6, 10, 0, 12, 3, 0, 19, 7, 14, 1, 8]
x_dimensions = [6, 4, 11, 4, 4, 4, 4, 3, 3, 3, 3, 3, 9, 8, 3, 3, 3, 3, 3]
y_dimensions = [3, 12, 4, 10, 6, 4, 3, 20, 14, 12, 11, 10, 3, 3, 7, 6, 5, 4, 3]
minimum_height = 26
----------
x_coordinates = [3, 19, 12, 8, 14, 1, 1, 3, 6, 11, 16, 0, 5, 6, 1, 20, 0, 4, 8]
y_coordinates = [7, 13, 14, 14, 6, 18, 15, 3, 10, 0, 14, 5, 13, 7, 22, 7, 0, 0, 0]
x_dimensions = [3, 4, 4, 4, 6, 4, 4, 20, 14, 12, 3, 3, 3, 8, 7, 3, 3, 4, 3]
y_dimensions = [6, 12, 11, 10, 4, 4, 3, 3, 3, 3, 11, 10, 9, 3, 3, 6, 5, 3, 3]
minimum_height = 25
----------
x_coordinates = [11, 11, 0, 0, 4, 4, 17, 8, 14, 17, 11, 20, 20, 0, 5, 14, 2, 10, 14]
y_coordinates = [4, 0, 3, 20, 7, 3, 8, 0, 10, 12, 10, 5, 15, 0, 13, 4, 14, 21, 7]
x_dimensions = [3, 12, 4, 10, 4, 4, 3, 3, 3, 3, 3, 3, 3, 8, 3, 6, 3, 4, 3]
y_dimensions = [6, 4, 11, 4, 6, 4, 4, 20, 14, 12, 11, 10, 9, 3, 7, 3, 5, 3, 3]
minimum_height = 24
----------
x_coordinates = [10, 11, 0, 19, 6, 6, 10, 3, 6, 0, 0, 3, 10, 12, 16, 20, 0, 13, 3]
y_coordinates = [20, 0, 0, 13, 13, 19, 16, 10, 7, 4, 7, 13, 13, 4, 16, 4, 18, 16, 7]
x_dimensions = [6, 12, 11, 4, 4, 4, 3, 20, 14, 12, 3, 3, 9, 8, 3, 3, 3, 3, 3]
y_dimensions = [3, 4, 4, 10, 6, 4, 4, 3, 3, 3, 11, 10, 3, 3, 7, 6, 5, 4, 3]
minimum_height = 23
----------
==========
%%%mzn-stat: nodes=206042
%%%mzn-stat: failures=85076
%%%mzn-stat: restarts=1958
%%%mzn-stat: variables=8856
%%%mzn-stat: intVars=78
%%%mzn-stat: boolVariables=8776
%%%mzn-stat: propagators=1409
%%%mzn-stat: propagations=39317289
%%%mzn-stat: peakDepth=181
%%%mzn-stat: nogoods=85076
%%%mzn-stat: backjumps=60010
%%%mzn-stat: peakMem=0.00
%%%mzn-stat: time=15.785
%%%mzn-stat: initTime=0.020
%%%mzn-stat: solveTime=15.765
%%%mzn-stat: objective=23
%%%mzn-stat: optTime=15.765
%%%mzn-stat: baseMem=0.00
%%%mzn-stat: trailMem=0.02
%%%mzn-stat: randomSeed=1657541171
