x_coordinates = [11, 4, 2, 16, 14, 21, 0, 20, 7, 12, 11, 18, 21, 15, 11, 6, 17, 21]
y_coordinates = [82, 10, 159, 82, 159, 34, 163, 145, 133, 10, 130, 136, 135, 144, 166, 166, 166, 166]
x_dimensions = [5, 8, 12, 5, 4, 3, 24, 3, 14, 12, 10, 3, 3, 3, 6, 5, 4, 3]
y_dimensions = [16, 5, 4, 4, 4, 4, 3, 18, 3, 3, 3, 9, 8, 7, 3, 3, 3, 3]
minimum_height = 169
----------
x_coordinates = [8, 6, 9, 10, 5, 20, 0, 21, 4, 14, 14, 15, 18, 17, 0, 6, 11, 18]
y_coordinates = [71, 23, 152, 87, 150, 147, 129, 150, 156, 17, 88, 159, 157, 78, 165, 165, 165, 165]
x_dimensions = [16, 8, 12, 4, 4, 4, 24, 3, 14, 3, 10, 3, 3, 3, 6, 5, 4, 3]
y_dimensions = [5, 5, 4, 5, 4, 3, 3, 18, 3, 12, 3, 9, 8, 7, 3, 3, 3, 3]
minimum_height = 168
----------
x_coordinates = [1, 3, 9, 0, 13, 20, 1, 21, 4, 12, 11, 15, 18, 17, 10, 16, 4, 17]
y_coordinates = [80, 22, 155, 85, 163, 164, 142, 146, 151, 17, 145, 154, 153, 79, 148, 148, 148, 164]
x_dimensions = [16, 8, 4, 4, 4, 4, 3, 3, 14, 12, 10, 3, 3, 7, 6, 5, 4, 3]
y_dimensions = [5, 5, 12, 5, 4, 3, 24, 18, 3, 3, 3, 9, 8, 3, 3, 3, 3, 3]
minimum_height = 167
----------
x_coordinates = [3, 3, 17, 3, 17, 3, 18, 0, 4, 17, 8, 21, 1, 21, 12, 1, 5, 20]
y_coordinates = [40, 68, 130, 64, 107, 141, 142, 148, 157, 13, 163, 157, 151, 143, 160, 159, 162, 127]
x_dimensions = [16, 8, 4, 5, 4, 4, 3, 18, 14, 3, 10, 3, 3, 3, 6, 3, 3, 3]
y_dimensions = [5, 5, 12, 4, 4, 3, 24, 3, 3, 12, 3, 9, 8, 7, 3, 5, 4, 3]
minimum_height = 166
----------
x_coordinates = [4, 5, 20, 2, 17, 21, 0, 2, 6, 5, 4, 3, 1, 21, 14, 0, 10, 21]
y_coordinates = [78, 137, 153, 71, 134, 139, 143, 125, 159, 150, 153, 156, 147, 146, 155, 155, 156, 136]
x_dimensions = [16, 8, 4, 5, 4, 3, 24, 3, 14, 12, 10, 3, 3, 3, 6, 3, 4, 3]
y_dimensions = [5, 5, 12, 4, 4, 4, 3, 18, 3, 3, 3, 9, 8, 7, 3, 5, 3, 3]
minimum_height = 165
----------
x_coordinates = [4, 10, 19, 15, 20, 0, 0, 6, 10, 14, 14, 1, 5, 21, 11, 3, 8, 21]
y_coordinates = [21, 134, 133, 140, 64, 153, 145, 161, 158, 120, 155, 156, 148, 148, 152, 159, 152, 130]
x_dimensions = [16, 5, 4, 4, 4, 4, 24, 18, 14, 3, 10, 9, 3, 3, 3, 3, 3, 3]
y_dimensions = [5, 8, 12, 5, 4, 3, 3, 3, 3, 12, 3, 3, 8, 7, 6, 5, 4, 3]
minimum_height = 164
----------
x_coordinates = [5, 19, 14, 19, 17, 17, 0, 18, 4, 12, 14, 0, 1, 17, 12, 9, 21, 21]
y_coordinates = [33, 115, 139, 64, 125, 136, 160, 139, 151, 95, 157, 156, 148, 129, 154, 155, 153, 128]
x_dimensions = [16, 5, 4, 4, 4, 4, 24, 3, 14, 12, 10, 9, 3, 3, 6, 3, 3, 3]
y_dimensions = [5, 8, 12, 5, 4, 3, 3, 18, 3, 3, 3, 3, 8, 7, 3, 5, 4, 3]
minimum_height = 163
----------
x_coordinates = [6, 11, 11, 18, 14, 17, 0, 21, 3, 12, 2, 11, 18, 15, 15, 12, 7, 9]
y_coordinates = [52, 121, 136, 96, 129, 153, 159, 141, 153, 133, 149, 156, 142, 143, 150, 148, 156, 132]
x_dimensions = [16, 8, 4, 5, 4, 4, 24, 3, 14, 12, 10, 9, 3, 3, 6, 3, 4, 3]
y_dimensions = [5, 5, 12, 4, 4, 3, 3, 18, 3, 3, 3, 3, 8, 7, 3, 5, 3, 3]
minimum_height = 162
----------
x_coordinates = [8, 3, 15, 11, 17, 20, 10, 21, 7, 10, 1, 11, 18, 20, 15, 10, 6, 19]
y_coordinates = [6, 103, 127, 81, 139, 158, 127, 140, 151, 113, 158, 157, 143, 132, 154, 154, 154, 128]
x_dimensions = [16, 8, 4, 4, 4, 4, 3, 3, 14, 3, 10, 9, 3, 3, 6, 5, 3, 3]
y_dimensions = [5, 5, 12, 5, 4, 3, 24, 18, 3, 12, 3, 3, 8, 7, 3, 3, 4, 3]
minimum_height = 161
----------
x_coordinates = [3, 0, 20, 14, 14, 0, 8, 21, 4, 7, 14, 6, 12, 11, 15, 18, 15, 18]
y_coordinates = [69, 145, 130, 93, 141, 152, 129, 142, 153, 112, 127, 157, 145, 138, 150, 155, 156, 144]
x_dimensions = [16, 8, 4, 5, 4, 4, 3, 3, 14, 3, 10, 9, 3, 3, 6, 3, 3, 3]
y_dimensions = [5, 5, 12, 4, 4, 3, 24, 18, 3, 12, 3, 3, 8, 7, 3, 5, 4, 3]
minimum_height = 160
----------
x_coordinates = [5, 7, 17, 20, 17, 2, 14, 0, 3, 11, 14, 7, 20, 21, 15, 17, 4, 14]
y_coordinates = [75, 143, 132, 102, 144, 120, 121, 141, 152, 91, 118, 156, 151, 143, 148, 154, 155, 145]
x_dimensions = [16, 5, 4, 4, 4, 4, 3, 3, 14, 12, 10, 9, 3, 3, 6, 3, 3, 3]
y_dimensions = [5, 8, 12, 5, 4, 3, 24, 18, 3, 3, 3, 3, 8, 7, 3, 5, 4, 3]
minimum_height = 159
----------
x_coordinates = [8, 3, 20, 14, 17, 5, 0, 11, 7, 5, 9, 14, 4, 21, 15, 10, 7, 21]
y_coordinates = [78, 128, 132, 137, 147, 140, 144, 123, 151, 82, 141, 129, 150, 150, 155, 155, 154, 147]
x_dimensions = [16, 8, 4, 5, 4, 4, 24, 3, 14, 3, 10, 9, 3, 3, 6, 5, 3, 3]
y_dimensions = [5, 5, 12, 4, 4, 3, 3, 18, 3, 12, 3, 3, 8, 7, 3, 3, 4, 3]
minimum_height = 158
----------
x_coordinates = [8, 7, 13, 17, 9, 17, 21, 20, 4, 5, 11, 15, 1, 18, 12, 7, 4, 18]
y_coordinates = [77, 113, 139, 105, 147, 102, 133, 115, 151, 79, 109, 112, 149, 150, 154, 154, 114, 147]
x_dimensions = [16, 8, 4, 5, 4, 4, 3, 3, 14, 3, 10, 9, 3, 3, 6, 5, 3, 3]
y_dimensions = [5, 5, 12, 4, 4, 3, 24, 18, 3, 12, 3, 3, 8, 7, 3, 3, 4, 3]
minimum_height = 157
----------
x_coordinates = [3, 8, 13, 16, 8, 2, 0, 6, 10, 1, 9, 9, 4, 18, 17, 7, 20, 21]
y_coordinates = [77, 86, 141, 20, 149, 137, 153, 122, 138, 115, 132, 135, 144, 146, 143, 140, 134, 150]
x_dimensions = [16, 8, 4, 5, 4, 4, 24, 3, 14, 3, 10, 9, 3, 3, 6, 3, 3, 3]
y_dimensions = [5, 5, 12, 4, 4, 3, 3, 18, 3, 12, 3, 3, 8, 7, 3, 5, 4, 3]
minimum_height = 156
----------
x_coordinates = [4, 3, 14, 8, 6, 7, 0, 11, 8, 20, 0, 18, 9, 21, 5, 4, 10, 18]
y_coordinates = [76, 129, 137, 41, 145, 134, 149, 126, 122, 79, 142, 136, 152, 142, 139, 152, 144, 146]
x_dimensions = [16, 8, 4, 4, 4, 4, 24, 3, 14, 3, 10, 3, 8, 3, 6, 5, 3, 3]
y_dimensions = [5, 5, 12, 5, 4, 3, 3, 18, 3, 12, 3, 9, 3, 7, 3, 3, 4, 3]
minimum_height = 155
----------
x_coordinates = [11, 16, 10, 13, 16, 5, 14, 12, 7, 16, 2, 15, 21, 19, 6, 11, 1, 18]
y_coordinates = [76, 94, 124, 102, 150, 141, 112, 136, 106, 79, 151, 147, 105, 135, 148, 109, 148, 103]
x_dimensions = [5, 5, 4, 5, 4, 4, 3, 3, 14, 3, 10, 9, 3, 3, 6, 5, 4, 3]
y_dimensions = [16, 8, 12, 4, 4, 3, 24, 18, 3, 12, 3, 3, 8, 7, 3, 3, 3, 3]
minimum_height = 154
----------
x_coordinates = [7, 19, 20, 15, 8, 16, 15, 18, 6, 20, 11, 12, 21, 2, 2, 18, 21, 21]
y_coordinates = [75, 107, 115, 114, 149, 123, 126, 132, 120, 85, 104, 150, 128, 122, 150, 127, 149, 104]
x_dimensions = [5, 5, 4, 4, 4, 4, 3, 3, 14, 3, 10, 9, 3, 3, 6, 3, 3, 3]
y_dimensions = [16, 8, 12, 5, 4, 3, 24, 18, 3, 12, 3, 3, 8, 7, 3, 5, 4, 3]
minimum_height = 153
----------
x_coordinates = [7, 14, 19, 20, 14, 16, 17, 19, 5, 5, 14, 15, 14, 3, 9, 16, 6, 19]
y_coordinates = [75, 99, 91, 106, 136, 38, 107, 134, 96, 85, 88, 131, 123, 130, 133, 147, 133, 103]
x_dimensions = [16, 5, 4, 4, 4, 4, 3, 3, 14, 12, 10, 9, 3, 3, 6, 3, 3, 3]
y_dimensions = [5, 8, 12, 5, 4, 3, 24, 18, 3, 3, 3, 3, 8, 7, 3, 5, 4, 3]
minimum_height = 152
----------
x_coordinates = [2, 16, 20, 12, 16, 6, 19, 13, 6, 9, 21, 20, 4, 7, 4, 16, 10, 20]
y_coordinates = [73, 110, 92, 117, 144, 132, 118, 133, 103, 107, 108, 142, 135, 141, 143, 139, 141, 104]
x_dimensions = [16, 5, 4, 4, 4, 4, 3, 3, 14, 12, 3, 3, 3, 3, 3, 3, 3, 3]
y_dimensions = [5, 8, 12, 5, 4, 3, 24, 18, 3, 3, 10, 9, 8, 7, 6, 5, 4, 3]
minimum_height = 151
----------
x_coordinates = [11, 1, 20, 14, 20, 6, 19, 14, 6, 12, 9, 17, 4, 11, 11, 21, 7, 6]
y_coordinates = [73, 115, 102, 122, 141, 135, 117, 132, 110, 114, 113, 141, 140, 135, 142, 145, 140, 113]
x_dimensions = [5, 5, 4, 5, 4, 4, 3, 3, 14, 12, 3, 3, 3, 3, 3, 3, 4, 3]
y_dimensions = [16, 8, 12, 4, 4, 3, 24, 18, 3, 3, 10, 9, 8, 7, 6, 5, 3, 3]
minimum_height = 150
----------
x_coordinates = [8, 14, 12, 10, 20, 7, 19, 16, 7, 9, 13, 17, 5, 21, 8, 14, 11, 18]
y_coordinates = [40, 131, 119, 133, 142, 111, 116, 113, 103, 106, 109, 140, 138, 105, 142, 139, 139, 110]
x_dimensions = [16, 5, 4, 4, 4, 4, 3, 3, 14, 12, 3, 3, 3, 3, 3, 3, 3, 3]
y_dimensions = [5, 8, 12, 5, 4, 3, 24, 18, 3, 3, 10, 9, 8, 7, 6, 5, 4, 3]
minimum_height = 149
----------
x_coordinates = [6, 11, 20, 12, 20, 6, 19, 16, 7, 8, 16, 17, 5, 4, 14, 11, 8, 15]
y_coordinates = [65, 120, 103, 133, 141, 133, 115, 121, 114, 108, 111, 139, 137, 110, 141, 138, 138, 104]
x_dimensions = [16, 5, 4, 4, 4, 4, 3, 3, 3, 12, 3, 3, 3, 3, 3, 3, 3, 3]
y_dimensions = [5, 8, 12, 5, 4, 3, 24, 18, 14, 3, 10, 9, 8, 7, 6, 5, 4, 3]
minimum_height = 148
----------
x_coordinates = [7, 15, 20, 16, 14, 20, 12, 21, 9, 12, 18, 11, 2, 4, 5, 19, 8, 17]
y_coordinates = [22, 123, 112, 118, 140, 106, 114, 124, 108, 109, 132, 138, 137, 111, 140, 142, 137, 115]
x_dimensions = [16, 5, 4, 4, 4, 4, 3, 3, 3, 12, 3, 3, 3, 3, 3, 3, 3, 3]
y_dimensions = [5, 8, 12, 5, 4, 3, 24, 18, 14, 3, 10, 9, 8, 7, 6, 5, 4, 3]
minimum_height = 147
----------
x_coordinates = [8, 17, 8, 14, 14, 12, 17, 21, 13, 12, 20, 18, 5, 5, 11, 11, 8, 19]
y_coordinates = [22, 98, 112, 106, 139, 117, 113, 123, 120, 110, 113, 137, 133, 112, 134, 140, 136, 107]
x_dimensions = [5, 5, 4, 5, 4, 4, 3, 3, 3, 12, 3, 3, 3, 3, 3, 3, 3, 3]
y_dimensions = [16, 8, 12, 4, 4, 3, 24, 18, 14, 3, 10, 9, 8, 7, 6, 5, 4, 3]
minimum_height = 146
----------
x_coordinates = [6, 15, 11, 19, 20, 15, 21, 19, 15, 7, 18, 18, 2, 4, 5, 12, 8, 4]
y_coordinates = [48, 137, 116, 94, 141, 115, 117, 99, 123, 112, 118, 128, 135, 114, 136, 140, 140, 127]
x_dimensions = [16, 5, 4, 5, 4, 4, 3, 3, 3, 12, 3, 3, 3, 3, 3, 3, 4, 3]
y_dimensions = [5, 8, 12, 4, 4, 3, 24, 18, 14, 3, 10, 9, 8, 7, 6, 5, 3, 3]
minimum_height = 145
----------
x_coordinates = [8, 16, 14, 17, 20, 5, 18, 9, 6, 11, 12, 21, 15, 8, 3, 12, 1, 14]
y_coordinates = [29, 139, 114, 104, 111, 138, 115, 125, 124, 108, 134, 130, 131, 110, 132, 129, 138, 126]
x_dimensions = [5, 8, 4, 5, 4, 4, 3, 3, 3, 12, 3, 3, 3, 3, 3, 3, 4, 3]
y_dimensions = [16, 5, 12, 4, 4, 3, 24, 18, 14, 3, 10, 9, 8, 7, 6, 5, 3, 3]
minimum_height = 144
----------
x_coordinates = [2, 16, 14, 17, 18, 17, 18, 9, 15, 11, 12, 21, 21, 8, 3, 15, 6, 0]
y_coordinates = [46, 138, 95, 107, 103, 92, 114, 125, 124, 111, 128, 129, 121, 113, 137, 119, 137, 137]
x_dimensions = [16, 8, 4, 5, 4, 4, 3, 3, 3, 12, 3, 3, 3, 3, 3, 3, 3, 3]
y_dimensions = [5, 5, 12, 4, 4, 3, 24, 18, 14, 3, 10, 9, 8, 7, 6, 5, 4, 3]
minimum_height = 143
----------
x_coordinates = [5, 17, 14, 7, 20, 16, 18, 19, 15, 12, 12, 21, 21, 4, 5, 6, 8, 2]
y_coordinates = [36, 102, 113, 112, 138, 139, 114, 84, 125, 110, 128, 129, 121, 112, 136, 124, 137, 137]
x_dimensions = [16, 5, 4, 5, 4, 4, 3, 3, 3, 12, 3, 3, 3, 3, 3, 5, 4, 3]
y_dimensions = [5, 8, 12, 4, 4, 3, 24, 18, 14, 3, 10, 9, 8, 7, 6, 3, 3, 3]
minimum_height = 142
----------
x_coordinates = [5, 19, 17, 12, 19, 16, 21, 19, 14, 7, 11, 18, 16, 16, 3, 16, 7, 8]
y_coordinates = [65, 103, 120, 123, 112, 117, 116, 85, 127, 101, 130, 132, 109, 94, 135, 104, 138, 131]
x_dimensions = [16, 5, 4, 5, 4, 4, 3, 3, 3, 12, 3, 3, 3, 3, 3, 3, 4, 3]
y_dimensions = [5, 8, 12, 4, 4, 3, 24, 18, 14, 3, 10, 9, 8, 7, 6, 5, 3, 3]
minimum_height = 141
----------
x_coordinates = [1, 19, 20, 5, 10, 15, 21, 2, 14, 9, 11, 2, 17, 19, 5, 18, 1, 4]
y_coordinates = [6, 120, 128, 127, 126, 119, 96, 113, 126, 111, 130, 137, 130, 89, 134, 114, 134, 131]
x_dimensions = [16, 5, 4, 5, 4, 4, 3, 3, 3, 12, 3, 9, 3, 3, 6, 3, 4, 3]
y_dimensions = [5, 8, 12, 4, 4, 3, 24, 18, 14, 3, 10, 3, 8, 7, 3, 5, 3, 3]
minimum_height = 140
----------
x_coordinates = [0, 1, 1, 19, 2, 17, 21, 13, 16, 9, 14, 5, 20, 6, 4, 15, 0, 21]
y_coordinates = [49, 121, 129, 131, 116, 118, 99, 117, 121, 114, 135, 136, 123, 116, 133, 109, 134, 67]
x_dimensions = [16, 5, 12, 5, 4, 4, 3, 3, 3, 12, 10, 9, 3, 3, 6, 3, 4, 3]
y_dimensions = [5, 8, 4, 4, 4, 3, 24, 18, 14, 3, 3, 3, 8, 7, 3, 5, 3, 3]
minimum_height = 139
----------
x_coordinates = [2, 16, 4, 16, 0, 18, 20, 20, 21, 8, 14, 5, 20, 20, 1, 20, 17, 20]
y_coordinates = [51, 120, 130, 128, 127, 117, 78, 52, 121, 108, 135, 134, 109, 102, 132, 70, 132, 75]
x_dimensions = [16, 5, 12, 5, 4, 4, 3, 3, 3, 12, 10, 9, 3, 3, 3, 3, 4, 3]
y_dimensions = [5, 8, 4, 4, 4, 3, 24, 18, 14, 3, 3, 3, 8, 7, 6, 5, 3, 3]
minimum_height = 138
----------
x_coordinates = [2, 16, 2, 13, 17, 20, 21, 20, 18, 9, 14, 7, 21, 21, 14, 19, 20, 17]
y_coordinates = [63, 122, 132, 96, 115, 71, 97, 79, 57, 119, 134, 128, 63, 121, 131, 74, 130, 86]
x_dimensions = [16, 5, 12, 5, 4, 4, 3, 3, 3, 12, 10, 9, 3, 3, 6, 3, 4, 3]
y_dimensions = [5, 8, 4, 4, 4, 3, 24, 18, 14, 3, 3, 3, 8, 7, 3, 5, 3, 3]
minimum_height = 137
----------
x_coordinates = [8, 16, 1, 16, 8, 20, 21, 21, 18, 9, 14, 1, 20, 6, 13, 18, 10, 15]
y_coordinates = [48, 120, 129, 128, 125, 87, 108, 90, 103, 117, 132, 133, 79, 116, 126, 98, 133, 102]
x_dimensions = [16, 5, 12, 5, 4, 4, 3, 3, 3, 12, 10, 9, 3, 3, 3, 3, 4, 3]
y_dimensions = [5, 8, 4, 4, 4, 3, 24, 18, 14, 3, 3, 3, 8, 7, 6, 5, 3, 3]
minimum_height = 136
----------
x_coordinates = [0, 4, 2, 13, 11, 8, 1, 20, 18, 12, 14, 4, 20, 9, 21, 17, 13, 5]
y_coordinates = [47, 120, 131, 96, 124, 114, 107, 97, 118, 115, 132, 128, 89, 117, 126, 110, 128, 114]
x_dimensions = [16, 5, 12, 5, 4, 4, 3, 3, 3, 12, 10, 9, 3, 3, 3, 3, 4, 3]
y_dimensions = [5, 8, 4, 4, 4, 3, 24, 18, 14, 3, 3, 3, 8, 7, 6, 5, 3, 3]
minimum_height = 135
----------
x_coordinates = [5, 14, 12, 16, 12, 13, 21, 20, 7, 8, 2, 5, 20, 19, 6, 18, 2, 20]
y_coordinates = [7, 77, 130, 126, 126, 120, 106, 88, 123, 105, 131, 77, 70, 81, 128, 116, 128, 78]
x_dimensions = [16, 5, 12, 5, 4, 4, 3, 3, 14, 12, 10, 9, 3, 3, 6, 3, 4, 3]
y_dimensions = [5, 8, 4, 4, 4, 3, 24, 18, 3, 3, 3, 3, 8, 7, 3, 5, 3, 3]
minimum_height = 134
----------
x_coordinates = [2, 13, 9, 15, 14, 14, 18, 20, 21, 6, 20, 0, 20, 3, 21, 21, 4, 20]
y_coordinates = [45, 110, 129, 86, 125, 121, 105, 87, 108, 104, 66, 127, 79, 104, 127, 122, 130, 76]
x_dimensions = [16, 5, 12, 5, 4, 4, 3, 3, 3, 12, 3, 9, 3, 3, 3, 3, 4, 3]
y_dimensions = [5, 8, 4, 4, 4, 3, 24, 18, 14, 3, 10, 3, 8, 7, 6, 5, 3, 3]
minimum_height = 133
----------
x_coordinates = [3, 19, 12, 19, 20, 16, 4, 4, 21, 7, 18, 15, 20, 18, 18, 20, 14, 18]
y_coordinates = [3, 73, 92, 106, 69, 114, 108, 90, 115, 107, 119, 96, 81, 99, 129, 110, 128, 89]
x_dimensions = [16, 5, 12, 5, 4, 4, 3, 3, 3, 12, 3, 9, 3, 3, 6, 3, 4, 3]
y_dimensions = [5, 8, 4, 4, 4, 3, 24, 18, 14, 3, 10, 3, 8, 7, 3, 5, 3, 3]
minimum_height = 132
----------
x_coordinates = [8, 11, 20, 20, 19, 20, 1, 4, 16, 8, 17, 10, 7, 19, 11, 14, 7, 17]
y_coordinates = [39, 100, 105, 117, 101, 123, 107, 107, 98, 118, 121, 112, 110, 94, 128, 121, 128, 115]
x_dimensions = [16, 5, 4, 4, 4, 4, 3, 3, 3, 12, 3, 9, 3, 3, 6, 3, 4, 3]
y_dimensions = [5, 8, 12, 5, 4, 3, 24, 18, 14, 3, 10, 3, 8, 7, 3, 5, 3, 3]
minimum_height = 131
----------
x_coordinates = [2, 14, 16, 7, 19, 10, 2, 6, 21, 12, 3, 13, 9, 10, 11, 19, 12, 0]
y_coordinates = [40, 104, 112, 125, 106, 105, 96, 107, 110, 124, 120, 112, 117, 109, 127, 101, 121, 123]
x_dimensions = [16, 5, 4, 4, 4, 4, 3, 3, 3, 12, 3, 3, 3, 3, 6, 3, 4, 3]
y_dimensions = [5, 8, 12, 5, 4, 3, 24, 18, 14, 3, 10, 9, 8, 7, 3, 5, 3, 3]
minimum_height = 130
----------
x_coordinates = [6, 13, 17, 9, 7, 16, 18, 21, 21, 13, 21, 14, 11, 4, 16, 20, 12, 21]
y_coordinates = [25, 104, 114, 98, 111, 80, 90, 81, 99, 92, 116, 112, 112, 111, 126, 76, 125, 113]
x_dimensions = [16, 5, 4, 4, 4, 4, 3, 3, 3, 3, 3, 3, 3, 3, 6, 3, 4, 3]
y_dimensions = [5, 8, 12, 5, 4, 3, 24, 18, 14, 12, 10, 9, 8, 7, 3, 5, 3, 3]
minimum_height = 129
----------
x_coordinates = [7, 16, 17, 13, 20, 20, 15, 18, 21, 19, 21, 14, 11, 17, 16, 19, 12, 8]
y_coordinates = [17, 63, 116, 88, 74, 71, 92, 98, 104, 86, 118, 119, 119, 71, 83, 78, 85, 117]
x_dimensions = [16, 5, 4, 5, 4, 4, 3, 3, 3, 3, 3, 3, 3, 3, 6, 3, 4, 3]
y_dimensions = [5, 8, 12, 4, 4, 3, 24, 18, 14, 12, 10, 9, 8, 7, 3, 5, 3, 3]
minimum_height = 128
----------
x_coordinates = [3, 19, 20, 16, 20, 7, 17, 19, 1, 4, 21, 14, 11, 3, 16, 9, 13, 3]
y_coordinates = [51, 67, 115, 122, 101, 121, 98, 77, 110, 112, 105, 113, 119, 99, 95, 116, 92, 124]
x_dimensions = [16, 5, 4, 4, 4, 4, 3, 3, 3, 3, 3, 3, 3, 3, 6, 5, 4, 3]
y_dimensions = [5, 8, 12, 5, 4, 3, 24, 18, 14, 12, 10, 9, 8, 7, 3, 3, 3, 3]
minimum_height = 127
----------
x_coordinates = [7, 19, 20, 20, 20, 20, 17, 19, 9, 6, 19, 14, 12, 8, 16, 11, 20, 10]
y_coordinates = [57, 26, 103, 115, 99, 120, 99, 68, 112, 114, 89, 114, 123, 99, 86, 109, 123, 106]
x_dimensions = [16, 5, 4, 4, 4, 4, 3, 3, 3, 3, 3, 3, 8, 3, 6, 5, 4, 3]
y_dimensions = [5, 8, 12, 5, 4, 3, 24, 18, 14, 12, 10, 9, 3, 7, 3, 3, 3, 3]
minimum_height = 126
----------
x_coordinates = [7, 14, 20, 18, 18, 8, 18, 19, 21, 21, 18, 15, 12, 14, 17, 10, 21, 12]
y_coordinates = [13, 51, 113, 75, 71, 120, 79, 39, 57, 101, 103, 112, 122, 74, 36, 117, 97, 114]
x_dimensions = [16, 5, 4, 5, 4, 4, 3, 3, 3, 3, 3, 3, 8, 3, 6, 5, 3, 3]
y_dimensions = [5, 8, 12, 4, 4, 3, 24, 18, 14, 12, 10, 9, 3, 7, 3, 3, 4, 3]
minimum_height = 125
----------
x_coordinates = [4, 19, 20, 18, 20, 15, 10, 21, 21, 16, 19, 17, 13, 15, 18, 18, 13, 21]
y_coordinates = [18, 48, 109, 95, 56, 75, 94, 60, 81, 103, 99, 115, 108, 55, 45, 78, 121, 121]
x_dimensions = [16, 5, 4, 5, 4, 4, 3, 3, 3, 3, 3, 3, 3, 3, 6, 5, 4, 3]
y_dimensions = [5, 8, 12, 4, 4, 3, 24, 18, 14, 12, 10, 9, 8, 7, 3, 3, 3, 3]
minimum_height = 124
----------
x_coordinates = [8, 13, 20, 19, 17, 13, 11, 19, 21, 17, 19, 17, 14, 14, 18, 16, 21, 20]
y_coordinates = [44, 85, 108, 86, 98, 120, 96, 68, 90, 102, 58, 114, 107, 100, 55, 94, 104, 120]
x_dimensions = [16, 5, 4, 5, 4, 4, 3, 3, 3, 3, 3, 3, 3, 3, 6, 5, 3, 3]
y_dimensions = [5, 8, 12, 4, 4, 3, 24, 18, 14, 12, 10, 9, 8, 7, 3, 3, 4, 3]
minimum_height = 123
----------
x_coordinates = [6, 13, 20, 19, 17, 15, 11, 19, 21, 17, 19, 17, 14, 13, 18, 17, 21, 20]
y_coordinates = [43, 62, 107, 85, 94, 84, 97, 67, 89, 101, 57, 113, 106, 88, 54, 51, 103, 119]
x_dimensions = [16, 5, 4, 5, 4, 4, 3, 3, 3, 3, 3, 3, 3, 3, 6, 5, 3, 3]
y_dimensions = [5, 8, 12, 4, 4, 3, 24, 18, 14, 12, 10, 9, 8, 7, 3, 3, 4, 3]
minimum_height = 122
----------
x_coordinates = [3, 12, 20, 19, 0, 16, 4, 7, 21, 17, 15, 10, 14, 18, 16, 9, 21, 13]
y_coordinates = [18, 100, 109, 87, 103, 116, 97, 99, 91, 104, 90, 112, 108, 97, 84, 90, 105, 118]
x_dimensions = [16, 5, 4, 5, 4, 4, 3, 3, 3, 3, 3, 3, 3, 3, 6, 5, 3, 3]
y_dimensions = [5, 8, 12, 4, 4, 3, 24, 18, 14, 12, 10, 9, 8, 7, 3, 3, 4, 3]
minimum_height = 121
----------
x_coordinates = [8, 18, 19, 20, 20, 17, 12, 15, 21, 19, 17, 16, 21, 19, 18, 19, 21, 21]
y_coordinates = [27, 83, 71, 115, 38, 67, 96, 82, 45, 91, 110, 70, 63, 103, 58, 42, 59, 112]
x_dimensions = [16, 5, 4, 4, 4, 4, 3, 3, 3, 3, 3, 3, 3, 3, 3, 5, 3, 3]
y_dimensions = [5, 8, 12, 5, 4, 3, 24, 18, 14, 12, 10, 9, 8, 7, 6, 3, 4, 3]
minimum_height = 120
----------
x_coordinates = [9, 16, 20, 17, 20, 18, 14, 17, 13, 21, 21, 18, 7, 21, 10, 19, 15, 20]
y_coordinates = [58, 101, 75, 110, 67, 115, 70, 74, 100, 90, 102, 92, 108, 112, 108, 71, 115, 87]
x_dimensions = [5, 5, 4, 4, 4, 3, 3, 3, 3, 3, 3, 3, 3, 3, 3, 5, 3, 3]
y_dimensions = [16, 8, 12, 5, 4, 4, 24, 18, 14, 12, 10, 9, 8, 7, 6, 3, 4, 3]
minimum_height = 119
----------
x_coordinates = [7, 15, 16, 17, 2, 21, 19, 14, 6, 12, 8, 5, 9, 1, 2, 20, 20, 19]
y_coordinates = [46, 105, 75, 113, 102, 112, 51, 87, 92, 105, 108, 106, 100, 115, 109, 102, 107, 99]
x_dimensions = [16, 5, 4, 4, 4, 3, 3, 3, 3, 3, 3, 3, 3, 7, 3, 3, 3, 3]
y_dimensions = [5, 8, 12, 5, 4, 4, 24, 18, 14, 12, 10, 9, 8, 3, 6, 5, 4, 3]
minimum_height = 118
----------
x_coordinates = [7, 15, 20, 20, 8, 0, 19, 18, 5, 21, 12, 6, 0, 11, 3, 9, 21, 21]
y_coordinates = [42, 106, 76, 112, 103, 113, 52, 88, 75, 96, 104, 107, 105, 114, 111, 107, 108, 92]
x_dimensions = [16, 5, 4, 4, 4, 3, 3, 3, 14, 3, 3, 3, 3, 7, 3, 3, 3, 3]
y_dimensions = [5, 8, 12, 5, 4, 4, 24, 18, 3, 12, 10, 9, 8, 3, 6, 5, 4, 3]
minimum_height = 117
----------
x_coordinates = [4, 16, 20, 19, 20, 16, 20, 18, 5, 21, 13, 6, 0, 9, 3, 10, 21, 21]
y_coordinates = [55, 104, 74, 112, 46, 112, 50, 86, 73, 96, 103, 107, 107, 113, 110, 107, 108, 93]
x_dimensions = [16, 5, 4, 5, 4, 3, 3, 3, 14, 3, 3, 3, 3, 7, 3, 3, 3, 3]
y_dimensions = [5, 8, 12, 4, 4, 4, 24, 18, 3, 12, 10, 9, 8, 3, 6, 5, 4, 3]
minimum_height = 116
----------
x_coordinates = [9, 16, 20, 17, 9, 21, 21, 15, 6, 13, 10, 13, 1, 0, 4, 7, 21, 21]
y_coordinates = [53, 102, 90, 110, 101, 104, 66, 73, 91, 94, 105, 106, 107, 104, 109, 105, 108, 112]
x_dimensions = [5, 5, 4, 4, 4, 3, 3, 3, 14, 3, 3, 3, 3, 7, 3, 3, 3, 3]
y_dimensions = [16, 8, 12, 5, 4, 4, 24, 18, 3, 12, 10, 9, 8, 3, 6, 5, 4, 3]
minimum_height = 115
----------
x_coordinates = [8, 15, 20, 20, 11, 20, 21, 15, 8, 21, 9, 6, 0, 14, 3, 12, 21, 18]
y_coordinates = [50, 103, 82, 4, 100, 106, 55, 85, 79, 94, 104, 100, 105, 111, 109, 105, 110, 100]
x_dimensions = [16, 5, 4, 4, 4, 3, 3, 3, 14, 3, 3, 3, 3, 7, 6, 3, 3, 3]
y_dimensions = [5, 8, 12, 5, 4, 4, 24, 18, 3, 12, 10, 9, 8, 3, 3, 5, 4, 3]
minimum_height = 114
----------
x_coordinates = [11, 19, 16, 20, 20, 21, 21, 18, 7, 13, 10, 16, 7, 15, 4, 13, 1, 19]
y_coordinates = [55, 102, 83, 90, 58, 98, 66, 62, 80, 93, 103, 101, 101, 110, 109, 105, 108, 95]
x_dimensions = [5, 5, 4, 4, 4, 3, 3, 3, 14, 3, 3, 3, 3, 7, 6, 3, 3, 3]
y_dimensions = [16, 8, 12, 5, 4, 4, 24, 18, 3, 12, 10, 9, 8, 3, 3, 5, 4, 3]
minimum_height = 113
----------
x_coordinates = [3, 19, 20, 18, 0, 21, 21, 18, 9, 15, 10, 12, 7, 15, 4, 13, 16, 21]
y_coordinates = [55, 104, 47, 39, 106, 100, 59, 86, 83, 95, 102, 93, 101, 44, 109, 107, 108, 97]
x_dimensions = [16, 5, 4, 4, 4, 3, 3, 3, 14, 3, 3, 3, 3, 7, 6, 3, 3, 3]
y_dimensions = [5, 8, 12, 5, 4, 4, 24, 18, 3, 12, 10, 9, 8, 3, 3, 5, 4, 3]
minimum_height = 112
----------
x_coordinates = [11, 18, 14, 19, 20, 21, 21, 18, 7, 15, 19, 20, 12, 17, 16, 17, 14, 12]
y_coordinates = [53, 103, 84, 80, 73, 99, 30, 85, 50, 99, 54, 64, 100, 77, 63, 72, 76, 108]
x_dimensions = [5, 5, 4, 4, 4, 3, 3, 3, 14, 3, 3, 3, 3, 7, 3, 3, 3, 3]
y_dimensions = [16, 8, 12, 5, 4, 4, 24, 18, 3, 12, 10, 9, 8, 3, 6, 5, 4, 3]
minimum_height = 111
----------
x_coordinates = [3, 17, 17, 14, 10, 21, 21, 4, 8, 13, 19, 18, 9, 21, 20, 15, 7, 17]
y_coordinates = [54, 102, 74, 88, 92, 84, 58, 85, 45, 98, 48, 86, 100, 88, 95, 93, 92, 99]
x_dimensions = [16, 5, 4, 4, 4, 3, 3, 3, 14, 3, 3, 3, 3, 3, 3, 3, 3, 3]
y_dimensions = [5, 8, 12, 5, 4, 4, 24, 18, 3, 12, 10, 9, 8, 7, 6, 5, 4, 3]
minimum_height = 110
----------
x_coordinates = [5, 19, 20, 13, 20, 21, 21, 4, 7, 19, 19, 10, 21, 7, 21, 17, 10, 19]
y_coordinates = [53, 28, 76, 98, 102, 48, 52, 87, 92, 36, 18, 100, 88, 97, 96, 98, 95, 106]
x_dimensions = [16, 5, 4, 4, 4, 3, 3, 3, 14, 3, 3, 3, 3, 3, 3, 3, 3, 3]
y_dimensions = [5, 8, 12, 5, 4, 4, 24, 18, 3, 12, 10, 9, 8, 7, 6, 5, 4, 3]
minimum_height = 109
----------
x_coordinates = [7, 19, 20, 13, 20, 21, 21, 19, 9, 17, 21, 9, 0, 3, 12, 0, 10, 21]
y_coordinates = [47, 88, 76, 95, 97, 101, 52, 16, 34, 96, 37, 99, 90, 96, 100, 98, 95, 105]
x_dimensions = [16, 5, 4, 4, 4, 3, 3, 3, 14, 3, 3, 3, 3, 7, 3, 3, 3, 3]
y_dimensions = [5, 8, 12, 5, 4, 4, 24, 18, 3, 12, 10, 9, 8, 3, 6, 5, 4, 3]
minimum_height = 108
----------
x_coordinates = [5, 19, 8, 13, 9, 21, 21, 3, 8, 18, 21, 21, 20, 17, 15, 6, 10, 6]
y_coordinates = [51, 29, 82, 94, 98, 88, 51, 87, 75, 95, 78, 97, 43, 92, 101, 94, 94, 101]
x_dimensions = [16, 5, 4, 4, 4, 3, 3, 3, 14, 3, 3, 3, 3, 7, 3, 3, 3, 3]
y_dimensions = [5, 8, 12, 5, 4, 4, 24, 18, 3, 12, 10, 9, 8, 3, 6, 5, 4, 3]
minimum_height = 107
----------
x_coordinates = [3, 19, 6, 13, 0, 21, 21, 0, 9, 18, 16, 15, 3, 17, 21, 7, 10, 4]
y_coordinates = [51, 82, 88, 101, 102, 90, 54, 84, 78, 91, 81, 92, 89, 103, 97, 100, 100, 102]
x_dimensions = [16, 5, 4, 4, 4, 3, 3, 3, 14, 3, 3, 3, 3, 7, 3, 3, 3, 3]
y_dimensions = [5, 8, 12, 5, 4, 4, 24, 18, 3, 12, 10, 9, 8, 3, 6, 5, 4, 3]
minimum_height = 106
----------
x_coordinates = [6, 19, 6, 20, 16, 21, 21, 4, 9, 21, 21, 18, 16, 13, 15, 10, 7, 9]
y_coordinates = [8, 42, 75, 88, 86, 84, 60, 87, 39, 93, 50, 95, 49, 92, 98, 94, 92, 102]
x_dimensions = [16, 5, 4, 4, 4, 3, 3, 3, 14, 3, 3, 3, 3, 7, 3, 3, 3, 3]
y_dimensions = [5, 8, 12, 5, 4, 4, 24, 18, 3, 12, 10, 9, 8, 3, 6, 5, 4, 3]
minimum_height = 105
----------
x_coordinates = [8, 19, 20, 17, 17, 21, 21, 5, 10, 21, 21, 18, 16, 11, 11, 8, 14, 21]
y_coordinates = [23, 52, 73, 99, 95, 85, 28, 84, 70, 89, 60, 86, 59, 92, 98, 94, 98, 101]
x_dimensions = [16, 5, 4, 4, 4, 3, 3, 3, 14, 3, 3, 3, 3, 7, 3, 3, 3, 3]
y_dimensions = [5, 8, 12, 5, 4, 4, 24, 18, 3, 12, 10, 9, 8, 3, 6, 5, 4, 3]
minimum_height = 104
----------
x_coordinates = [8, 19, 12, 17, 16, 21, 21, 11, 10, 21, 21, 20, 16, 14, 18, 8, 5, 15]
y_coordinates = [50, 60, 73, 92, 88, 78, 26, 85, 57, 91, 68, 82, 67, 93, 97, 90, 90, 100]
x_dimensions = [16, 5, 4, 4, 4, 3, 3, 3, 14, 3, 3, 3, 3, 3, 3, 3, 3, 3]
y_dimensions = [5, 8, 12, 5, 4, 4, 24, 18, 3, 12, 10, 9, 8, 7, 6, 5, 4, 3]
minimum_height = 103
----------
x_coordinates = [7, 19, 16, 17, 16, 21, 21, 5, 5, 21, 21, 20, 2, 14, 18, 8, 11, 15]
y_coordinates = [50, 59, 75, 91, 87, 77, 26, 84, 66, 90, 67, 81, 65, 92, 96, 89, 89, 99]
x_dimensions = [16, 5, 4, 4, 4, 3, 3, 3, 14, 3, 3, 3, 3, 3, 3, 3, 3, 3]
y_dimensions = [5, 8, 12, 5, 4, 4, 24, 18, 3, 12, 10, 9, 8, 7, 6, 5, 4, 3]
minimum_height = 102
----------
x_coordinates = [7, 19, 6, 17, 16, 21, 21, 20, 16, 21, 10, 20, 13, 14, 11, 8, 5, 9]
y_coordinates = [20, 68, 75, 92, 88, 76, 26, 50, 67, 89, 67, 80, 75, 92, 88, 88, 92, 95]
x_dimensions = [16, 5, 4, 4, 4, 3, 3, 3, 3, 3, 3, 3, 3, 3, 3, 3, 3, 3]
y_dimensions = [5, 8, 12, 5, 4, 4, 24, 18, 14, 12, 10, 9, 8, 7, 6, 5, 4, 3]
minimum_height = 101
----------
x_coordinates = [8, 19, 10, 14, 6, 2, 21, 21, 16, 20, 5, 21, 9, 18, 3, 15, 7, 4]
y_coordinates = [48, 71, 87, 90, 90, 78, 24, 53, 76, 79, 78, 91, 78, 93, 88, 95, 94, 94]
x_dimensions = [16, 5, 4, 4, 4, 3, 3, 3, 3, 3, 3, 3, 3, 3, 3, 3, 3, 3]
y_dimensions = [5, 8, 12, 5, 4, 4, 24, 18, 14, 12, 10, 9, 8, 7, 6, 5, 4, 3]
minimum_height = 100
----------
x_coordinates = [8, 18, 14, 14, 10, 16, 21, 21, 11, 20, 14, 21, 8, 18, 11, 15, 12, 17]
y_coordinates = [48, 70, 29, 88, 89, 84, 6, 30, 69, 78, 74, 90, 77, 92, 83, 94, 95, 81]
x_dimensions = [16, 5, 4, 4, 4, 3, 3, 3, 3, 3, 3, 3, 3, 3, 3, 3, 3, 3]
y_dimensions = [5, 8, 12, 5, 4, 4, 24, 18, 14, 12, 10, 9, 8, 7, 6, 5, 4, 3]
minimum_height = 99
----------
x_coordinates = [7, 19, 14, 13, 9, 21, 21, 19, 8, 21, 16, 17, 5, 17, 12, 6, 10, 12]
y_coordinates = [22, 73, 48, 92, 90, 69, 27, 51, 72, 81, 72, 84, 80, 93, 84, 92, 94, 80]
x_dimensions = [16, 5, 4, 4, 4, 3, 3, 3, 3, 3, 3, 3, 3, 7, 3, 3, 3, 3]
y_dimensions = [5, 8, 12, 5, 4, 4, 24, 18, 14, 12, 10, 9, 8, 3, 6, 5, 4, 3]
minimum_height = 98
----------
x_coordinates = [8, 12, 16, 17, 17, 21, 21, 20, 9, 21, 8, 19, 6, 17, 18, 11, 14, 15]
y_coordinates = [42, 78, 58, 92, 82, 66, 18, 48, 80, 85, 69, 73, 85, 70, 86, 69, 91, 88]
x_dimensions = [16, 5, 4, 4, 4, 3, 3, 3, 3, 3, 3, 3, 3, 7, 3, 3, 3, 3]
y_dimensions = [5, 8, 12, 5, 4, 4, 24, 18, 14, 12, 10, 9, 8, 3, 6, 5, 4, 3]
minimum_height = 97
----------
x_coordinates = [6, 4, 16, 20, 16, 21, 21, 19, 12, 21, 1, 19, 9, 17, 18, 14, 15, 18]
y_coordinates = [8, 75, 33, 79, 83, 63, 21, 45, 81, 84, 66, 67, 82, 76, 87, 75, 92, 93]
x_dimensions = [16, 5, 4, 4, 4, 3, 3, 3, 3, 3, 3, 3, 3, 3, 3, 3, 3, 3]
y_dimensions = [5, 8, 12, 5, 4, 4, 24, 18, 14, 12, 10, 9, 8, 7, 6, 5, 4, 3]
minimum_height = 96
----------
x_coordinates = [8, 11, 18, 20, 13, 21, 21, 21, 8, 19, 2, 19, 5, 17, 16, 10, 16, 18]
y_coordinates = [1, 77, 35, 69, 73, 65, 11, 47, 76, 83, 68, 74, 76, 67, 82, 71, 91, 64]
x_dimensions = [16, 5, 4, 4, 4, 3, 3, 3, 3, 3, 3, 3, 3, 3, 3, 3, 3, 3]
y_dimensions = [5, 8, 12, 5, 4, 4, 24, 18, 14, 12, 10, 9, 8, 7, 6, 5, 4, 3]
minimum_height = 95
----------
x_coordinates = [8, 0, 18, 20, 13, 3, 21, 21, 12, 21, 6, 19, 9, 17, 16, 10, 16, 16]
y_coordinates = [42, 76, 52, 68, 72, 72, 0, 24, 80, 82, 75, 73, 81, 66, 88, 72, 76, 81]
x_dimensions = [16, 5, 4, 4, 4, 3, 3, 3, 3, 3, 3, 3, 3, 3, 3, 3, 3, 3]
y_dimensions = [5, 8, 12, 5, 4, 4, 24, 18, 14, 12, 10, 9, 8, 7, 6, 5, 4, 3]
minimum_height = 94
----------
x_coordinates = [5, 5, 18, 20, 13, 8, 21, 20, 2, 18, 10, 21, 15, 17, 16, 12, 19, 18]
y_coordinates = [42, 79, 49, 72, 76, 87, 25, 7, 79, 77, 76, 79, 85, 70, 64, 86, 89, 61]
x_dimensions = [16, 5, 4, 4, 4, 3, 3, 3, 3, 3, 3, 3, 3, 3, 3, 3, 3, 3]
y_dimensions = [5, 8, 12, 5, 4, 4, 24, 18, 14, 12, 10, 9, 8, 7, 6, 5, 4, 3]
minimum_height = 93
----------
x_coordinates = [8, 5, 19, 20, 16, 2, 21, 20, 13, 18, 10, 21, 2, 17, 19, 13, 21, 19]
y_coordinates = [0, 84, 48, 74, 76, 87, 6, 30, 78, 80, 79, 79, 77, 69, 60, 73, 88, 66]
x_dimensions = [16, 5, 4, 4, 4, 3, 3, 3, 3, 3, 3, 3, 3, 3, 3, 3, 3, 3]
y_dimensions = [5, 8, 12, 5, 4, 4, 24, 18, 14, 12, 10, 9, 8, 7, 6, 5, 4, 3]
minimum_height = 92
----------
x_coordinates = [8, 8, 12, 20, 16, 1, 21, 21, 19, 21, 4, 13, 12, 15, 19, 18, 7, 10]
y_coordinates = [31, 83, 53, 74, 78, 87, 7, 36, 60, 79, 78, 80, 72, 71, 54, 86, 77, 80]
x_dimensions = [16, 5, 4, 4, 4, 3, 3, 3, 3, 3, 3, 3, 3, 3, 3, 3, 3, 3]
y_dimensions = [5, 8, 12, 5, 4, 4, 24, 18, 14, 12, 10, 9, 8, 7, 6, 5, 4, 3]
minimum_height = 91
----------
x_coordinates = [10, 7, 1, 14, 19, 1, 5, 20, 11, 18, 4, 16, 8, 17, 21, 13, 13, 15]
y_coordinates = [44, 82, 58, 75, 79, 85, 55, 41, 67, 64, 79, 80, 74, 57, 59, 81, 86, 64]
x_dimensions = [5, 5, 4, 4, 4, 3, 3, 3, 3, 3, 3, 3, 3, 3, 3, 3, 3, 3]
y_dimensions = [16, 8, 12, 5, 4, 4, 24, 18, 14, 12, 10, 9, 8, 7, 6, 5, 4, 3]
minimum_height = 90
----------
x_coordinates = [11, 8, 17, 20, 16, 5, 21, 7, 14, 3, 0, 13, 6, 15, 9, 16, 10, 19]
y_coordinates = [43, 81, 58, 79, 80, 85, 55, 51, 59, 73, 79, 80, 72, 73, 69, 84, 77, 84]
x_dimensions = [5, 5, 4, 4, 4, 3, 3, 3, 3, 3, 3, 3, 3, 3, 3, 3, 3, 3]
y_dimensions = [16, 8, 12, 5, 4, 4, 24, 18, 14, 12, 10, 9, 8, 7, 6, 5, 4, 3]
minimum_height = 89
----------
x_coordinates = [11, 16, 18, 0, 19, 16, 12, 8, 18, 21, 6, 21, 18, 21, 10, 16, 20, 21]
y_coordinates = [43, 76, 56, 83, 42, 84, 59, 58, 27, 73, 83, 33, 68, 26, 37, 41, 85, 14]
x_dimensions = [5, 5, 4, 4, 4, 4, 3, 3, 3, 3, 10, 3, 3, 3, 3, 3, 4, 3]
y_dimensions = [16, 8, 12, 5, 4, 3, 24, 18, 14, 12, 3, 9, 8, 7, 6, 5, 3, 3]
minimum_height = 88
----------
x_coordinates = [10, 16, 19, 20, 0, 20, 16, 13, 19, 4, 10, 5, 21, 17, 15, 20, 3, 3]
y_coordinates = [42, 79, 41, 66, 77, 76, 28, 24, 27, 78, 75, 69, 79, 68, 52, 71, 83, 51]
x_dimensions = [5, 5, 4, 4, 4, 4, 3, 3, 3, 12, 10, 3, 3, 3, 3, 3, 3, 3]
y_dimensions = [16, 8, 12, 5, 4, 3, 24, 18, 14, 3, 3, 9, 8, 7, 6, 5, 4, 3]
minimum_height = 87
----------
x_coordinates = [10, 16, 20, 19, 6, 20, 15, 15, 2, 4, 10, 3, 21, 2, 13, 0, 0, 8]
y_coordinates = [42, 78, 55, 67, 73, 75, 32, 56, 51, 77, 74, 68, 78, 65, 80, 76, 71, 80]
x_dimensions = [5, 5, 4, 4, 4, 4, 3, 3, 3, 12, 10, 3, 3, 7, 3, 3, 3, 3]
y_dimensions = [16, 8, 12, 5, 4, 3, 24, 18, 14, 3, 3, 9, 8, 3, 6, 5, 4, 3]
minimum_height = 86
----------
x_coordinates = [11, 19, 20, 19, 19, 17, 14, 15, 7, 9, 11, 20, 0, 21, 17, 8, 20, 19]
y_coordinates = [39, 37, 54, 45, 50, 75, 55, 21, 44, 82, 79, 69, 81, 78, 54, 77, 66, 32]
x_dimensions = [5, 5, 4, 4, 4, 3, 3, 3, 3, 12, 10, 3, 8, 3, 3, 3, 4, 3]
y_dimensions = [16, 8, 12, 5, 4, 4, 24, 18, 14, 3, 3, 9, 3, 7, 6, 5, 3, 3]
minimum_height = 85
----------
x_coordinates = [11, 19, 20, 4, 9, 11, 1, 3, 3, 10, 14, 8, 4, 7, 8, 1, 17, 21]
y_coordinates = [41, 67, 53, 69, 64, 76, 55, 37, 23, 81, 75, 68, 74, 77, 54, 79, 78, 78]
x_dimensions = [5, 5, 4, 4, 4, 3, 3, 3, 3, 12, 10, 3, 3, 3, 3, 3, 4, 3]
y_dimensions = [16, 8, 12, 5, 4, 4, 24, 18, 14, 3, 3, 9, 8, 7, 6, 5, 3, 3]
minimum_height = 84
----------
x_coordinates = [11, 19, 20, 4, 10, 8, 1, 3, 4, 10, 14, 11, 7, 8, 8, 5, 10, 21]
y_coordinates = [40, 64, 51, 73, 62, 76, 55, 37, 59, 80, 75, 71, 66, 69, 53, 78, 59, 72]
x_dimensions = [5, 5, 4, 4, 4, 3, 3, 3, 3, 12, 10, 3, 8, 3, 3, 3, 4, 3]
y_dimensions = [16, 8, 12, 5, 4, 4, 24, 18, 14, 3, 3, 9, 3, 7, 6, 5, 3, 3]
minimum_height = 83
----------
x_coordinates = [11, 19, 16, 11, 18, 21, 5, 7, 16, 21, 18, 20, 14, 8, 21, 15, 11, 20]
y_coordinates = [40, 45, 53, 74, 32, 78, 55, 37, 39, 66, 72, 36, 65, 75, 54, 77, 79, 63]
x_dimensions = [5, 5, 4, 4, 4, 3, 3, 3, 3, 3, 3, 3, 3, 3, 3, 3, 4, 3]
y_dimensions = [16, 8, 12, 5, 4, 4, 24, 18, 14, 12, 10, 9, 8, 7, 6, 5, 3, 3]
minimum_height = 82
----------
x_coordinates = [11, 13, 17, 13, 17, 21, 6, 3, 8, 12, 18, 20, 3, 8, 21, 9, 14, 21]
y_coordinates = [37, 70, 58, 56, 40, 77, 57, 52, 36, 53, 71, 44, 72, 50, 68, 78, 78, 74]
x_dimensions = [5, 5, 4, 4, 4, 3, 3, 3, 3, 12, 3, 3, 3, 3, 3, 5, 4, 3]
y_dimensions = [16, 8, 12, 5, 4, 4, 24, 18, 14, 3, 10, 9, 8, 7, 6, 3, 3, 3]
minimum_height = 81
----------
x_coordinates = [11, 14, 17, 15, 20, 11, 6, 5, 21, 20, 17, 12, 3, 9, 21, 19, 11, 19]
y_coordinates = [39, 56, 44, 75, 61, 77, 56, 38, 41, 65, 64, 68, 72, 70, 55, 77, 64, 38]
x_dimensions = [5, 5, 4, 4, 4, 4, 3, 3, 3, 3, 3, 3, 3, 3, 3, 5, 4, 3]
y_dimensions = [16, 8, 12, 5, 4, 3, 24, 18, 14, 12, 10, 9, 8, 7, 6, 3, 3, 3]
minimum_height = 80
----------
x_coordinates = [10, 13, 17, 5, 20, 12, 9, 11, 21, 12, 17, 14, 13, 8, 21, 16, 13, 20]
y_coordinates = [16, 59, 64, 55, 49, 56, 55, 32, 63, 53, 43, 67, 76, 48, 57, 56, 50, 46]
x_dimensions = [5, 8, 4, 4, 4, 4, 3, 3, 3, 12, 3, 3, 8, 3, 3, 5, 4, 3]
y_dimensions = [16, 5, 12, 5, 4, 3, 24, 18, 14, 3, 10, 9, 3, 7, 6, 3, 3, 3]
minimum_height = 79
----------
x_coordinates = [10, 17, 17, 11, 1, 20, 21, 8, 5, 15, 18, 21, 9, 14, 12, 14, 4, 19]
y_coordinates = [7, 70, 46, 59, 57, 32, 36, 56, 57, 58, 59, 60, 75, 51, 68, 35, 54, 28]
x_dimensions = [5, 5, 4, 4, 4, 3, 3, 3, 3, 3, 3, 3, 8, 3, 3, 5, 4, 3]
y_dimensions = [16, 8, 12, 5, 4, 4, 24, 18, 14, 12, 10, 9, 3, 7, 6, 3, 3, 3]
minimum_height = 78
----------
x_coordinates = [11, 16, 17, 12, 4, 12, 8, 21, 18, 20, 9, 4, 21, 15, 13, 16, 13, 21]
y_coordinates = [37, 72, 46, 59, 57, 33, 36, 46, 58, 34, 60, 71, 64, 63, 71, 31, 56, 31]
x_dimensions = [5, 8, 4, 5, 4, 3, 3, 3, 3, 3, 3, 9, 3, 3, 3, 5, 4, 3]
y_dimensions = [16, 5, 12, 4, 4, 4, 24, 18, 14, 12, 10, 3, 8, 7, 6, 3, 3, 3]
minimum_height = 77
----------
x_coordinates = [11, 17, 17, 13, 1, 16, 7, 21, 18, 21, 15, 8, 5, 21, 16, 11, 17, 4]
y_coordinates = [20, 29, 46, 68, 72, 37, 35, 51, 59, 38, 58, 72, 67, 69, 40, 36, 73, 36]
x_dimensions = [5, 5, 4, 5, 4, 4, 3, 3, 3, 3, 3, 9, 3, 3, 3, 5, 4, 3]
y_dimensions = [16, 8, 12, 4, 4, 3, 24, 18, 14, 12, 10, 3, 8, 7, 6, 3, 3, 3]
minimum_height = 76
----------
x_coordinates = [10, 17, 17, 17, 7, 10, 10, 18, 21, 21, 15, 9, 18, 15, 21, 13, 11, 21]
y_coordinates = [12, 29, 45, 25, 71, 40, 44, 57, 61, 39, 65, 37, 37, 58, 52, 42, 72, 58]
x_dimensions = [5, 5, 4, 5, 4, 3, 3, 3, 3, 3, 3, 9, 3, 3, 3, 5, 4, 3]
y_dimensions = [16, 8, 12, 4, 4, 4, 24, 18, 14, 12, 10, 3, 8, 7, 6, 3, 3, 3]
minimum_height = 75
----------
x_coordinates = [11, 19, 8, 17, 14, 9, 12, 18, 21, 16, 11, 14, 4, 15, 20, 4, 7, 20]
y_coordinates = [20, 48, 52, 38, 61, 41, 37, 56, 60, 42, 64, 65, 66, 54, 32, 41, 64, 43]
x_dimensions = [5, 5, 4, 5, 4, 3, 3, 3, 3, 3, 3, 3, 3, 3, 3, 5, 4, 3]
y_dimensions = [16, 8, 12, 4, 4, 4, 24, 18, 14, 12, 10, 9, 8, 7, 6, 3, 3, 3]
minimum_height = 74
----------
x_coordinates = [10, 10, 19, 15, 20, 9, 16, 21, 19, 4, 18, 7, 16, 15, 21, 13, 16, 21]
y_coordinates = [35, 65, 51, 33, 69, 60, 39, 19, 37, 61, 12, 64, 63, 66, 13, 60, 70, 10]
x_dimensions = [5, 5, 4, 5, 4, 3, 3, 3, 3, 3, 3, 3, 8, 7, 3, 3, 4, 3]
y_dimensions = [16, 8, 12, 4, 4, 4, 24, 18, 14, 12, 10, 9, 3, 3, 6, 5, 3, 3]
minimum_height = 73
----------
x_coordinates = [11, 9, 5, 19, 20, 11, 18, 21, 21, 2, 4, 14, 14, 17, 19, 17, 17, 19]
y_coordinates = [35, 62, 59, 18, 68, 57, 36, 31, 49, 59, 48, 55, 64, 63, 22, 67, 60, 28]
x_dimensions = [5, 5, 4, 5, 4, 3, 3, 3, 3, 3, 3, 3, 3, 7, 3, 3, 4, 3]
y_dimensions = [16, 8, 12, 4, 4, 4, 24, 18, 14, 12, 10, 9, 8, 3, 6, 5, 3, 3]
minimum_height = 72
----------
x_coordinates = [11, 19, 9, 19, 20, 17, 13, 21, 21, 6, 12, 18, 16, 18, 20, 21, 17, 21]
y_coordinates = [9, 32, 53, 10, 54, 58, 47, 14, 40, 59, 31, 45, 68, 61, 4, 60, 40, 65]
x_dimensions = [5, 5, 4, 5, 4, 4, 3, 3, 3, 3, 3, 3, 8, 3, 3, 3, 4, 3]
y_dimensions = [16, 8, 12, 4, 4, 3, 24, 18, 14, 12, 10, 9, 3, 7, 6, 5, 3, 3]
minimum_height = 71
----------
x_coordinates = [11, 17, 11, 19, 19, 14, 15, 21, 21, 8, 14, 17, 16, 18, 19, 21, 19, 19]
y_coordinates = [8, 4, 52, 0, 56, 64, 40, 21, 39, 58, 30, 31, 67, 60, 15, 62, 53, 12]
x_dimensions = [5, 5, 4, 5, 4, 4, 3, 3, 3, 3, 3, 3, 8, 3, 3, 3, 4, 3]
y_dimensions = [16, 8, 12, 4, 4, 3, 24, 18, 14, 12, 10, 9, 3, 7, 6, 5, 3, 3]
minimum_height = 70
----------
x_coordinates = [10, 19, 8, 19, 20, 20, 15, 21, 21, 5, 11, 12, 21, 18, 15, 21, 17, 20]
y_coordinates = [27, 48, 55, 3, 44, 0, 42, 12, 30, 55, 43, 55, 56, 62, 29, 64, 39, 9]
x_dimensions = [5, 5, 4, 5, 4, 4, 3, 3, 3, 3, 3, 3, 3, 3, 6, 3, 4, 3]
y_dimensions = [16, 8, 12, 4, 4, 3, 24, 18, 14, 12, 10, 9, 8, 7, 3, 5, 3, 3]
minimum_height = 69
----------
x_coordinates = [11, 17, 8, 19, 20, 20, 15, 19, 21, 5, 11, 12, 18, 18, 17, 21, 17, 21]
y_coordinates = [26, 31, 56, 6, 39, 28, 44, 10, 43, 56, 42, 56, 53, 61, 3, 60, 40, 65]
x_dimensions = [5, 5, 4, 5, 4, 4, 3, 3, 3, 3, 3, 3, 3, 3, 6, 3, 3, 3]
y_dimensions = [16, 8, 12, 4, 4, 3, 24, 18, 14, 12, 10, 9, 8, 7, 3, 5, 4, 3]
minimum_height = 68
----------
x_coordinates = [10, 19, 7, 19, 20, 20, 14, 19, 21, 4, 10, 11, 18, 19, 16, 19, 17, 1]
y_coordinates = [25, 29, 55, 4, 42, 26, 41, 8, 46, 55, 41, 58, 52, 60, 0, 37, 45, 59]
x_dimensions = [5, 5, 4, 5, 4, 4, 3, 3, 3, 3, 3, 3, 3, 3, 6, 3, 3, 3]
y_dimensions = [16, 8, 12, 4, 4, 3, 24, 18, 14, 12, 10, 9, 8, 7, 3, 5, 4, 3]
minimum_height = 67
----------
x_coordinates = [10, 19, 7, 19, 20, 17, 14, 19, 21, 4, 10, 11, 18, 21, 16, 21, 17, 19]
y_coordinates = [7, 7, 53, 0, 36, 53, 42, 18, 40, 53, 35, 53, 58, 59, 15, 54, 39, 4]
x_dimensions = [5, 5, 4, 5, 4, 4, 3, 3, 3, 3, 3, 3, 3, 3, 6, 3, 3, 3]
y_dimensions = [16, 8, 12, 4, 4, 3, 24, 18, 14, 12, 10, 9, 8, 7, 3, 5, 4, 3]
minimum_height = 66
----------
x_coordinates = [11, 19, 10, 19, 20, 19, 14, 21, 21, 11, 13, 18, 18, 19, 16, 17, 7, 20]
y_coordinates = [20, 11, 53, 7, 58, 1, 41, 19, 44, 36, 10, 47, 29, 37, 4, 60, 55, 62]
x_dimensions = [5, 5, 4, 5, 4, 4, 3, 3, 3, 3, 3, 3, 3, 3, 6, 3, 3, 3]
y_dimensions = [16, 8, 12, 4, 4, 3, 24, 18, 14, 12, 10, 9, 8, 7, 3, 5, 4, 3]
minimum_height = 65
----------
x_coordinates = [8, 16, 0, 12, 6, 2, 0, 6, 10, 12, 2, 15, 7, 0, 0, 19, 15, 12]
y_coordinates = [31, 59, 60, 59, 56, 57, 53, 50, 56, 47, 47, 44, 44, 44, 50, 41, 41, 41]
x_dimensions = [16, 8, 12, 4, 4, 4, 24, 18, 14, 12, 10, 9, 8, 7, 6, 5, 4, 3]
y_dimensions = [5, 5, 4, 5, 4, 3, 3, 3, 3, 3, 3, 3, 3, 3, 3, 3, 3, 3]
minimum_height = 64
----------
x_coordinates = [11, 19, 1, 19, 20, 20, 14, 19, 11, 4, 1, 5, 17, 21, 16, 19, 8, 21]
y_coordinates = [10, 36, 48, 11, 52, 33, 35, 15, 47, 36, 38, 54, 51, 56, 8, 44, 55, 49]
x_dimensions = [5, 5, 4, 5, 4, 4, 3, 3, 3, 3, 3, 3, 3, 3, 6, 3, 3, 3]
y_dimensions = [16, 8, 12, 4, 4, 3, 24, 18, 14, 12, 10, 9, 8, 7, 3, 5, 4, 3]
minimum_height = 63
----------
x_coordinates = [10, 19, 3, 19, 7, 20, 15, 21, 8, 5, 6, 11, 14, 17, 16, 18, 0, 21]
y_coordinates = [24, 44, 50, 19, 56, 41, 29, 23, 40, 38, 22, 49, 53, 57, 13, 52, 53, 54]
x_dimensions = [5, 5, 4, 5, 4, 4, 3, 3, 3, 3, 3, 3, 3, 7, 6, 3, 3, 3]
y_dimensions = [16, 8, 12, 4, 4, 3, 24, 18, 14, 12, 10, 9, 8, 3, 3, 5, 4, 3]
minimum_height = 62
----------
x_coordinates = [11, 18, 12, 18, 20, 20, 8, 18, 21, 14, 10, 16, 17, 19, 18, 11, 20, 14]
y_coordinates = [29, 11, 0, 7, 57, 4, 36, 19, 27, 46, 18, 37, 53, 43, 50, 56, 53, 58]
x_dimensions = [5, 5, 12, 5, 4, 4, 3, 3, 3, 3, 3, 3, 3, 3, 6, 3, 3, 3]
y_dimensions = [16, 8, 4, 4, 4, 3, 24, 18, 14, 12, 10, 9, 8, 7, 3, 5, 4, 3]
minimum_height = 61
----------
x_coordinates = [5, 18, 12, 12, 20, 17, 8, 19, 21, 14, 10, 16, 17, 20, 6, 11, 20, 14]
y_coordinates = [3, 22, 0, 29, 56, 31, 36, 4, 30, 45, 18, 36, 50, 44, 29, 55, 52, 57]
x_dimensions = [5, 5, 12, 5, 4, 4, 3, 3, 3, 3, 3, 3, 3, 3, 6, 3, 3, 3]
y_dimensions = [16, 8, 4, 4, 4, 3, 24, 18, 14, 12, 10, 9, 8, 7, 3, 5, 4, 3]
minimum_height = 60
----------
x_coordinates = [10, 18, 12, 14, 20, 18, 7, 21, 21, 11, 15, 12, 17, 19, 15, 14, 21, 18]
y_coordinates = [25, 25, 21, 44, 51, 33, 35, 33, 7, 47, 28, 41, 48, 0, 38, 54, 55, 56]
x_dimensions = [5, 5, 12, 5, 4, 3, 3, 3, 3, 3, 3, 9, 3, 3, 6, 3, 3, 3]
y_dimensions = [16, 8, 4, 4, 4, 4, 24, 18, 14, 12, 10, 3, 8, 7, 3, 5, 4, 3]
minimum_height = 59
----------
x_coordinates = [11, 19, 14, 19, 16, 20, 17, 6, 3, 9, 14, 21, 18, 19, 0, 21, 20, 20]
y_coordinates = [10, 31, 39, 39, 54, 21, 7, 35, 30, 51, 26, 49, 43, 0, 50, 44, 27, 24]
x_dimensions = [5, 5, 4, 5, 4, 4, 3, 3, 3, 12, 3, 3, 3, 3, 6, 3, 3, 3]
y_dimensions = [16, 8, 12, 4, 4, 3, 24, 18, 14, 3, 10, 9, 8, 7, 3, 5, 4, 3]
minimum_height = 58
----------
x_coordinates = [10, 19, 16, 19, 20, 17, 10, 4, 13, 4, 15, 7, 20, 19, 15, 21, 19, 1]
y_coordinates = [10, 28, 44, 36, 53, 40, 27, 35, 35, 54, 25, 51, 45, 21, 18, 40, 14, 52]
x_dimensions = [5, 5, 4, 5, 4, 4, 3, 3, 3, 12, 3, 9, 3, 3, 6, 3, 3, 3]
y_dimensions = [16, 8, 12, 4, 4, 3, 24, 18, 14, 3, 10, 3, 8, 7, 3, 5, 4, 3]
minimum_height = 57
----------
x_coordinates = [11, 19, 16, 19, 20, 20, 1, 6, 13, 4, 15, 7, 21, 19, 15, 1, 19, 4]
y_coordinates = [8, 29, 44, 40, 52, 37, 27, 30, 34, 48, 24, 51, 44, 22, 5, 51, 18, 51]
x_dimensions = [5, 5, 4, 5, 4, 4, 3, 3, 3, 12, 3, 9, 3, 3, 6, 3, 3, 3]
y_dimensions = [16, 8, 12, 4, 4, 3, 24, 18, 14, 3, 10, 3, 8, 7, 3, 5, 4, 3]
minimum_height = 56
----------
x_coordinates = [10, 19, 13, 19, 17, 20, 7, 1, 10, 1, 16, 4, 21, 20, 16, 18, 20, 4]
y_coordinates = [19, 31, 43, 42, 51, 39, 23, 30, 35, 49, 33, 52, 46, 24, 21, 46, 17, 46]
x_dimensions = [5, 5, 4, 5, 4, 4, 3, 3, 3, 12, 3, 9, 3, 3, 6, 3, 3, 3]
y_dimensions = [16, 8, 12, 4, 4, 3, 24, 18, 14, 3, 10, 3, 8, 7, 3, 5, 4, 3]
minimum_height = 55
----------
x_coordinates = [11, 3, 20, 8, 9, 16, 17, 21, 0, 13, 21, 0, 17, 19, 7, 4, 19, 8]
y_coordinates = [25, 38, 42, 43, 50, 43, 19, 14, 37, 41, 32, 51, 46, 3, 47, 46, 10, 40]
x_dimensions = [5, 5, 4, 5, 4, 4, 3, 3, 3, 3, 3, 9, 3, 3, 6, 3, 3, 3]
y_dimensions = [16, 8, 12, 4, 4, 3, 24, 18, 14, 12, 10, 3, 8, 7, 3, 5, 4, 3]
minimum_height = 54
----------
x_coordinates = [10, 10, 20, 15, 20, 18, 21, 15, 11, 14, 18, 2, 17, 19, 17, 5, 8, 10]
y_coordinates = [12, 31, 36, 37, 49, 32, 12, 19, 39, 41, 22, 50, 45, 5, 2, 45, 46, 28]
x_dimensions = [5, 5, 4, 5, 4, 3, 3, 3, 3, 3, 3, 9, 3, 3, 6, 3, 3, 3]
y_dimensions = [16, 8, 12, 4, 4, 4, 24, 18, 14, 12, 10, 3, 8, 7, 3, 5, 4, 3]
minimum_height = 53
----------
x_coordinates = [11, 11, 20, 15, 19, 16, 5, 8, 11, 18, 21, 15, 17, 2, 2, 14, 19, 10]
y_coordinates = [5, 30, 40, 38, 19, 35, 22, 34, 38, 23, 29, 21, 44, 22, 49, 47, 15, 22]
x_dimensions = [5, 5, 4, 5, 4, 4, 3, 3, 3, 3, 3, 3, 3, 3, 6, 3, 3, 3]
y_dimensions = [16, 8, 12, 4, 4, 3, 24, 18, 14, 12, 10, 9, 8, 7, 3, 5, 4, 3]
minimum_height = 52
----------
x_coordinates = [1, 10, 0, 16, 12, 15, 18, 7, 11, 15, 21, 7, 21, 4, 1, 13, 21, 9]
y_coordinates = [13, 31, 41, 42, 40, 36, 18, 14, 17, 24, 33, 32, 43, 34, 30, 44, 29, 11]
x_dimensions = [5, 5, 12, 5, 4, 3, 3, 3, 3, 3, 3, 3, 3, 3, 6, 3, 3, 3]
y_dimensions = [16, 8, 4, 4, 4, 4, 24, 18, 14, 12, 10, 9, 8, 7, 3, 5, 4, 3]
minimum_height = 51
----------
x_coordinates = [11, 19, 12, 15, 19, 13, 3, 16, 19, 13, 21, 10, 4, 7, 6, 0, 21, 8]
y_coordinates = [14, 38, 46, 9, 34, 42, 23, 28, 20, 30, 10, 35, 47, 33, 44, 43, 6, 29]
x_dimensions = [5, 5, 12, 5, 4, 3, 3, 3, 3, 3, 3, 3, 8, 3, 6, 3, 3, 3]
y_dimensions = [16, 8, 4, 4, 4, 4, 24, 18, 14, 12, 10, 9, 3, 7, 3, 5, 4, 3]
minimum_height = 50
----------
x_coordinates = [10, 19, 12, 15, 12, 9, 0, 16, 14, 21, 21, 7, 15, 3, 6, 13, 19, 14]
y_coordinates = [19, 37, 45, 18, 36, 41, 24, 27, 4, 25, 12, 32, 22, 39, 44, 40, 3, 1]
x_dimensions = [5, 5, 12, 5, 4, 4, 3, 3, 3, 3, 3, 3, 8, 3, 6, 3, 3, 3]
y_dimensions = [16, 8, 4, 4, 4, 3, 24, 18, 14, 12, 10, 9, 3, 7, 3, 5, 4, 3]
minimum_height = 49
----------
x_coordinates = [10, 11, 15, 18, 16, 13, 7, 21, 15, 4, 3, 1, 16, 2, 15, 9, 19, 19]
y_coordinates = [21, 37, 22, 17, 40, 5, 21, 26, 8, 33, 20, 36, 44, 45, 34, 45, 7, 21]
x_dimensions = [5, 5, 4, 5, 4, 4, 3, 3, 3, 3, 3, 3, 8, 7, 6, 5, 3, 3]
y_dimensions = [16, 8, 12, 4, 4, 3, 24, 18, 14, 12, 10, 9, 3, 3, 3, 3, 4, 3]
minimum_height = 48
----------
x_coordinates = [11, 12, 20, 15, 10, 20, 19, 17, 2, 16, 13, 8, 2, 16, 5, 21, 4, 4]
y_coordinates = [22, 14, 0, 39, 43, 17, 20, 2, 24, 27, 4, 19, 38, 44, 37, 12, 16, 21]
x_dimensions = [5, 5, 4, 4, 4, 4, 3, 3, 3, 3, 3, 3, 3, 7, 6, 3, 3, 3]
y_dimensions = [16, 8, 12, 5, 4, 3, 24, 18, 14, 12, 10, 9, 8, 3, 3, 5, 4, 3]
minimum_height = 47
----------
x_coordinates = [11, 15, 17, 16, 12, 8, 21, 21, 8, 16, 5, 8, 9, 15, 11, 16, 5, 10]
y_coordinates = [3, 23, 34, 4, 19, 21, 22, 4, 29, 8, 36, 12, 43, 0, 38, 20, 19, 26]
x_dimensions = [5, 5, 4, 5, 4, 4, 3, 3, 3, 3, 3, 3, 8, 7, 6, 5, 3, 3]
y_dimensions = [16, 8, 12, 4, 4, 3, 24, 18, 14, 12, 10, 9, 3, 3, 3, 3, 4, 3]
minimum_height = 46
----------
x_coordinates = [11, 13, 13, 16, 20, 20, 21, 18, 3, 17, 0, 10, 12, 17, 6, 19, 16, 10]
y_coordinates = [2, 30, 18, 0, 9, 41, 13, 19, 29, 7, 29, 33, 42, 4, 42, 37, 38, 29]
x_dimensions = [5, 5, 4, 5, 4, 4, 3, 3, 3, 3, 3, 3, 8, 7, 6, 5, 3, 3]
y_dimensions = [16, 8, 12, 4, 4, 3, 24, 18, 14, 12, 10, 9, 3, 3, 3, 3, 4, 3]
minimum_height = 45
----------
x_coordinates = [10, 15, 13, 12, 17, 19, 20, 17, 7, 6, 4, 20, 9, 17, 14, 21, 17, 7]
y_coordinates = [21, 28, 9, 2, 40, 0, 6, 10, 8, 27, 5, 30, 38, 3, 6, 39, 36, 24]
x_dimensions = [5, 5, 4, 5, 4, 4, 3, 3, 3, 3, 3, 3, 8, 7, 6, 3, 3, 3]
y_dimensions = [16, 8, 12, 4, 4, 3, 24, 18, 14, 12, 10, 9, 3, 3, 3, 5, 4, 3]
minimum_height = 44
----------
x_coordinates = [3, 19, 14, 16, 20, 16, 21, 8, 13, 11, 13, 18, 11, 18, 15, 20, 17, 7]
y_coordinates = [9, 35, 14, 31, 7, 3, 11, 21, 26, 10, 0, 22, 40, 15, 11, 2, 6, 39]
x_dimensions = [5, 5, 4, 5, 4, 4, 3, 3, 3, 3, 3, 3, 8, 3, 6, 3, 3, 3]
y_dimensions = [16, 8, 12, 4, 4, 3, 24, 18, 14, 12, 10, 9, 3, 7, 3, 5, 4, 3]
minimum_height = 43
----------
x_coordinates = [11, 3, 17, 17, 10, 20, 8, 21, 12, 16, 2, 18, 10, 0, 15, 21, 14, 2]
y_coordinates = [18, 32, 17, 29, 35, 8, 10, 11, 4, 2, 22, 33, 39, 33, 14, 37, 35, 16]
x_dimensions = [5, 5, 4, 5, 4, 4, 3, 3, 3, 3, 3, 3, 8, 3, 6, 3, 3, 3]
y_dimensions = [16, 8, 12, 4, 4, 3, 24, 18, 14, 12, 10, 9, 3, 7, 3, 5, 4, 3]
minimum_height = 42
----------
x_coordinates = [11, 5, 20, 10, 11, 21, 1, 4, 17, 20, 9, 18, 10, 15, 18, 21, 2, 17]
y_coordinates = [4, 33, 19, 30, 34, 31, 13, 14, 15, 0, 20, 32, 38, 29, 12, 35, 37, 3]
x_dimensions = [5, 5, 4, 5, 4, 3, 3, 3, 3, 3, 3, 3, 8, 3, 6, 3, 3, 3]
y_dimensions = [16, 8, 12, 4, 4, 4, 24, 18, 14, 12, 10, 9, 3, 7, 3, 5, 4, 3]
minimum_height = 41
----------
x_coordinates = [11, 18, 14, 19, 11, 17, 5, 2, 8, 21, 16, 18, 10, 15, 18, 21, 20, 4]
y_coordinates = [2, 23, 18, 12, 36, 3, 15, 15, 11, 0, 6, 31, 30, 33, 16, 32, 19, 10]
x_dimensions = [5, 5, 4, 5, 4, 4, 3, 3, 3, 3, 3, 3, 8, 3, 6, 3, 3, 3]
y_dimensions = [16, 8, 12, 4, 4, 3, 24, 18, 14, 12, 10, 9, 3, 7, 3, 5, 4, 3]
minimum_height = 40
----------
x_coordinates = [11, 13, 0, 16, 0, 20, 7, 21, 12, 20, 4, 18, 10, 4, 15, 21, 17, 15]
y_coordinates = [1, 31, 21, 26, 33, 13, 15, 16, 17, 1, 22, 30, 31, 32, 20, 34, 12, 23]
x_dimensions = [5, 5, 4, 5, 4, 4, 3, 3, 3, 3, 3, 3, 3, 3, 6, 3, 3, 3]
y_dimensions = [16, 8, 12, 4, 4, 3, 24, 18, 14, 12, 10, 9, 8, 7, 3, 5, 4, 3]
minimum_height = 39
----------
x_coordinates = [11, 16, 3, 20, 6, 19, 0, 7, 14, 21, 11, 21, 10, 13, 18, 3, 17, 4]
y_coordinates = [0, 30, 21, 24, 34, 21, 14, 16, 16, 6, 17, 29, 29, 31, 18, 33, 26, 15]
x_dimensions = [5, 5, 4, 4, 4, 4, 3, 3, 3, 3, 3, 3, 3, 3, 6, 3, 3, 3]
y_dimensions = [16, 8, 12, 5, 4, 3, 24, 18, 14, 12, 10, 9, 8, 7, 3, 5, 4, 3]
minimum_height = 38
----------
x_coordinates = [11, 19, 4, 17, 4, 20, 8, 1, 21, 16, 2, 12, 18, 15, 11, 21, 16, 5]
y_coordinates = [2, 29, 20, 16, 32, 7, 13, 19, 10, 4, 9, 28, 21, 26, 18, 24, 33, 17]
x_dimensions = [5, 5, 4, 4, 4, 4, 3, 3, 3, 3, 3, 3, 3, 3, 6, 3, 3, 3]
y_dimensions = [16, 8, 12, 5, 4, 3, 24, 18, 14, 12, 10, 9, 8, 7, 3, 5, 4, 3]
minimum_height = 37
----------
x_coordinates = [11, 19, 5, 20, 9, 20, 2, 5, 17, 17, 8, 2, 13, 16, 21, 21, 9, 7]
y_coordinates = [9, 28, 22, 12, 32, 8, 2, 1, 13, 1, 9, 26, 26, 27, 17, 23, 25, 19]
x_dimensions = [5, 5, 4, 4, 4, 4, 3, 3, 3, 3, 3, 3, 3, 3, 3, 3, 3, 3]
y_dimensions = [16, 8, 12, 5, 4, 3, 24, 18, 14, 12, 10, 9, 8, 7, 6, 5, 4, 3]
minimum_height = 36
----------
x_coordinates = [6, 19, 0, 20, 4, 20, 11, 5, 17, 3, 14, 21, 11, 16, 19, 14, 8, 17]
y_coordinates = [8, 27, 21, 13, 26, 10, 3, 0, 13, 8, 12, 18, 27, 28, 4, 23, 26, 10]
x_dimensions = [5, 5, 4, 4, 4, 4, 3, 18, 3, 3, 3, 3, 3, 3, 3, 3, 3, 3]
y_dimensions = [16, 8, 12, 5, 4, 3, 24, 3, 14, 12, 10, 9, 8, 7, 6, 5, 4, 3]
minimum_height = 35
----------
x_coordinates = [8, 5, 16, 1, 17, 0, 13, 5, 21, 3, 10, 18, 21, 15, 4, 20, 20, 18]
y_coordinates = [7, 26, 3, 26, 15, 2, 3, 0, 20, 14, 24, 19, 12, 27, 4, 3, 8, 30]
x_dimensions = [5, 5, 4, 4, 4, 4, 3, 18, 3, 3, 3, 3, 3, 3, 6, 3, 3, 3]
y_dimensions = [16, 8, 12, 5, 4, 3, 24, 3, 14, 12, 10, 9, 8, 7, 3, 5, 4, 3]
minimum_height = 34
----------
x_coordinates = [0, 8, 20, 13, 13, 20, 5, 17, 2, 12, 2, 16, 13, 17, 15, 21, 20, 10]
y_coordinates = [0, 15, 21, 12, 18, 18, 5, 6, 30, 0, 16, 24, 22, 0, 3, 13, 10, 23]
x_dimensions = [5, 5, 4, 4, 4, 4, 3, 3, 14, 3, 3, 3, 3, 7, 6, 3, 4, 3]
y_dimensions = [16, 8, 12, 5, 4, 3, 24, 18, 3, 12, 10, 9, 8, 3, 3, 5, 3, 3]
minimum_height = 33
----------
x_coordinates = [1, 7, 2, 4, 17, 21, 14, 20, 0, 8, 11, 17, 17, 17, 12, 11, 21, 18]
y_coordinates = [3, 0, 27, 19, 6, 5, 7, 10, 24, 8, 8, 23, 15, 0, 3, 19, 28, 3]
x_dimensions = [5, 5, 12, 4, 4, 3, 3, 3, 14, 3, 3, 3, 3, 7, 6, 3, 3, 3]
y_dimensions = [16, 8, 4, 5, 4, 4, 24, 18, 3, 12, 10, 9, 8, 3, 3, 5, 4, 3]
minimum_height = 32
----------
x_coordinates = [4, 10, 0, 20, 20, 21, 15, 1, 1, 3, 9, 12, 18, 21, 17, 12, 21, 0]
y_coordinates = [6, 6, 24, 4, 13, 9, 1, 6, 3, 28, 14, 25, 17, 21, 28, 20, 17, 28]
x_dimensions = [5, 5, 12, 4, 4, 3, 3, 3, 14, 12, 3, 9, 3, 3, 6, 3, 3, 3]
y_dimensions = [16, 8, 4, 5, 4, 4, 24, 18, 3, 3, 10, 3, 8, 7, 3, 5, 4, 3]
minimum_height = 31
----------
x_coordinates = [5, 8, 9, 4, 2, 2, 21, 0, 3, 15, 6, 18, 18, 0, 18, 12, 1, 3]
y_coordinates = [4, 12, 26, 15, 26, 22, 6, 1, 9, 14, 20, 9, 18, 11, 1, 21, 18, 12]
x_dimensions = [16, 5, 12, 4, 4, 3, 3, 18, 14, 3, 3, 3, 3, 3, 6, 3, 3, 3]
y_dimensions = [5, 8, 4, 5, 4, 4, 24, 3, 3, 12, 10, 9, 8, 7, 3, 5, 4, 3]
minimum_height = 30
----------
x_coordinates = [6, 11, 9, 16, 13, 21, 0, 3, 6, 20, 17, 21, 3, 3, 15, 3, 6, 21]
y_coordinates = [3, 11, 22, 14, 7, 25, 3, 26, 19, 9, 4, 0, 5, 13, 1, 21, 22, 21]
x_dimensions = [5, 5, 12, 4, 4, 3, 3, 18, 14, 3, 3, 3, 3, 3, 6, 3, 3, 3]
y_dimensions = [16, 8, 4, 5, 4, 4, 24, 3, 3, 12, 10, 9, 8, 7, 3, 5, 4, 3]
minimum_height = 29
----------
x_coordinates = [5, 13, 4, 17, 19, 20, 0, 2, 3, 21, 18, 21, 9, 6, 12, 3, 16, 10]
y_coordinates = [11, 3, 20, 16, 21, 25, 1, 25, 17, 9, 1, 0, 0, 2, 0, 6, 21, 8]
x_dimensions = [16, 5, 12, 4, 4, 4, 3, 18, 14, 3, 3, 3, 3, 3, 6, 3, 3, 3]
y_dimensions = [5, 8, 4, 5, 4, 3, 24, 3, 3, 12, 10, 9, 8, 7, 3, 5, 4, 3]
minimum_height = 28
----------
x_coordinates = [3, 19, 9, 20, 19, 21, 0, 2, 5, 16, 13, 10, 3, 6, 3, 21, 7, 9]
y_coordinates = [4, 6, 0, 18, 14, 23, 0, 24, 9, 12, 13, 15, 16, 13, 1, 1, 20, 12]
x_dimensions = [16, 5, 12, 4, 4, 3, 3, 18, 14, 3, 3, 3, 3, 3, 6, 3, 3, 3]
y_dimensions = [5, 8, 4, 5, 4, 4, 24, 3, 3, 12, 10, 9, 8, 7, 3, 5, 4, 3]
minimum_height = 27
----------
x_coordinates = [8, 3, 8, 9, 5, 17, 0, 3, 10, 21, 4, 7, 16, 10, 10, 18, 15, 21]
y_coordinates = [9, 10, 14, 21, 22, 3, 2, 18, 6, 14, 0, 0, 0, 3, 0, 21, 22, 3]
x_dimensions = [16, 5, 12, 4, 4, 4, 3, 18, 14, 3, 3, 3, 8, 7, 6, 3, 3, 3]
y_dimensions = [5, 8, 4, 5, 4, 3, 24, 3, 3, 12, 10, 9, 3, 3, 3, 5, 4, 3]
minimum_height = 26
----------
x_coordinates = [8, 3, 3, 17, 7, 11, 0, 6, 3, 21, 3, 15, 18, 8, 6, 19, 15, 12]
y_coordinates = [0, 0, 18, 20, 11, 12, 1, 8, 22, 13, 8, 11, 12, 5, 15, 5, 5, 15]
x_dimensions = [16, 5, 12, 4, 4, 4, 3, 18, 14, 3, 3, 3, 3, 7, 6, 5, 4, 3]
y_dimensions = [5, 8, 4, 5, 4, 3, 24, 3, 3, 12, 10, 9, 8, 3, 3, 3, 3, 3]
minimum_height = 25
----------
% Pruned 49990 learnt clauses
x_coordinates = [8, 0, 12, 3, 8, 6, 0, 3, 0, 5, 0, 21, 10, 14, 18, 0, 17, 3]
y_coordinates = [7, 3, 3, 8, 3, 12, 0, 15, 18, 21, 8, 15, 12, 18, 12, 21, 21, 12]
x_dimensions = [16, 8, 12, 5, 4, 4, 24, 18, 14, 12, 3, 3, 8, 7, 6, 5, 4, 3]
y_dimensions = [5, 5, 4, 4, 4, 3, 3, 3, 3, 3, 10, 9, 3, 3, 3, 3, 3, 3]
minimum_height = 24
----------
==========
%%%mzn-stat: nodes=256729
%%%mzn-stat: failures=139168
%%%mzn-stat: restarts=2828
%%%mzn-stat: variables=8721
%%%mzn-stat: intVars=74
%%%mzn-stat: boolVariables=8645
%%%mzn-stat: propagators=1263
%%%mzn-stat: propagations=59885565
%%%mzn-stat: peakDepth=133
%%%mzn-stat: nogoods=139168
%%%mzn-stat: backjumps=49310
%%%mzn-stat: peakMem=0.00
%%%mzn-stat: time=24.616
%%%mzn-stat: initTime=0.016
%%%mzn-stat: solveTime=24.600
%%%mzn-stat: objective=24
%%%mzn-stat: optTime=24.600
%%%mzn-stat: baseMem=0.00
%%%mzn-stat: trailMem=0.02
%%%mzn-stat: randomSeed=1657541188
