x_coordinates = [6, 8, 8, 15, 11, 6, 9, 11, 2, 14, 18, 12, 11, 16, 15]
y_coordinates = [17, 96, 69, 119, 119, 104, 105, 92, 122, 111, 107, 105, 123, 123, 108]
x_dimensions = [15, 5, 11, 6, 4, 3, 3, 10, 9, 3, 3, 6, 5, 4, 3]
y_dimensions = [5, 6, 4, 4, 4, 18, 14, 3, 3, 8, 7, 3, 3, 3, 3]
minimum_height = 126
----------
x_coordinates = [10, 7, 9, 15, 11, 8, 7, 18, 1, 14, 14, 15, 10, 14, 14]
y_coordinates = [56, 35, 90, 118, 118, 103, 0, 96, 121, 110, 92, 122, 122, 104, 107]
x_dimensions = [5, 5, 4, 6, 4, 3, 14, 3, 9, 3, 7, 6, 5, 4, 3]
y_dimensions = [15, 6, 11, 4, 4, 18, 3, 10, 3, 8, 3, 3, 3, 3, 3]
minimum_height = 125
----------
x_coordinates = [5, 2, 2, 13, 17, 18, 12, 11, 4, 13, 10, 15, 16, 17, 18]
y_coordinates = [56, 29, 117, 118, 120, 102, 103, 50, 121, 95, 90, 90, 93, 96, 99]
x_dimensions = [15, 5, 11, 4, 4, 3, 3, 10, 9, 3, 3, 6, 5, 4, 3]
y_dimensions = [5, 6, 4, 6, 4, 18, 14, 3, 3, 8, 7, 3, 3, 3, 3]
minimum_height = 124
----------
x_coordinates = [3, 10, 9, 0, 17, 7, 4, 3, 8, 18, 14, 15, 10, 14, 18]
y_coordinates = [16, 97, 119, 116, 115, 96, 109, 51, 114, 107, 78, 101, 103, 106, 104]
x_dimensions = [15, 5, 11, 4, 4, 3, 3, 10, 9, 3, 7, 6, 5, 4, 3]
y_dimensions = [5, 6, 4, 6, 4, 18, 14, 3, 3, 8, 3, 3, 3, 3, 3]
minimum_height = 123
----------
x_coordinates = [10, 1, 10, 16, 11, 4, 9, 7, 12, 13, 11, 8, 17, 14, 18]
y_coordinates = [37, 81, 92, 108, 110, 104, 96, 119, 105, 97, 82, 116, 117, 114, 114]
x_dimensions = [5, 6, 11, 4, 4, 3, 3, 10, 9, 3, 7, 6, 3, 4, 3]
y_dimensions = [15, 5, 4, 6, 4, 18, 14, 3, 3, 8, 3, 3, 5, 3, 3]
minimum_height = 122
----------
x_coordinates = [6, 13, 7, 0, 5, 16, 18, 18, 9, 4, 11, 15, 12, 6, 9]
y_coordinates = [38, 95, 106, 106, 111, 77, 107, 97, 110, 103, 53, 114, 116, 115, 115]
x_dimensions = [15, 5, 11, 4, 4, 3, 3, 3, 9, 3, 7, 3, 3, 3, 3]
y_dimensions = [5, 6, 4, 6, 4, 18, 14, 10, 3, 8, 3, 6, 5, 4, 3]
minimum_height = 121
----------
x_coordinates = [3, 13, 10, 17, 13, 7, 4, 1, 10, 14, 16, 7, 18, 18, 15]
y_coordinates = [41, 98, 109, 108, 105, 89, 106, 110, 100, 109, 47, 107, 115, 104, 117]
x_dimensions = [15, 6, 4, 4, 4, 3, 3, 3, 3, 3, 3, 3, 3, 3, 3]
y_dimensions = [5, 5, 11, 6, 4, 18, 14, 10, 9, 8, 7, 6, 5, 4, 3]
minimum_height = 120
----------
x_coordinates = [1, 13, 14, 0, 0, 8, 4, 7, 10, 18, 2, 5, 18, 18, 11]
y_coordinates = [53, 113, 102, 109, 115, 91, 105, 109, 110, 111, 46, 99, 106, 102, 104]
x_dimensions = [15, 5, 4, 4, 4, 3, 3, 3, 3, 3, 7, 3, 3, 3, 3]
y_dimensions = [5, 6, 11, 6, 4, 18, 14, 10, 9, 8, 3, 6, 5, 4, 3]
minimum_height = 119
----------
x_coordinates = [6, 13, 14, 10, 14, 10, 7, 1, 5, 18, 6, 18, 2, 4, 11]
y_coordinates = [11, 98, 103, 109, 114, 87, 101, 108, 115, 110, 44, 104, 105, 108, 106]
x_dimensions = [15, 6, 4, 4, 4, 3, 3, 3, 9, 3, 7, 3, 5, 3, 3]
y_dimensions = [5, 5, 11, 6, 4, 18, 14, 10, 3, 8, 3, 6, 3, 4, 3]
minimum_height = 118
----------
x_coordinates = [2, 15, 17, 13, 15, 11, 9, 0, 12, 5, 7, 5, 18, 3, 6]
y_coordinates = [55, 94, 106, 111, 99, 82, 100, 107, 103, 114, 88, 103, 89, 110, 111]
x_dimensions = [15, 6, 4, 4, 4, 3, 3, 3, 9, 8, 3, 3, 3, 3, 3]
y_dimensions = [5, 5, 11, 6, 4, 18, 14, 10, 3, 3, 7, 6, 5, 4, 3]
minimum_height = 117
----------
x_coordinates = [3, 16, 17, 0, 15, 13, 11, 14, 12, 4, 0, 7, 18, 8, 5]
y_coordinates = [57, 96, 102, 110, 92, 74, 99, 103, 113, 113, 104, 103, 87, 109, 110]
x_dimensions = [15, 5, 4, 4, 4, 3, 3, 3, 9, 8, 7, 3, 3, 3, 3]
y_dimensions = [5, 6, 11, 6, 4, 18, 14, 10, 3, 3, 3, 6, 5, 4, 3]
minimum_height = 116
----------
x_coordinates = [3, 4, 17, 13, 16, 8, 9, 0, 12, 1, 1, 3, 17, 6, 11]
y_coordinates = [45, 100, 104, 109, 97, 82, 101, 102, 101, 112, 95, 106, 92, 108, 96]
x_dimensions = [15, 5, 4, 4, 4, 3, 3, 3, 9, 8, 3, 3, 3, 3, 3]
y_dimensions = [5, 6, 11, 6, 4, 18, 14, 10, 3, 3, 7, 6, 5, 4, 3]
minimum_height = 115
----------
x_coordinates = [4, 13, 17, 13, 16, 8, 6, 3, 12, 9, 0, 0, 18, 9, 12]
y_coordinates = [33, 96, 103, 102, 89, 82, 100, 104, 93, 111, 101, 108, 98, 107, 108]
x_dimensions = [15, 5, 4, 4, 4, 3, 3, 3, 9, 8, 3, 3, 3, 3, 3]
y_dimensions = [5, 6, 11, 6, 4, 18, 14, 10, 3, 3, 7, 6, 5, 4, 3]
minimum_height = 114
----------
x_coordinates = [2, 16, 11, 16, 17, 10, 8, 2, 12, 4, 14, 5, 17, 15, 18]
y_coordinates = [34, 97, 102, 103, 85, 76, 99, 103, 94, 96, 63, 107, 89, 109, 110]
x_dimensions = [15, 5, 4, 4, 4, 3, 3, 3, 9, 8, 7, 3, 3, 3, 3]
y_dimensions = [5, 6, 11, 6, 4, 18, 14, 10, 3, 3, 3, 6, 5, 4, 3]
minimum_height = 113
----------
x_coordinates = [4, 5, 10, 14, 16, 16, 18, 2, 13, 13, 10, 7, 17, 18, 18]
y_coordinates = [32, 100, 101, 104, 61, 73, 91, 102, 61, 70, 98, 106, 65, 105, 109]
x_dimensions = [15, 5, 4, 4, 4, 3, 3, 3, 3, 8, 7, 3, 3, 3, 3]
y_dimensions = [5, 6, 11, 6, 4, 18, 14, 10, 9, 3, 3, 6, 5, 4, 3]
minimum_height = 112
----------
x_coordinates = [6, 2, 13, 17, 17, 7, 10, 7, 14, 13, 4, 10, 17, 18, 16]
y_coordinates = [53, 98, 100, 99, 95, 83, 90, 101, 91, 85, 104, 105, 80, 107, 88]
x_dimensions = [5, 5, 4, 4, 4, 3, 3, 3, 3, 8, 3, 3, 3, 3, 3]
y_dimensions = [15, 6, 11, 6, 4, 18, 14, 10, 9, 3, 7, 6, 5, 4, 3]
minimum_height = 111
----------
x_coordinates = [5, 0, 14, 7, 14, 8, 11, 18, 18, 0, 15, 5, 17, 18, 16]
y_coordinates = [42, 101, 92, 102, 88, 84, 96, 100, 87, 86, 103, 96, 79, 96, 84]
x_dimensions = [15, 5, 4, 4, 4, 3, 3, 3, 3, 8, 3, 3, 3, 3, 3]
y_dimensions = [5, 6, 11, 6, 4, 18, 14, 10, 9, 3, 7, 6, 5, 4, 3]
minimum_height = 110
----------
x_coordinates = [2, 12, 16, 7, 17, 0, 14, 3, 14, 12, 16, 13, 18, 9, 12]
y_coordinates = [45, 73, 98, 105, 91, 91, 59, 102, 86, 95, 79, 103, 72, 95, 98]
x_dimensions = [15, 5, 4, 6, 4, 3, 3, 10, 3, 8, 3, 3, 3, 3, 3]
y_dimensions = [5, 6, 11, 4, 4, 18, 14, 3, 9, 3, 7, 6, 5, 4, 3]
minimum_height = 109
----------
x_coordinates = [1, 11, 16, 9, 17, 0, 18, 3, 14, 13, 15, 7, 17, 10, 13]
y_coordinates = [49, 85, 81, 104, 97, 90, 67, 101, 92, 101, 74, 80, 92, 80, 82]
x_dimensions = [15, 5, 4, 6, 4, 3, 3, 10, 3, 8, 3, 3, 3, 3, 3]
y_dimensions = [5, 6, 11, 4, 4, 18, 14, 3, 9, 3, 7, 6, 5, 4, 3]
minimum_height = 108
----------
x_coordinates = [9, 3, 17, 16, 7, 3, 14, 8, 0, 6, 0, 18, 17, 8, 11]
y_coordinates = [37, 100, 90, 81, 94, 87, 90, 104, 86, 91, 100, 101, 76, 98, 100]
x_dimensions = [5, 5, 4, 4, 4, 18, 3, 10, 3, 8, 3, 3, 3, 3, 3]
y_dimensions = [15, 6, 11, 6, 4, 3, 14, 3, 9, 3, 7, 6, 5, 4, 3]
minimum_height = 107
----------
x_coordinates = [1, 12, 0, 14, 17, 0, 18, 0, 8, 10, 15, 12, 17, 6, 9]
y_coordinates = [42, 87, 91, 81, 88, 100, 92, 103, 82, 103, 93, 94, 76, 96, 97]
x_dimensions = [15, 5, 11, 4, 4, 18, 3, 10, 3, 8, 3, 3, 3, 3, 3]
y_dimensions = [5, 6, 4, 6, 4, 3, 14, 3, 9, 3, 7, 6, 5, 4, 3]
minimum_height = 106
----------
x_coordinates = [5, 2, 10, 11, 6, 18, 15, 0, 8, 7, 3, 17, 17, 15, 0]
y_coordinates = [3, 86, 94, 85, 101, 87, 91, 95, 82, 91, 98, 81, 76, 87, 99]
x_dimensions = [15, 5, 4, 4, 4, 3, 3, 10, 3, 8, 3, 3, 3, 3, 3]
y_dimensions = [5, 6, 11, 6, 4, 18, 14, 3, 9, 3, 7, 6, 5, 4, 3]
minimum_height = 105
----------
x_coordinates = [2, 16, 10, 17, 9, 0, 4, 0, 12, 13, 18, 0, 17, 3, 6]
y_coordinates = [51, 83, 100, 77, 95, 89, 92, 99, 80, 97, 90, 93, 72, 95, 96]
x_dimensions = [15, 5, 11, 4, 4, 18, 14, 10, 3, 8, 3, 3, 3, 3, 3]
y_dimensions = [5, 6, 4, 6, 4, 3, 3, 3, 9, 3, 7, 6, 5, 4, 3]
minimum_height = 104
----------
x_coordinates = [5, 3, 10, 14, 3, 3, 7, 8, 9, 2, 0, 18, 18, 0, 0]
y_coordinates = [49, 87, 99, 84, 96, 93, 96, 90, 81, 100, 92, 87, 81, 84, 89]
x_dimensions = [15, 5, 11, 4, 4, 18, 14, 10, 3, 8, 3, 3, 3, 3, 3]
y_dimensions = [5, 6, 4, 6, 4, 3, 3, 3, 9, 3, 7, 6, 5, 4, 3]
minimum_height = 103
----------
x_coordinates = [9, 9, 14, 9, 15, 18, 0, 4, 0, 7, 18, 6, 17, 3, 13]
y_coordinates = [46, 87, 86, 81, 98, 72, 96, 93, 86, 99, 90, 85, 67, 89, 83]
x_dimensions = [5, 5, 4, 4, 4, 3, 14, 10, 3, 8, 3, 3, 3, 3, 3]
y_dimensions = [15, 6, 11, 6, 4, 18, 3, 3, 9, 3, 7, 6, 5, 4, 3]
minimum_height = 102
----------
x_coordinates = [2, 16, 10, 11, 0, 3, 4, 11, 8, 18, 7, 13, 17, 5, 1]
y_coordinates = [12, 82, 88, 77, 97, 71, 96, 74, 76, 92, 93, 81, 77, 89, 94]
x_dimensions = [15, 5, 11, 6, 4, 3, 14, 10, 3, 3, 7, 3, 3, 3, 3]
y_dimensions = [5, 6, 4, 4, 4, 18, 3, 3, 9, 8, 3, 6, 5, 4, 3]
minimum_height = 101
----------
x_coordinates = [10, 13, 17, 13, 3, 5, 0, 8, 16, 14, 7, 18, 18, 0, 14]
y_coordinates = [45, 80, 89, 74, 92, 73, 96, 86, 65, 89, 93, 83, 78, 90, 97]
x_dimensions = [5, 5, 4, 6, 4, 3, 14, 10, 3, 3, 7, 3, 3, 3, 3]
y_dimensions = [15, 6, 11, 4, 4, 18, 3, 3, 9, 8, 3, 6, 5, 4, 3]
minimum_height = 100
----------
x_coordinates = [3, 10, 17, 15, 13, 4, 7, 8, 7, 1, 10, 6, 17, 7, 14]
y_coordinates = [1, 74, 88, 76, 92, 79, 83, 80, 86, 82, 92, 73, 71, 95, 96]
x_dimensions = [15, 5, 4, 6, 4, 3, 14, 10, 3, 3, 3, 3, 3, 3, 3]
y_dimensions = [5, 6, 11, 4, 4, 18, 3, 3, 9, 8, 7, 6, 5, 4, 3]
minimum_height = 99
----------
x_coordinates = [1, 16, 6, 14, 17, 6, 1, 5, 9, 15, 18, 12, 17, 16, 3]
y_coordinates = [48, 79, 94, 71, 93, 70, 91, 88, 79, 85, 86, 82, 66, 75, 95]
x_dimensions = [5, 5, 11, 6, 4, 3, 14, 10, 3, 3, 3, 3, 3, 3, 3]
y_dimensions = [15, 6, 4, 4, 4, 18, 3, 3, 9, 8, 7, 6, 5, 4, 3]
minimum_height = 98
----------
x_coordinates = [6, 10, 7, 15, 14, 17, 0, 11, 14, 18, 1, 17, 17, 4, 4]
y_coordinates = [47, 66, 89, 67, 93, 71, 94, 39, 80, 89, 87, 61, 56, 90, 87]
x_dimensions = [15, 5, 11, 6, 4, 3, 14, 10, 3, 3, 3, 3, 3, 3, 3]
y_dimensions = [5, 6, 4, 4, 4, 18, 3, 3, 9, 8, 7, 6, 5, 4, 3]
minimum_height = 97
----------
x_coordinates = [5, 12, 7, 11, 14, 4, 0, 7, 17, 18, 17, 9, 17, 1, 0]
y_coordinates = [37, 79, 88, 75, 92, 75, 93, 85, 71, 87, 80, 79, 66, 86, 90]
x_dimensions = [15, 5, 11, 6, 4, 3, 14, 10, 3, 3, 3, 3, 3, 3, 3]
y_dimensions = [5, 6, 4, 4, 4, 18, 3, 3, 9, 8, 7, 6, 5, 4, 3]
minimum_height = 96
----------
x_coordinates = [1, 10, 7, 15, 3, 5, 1, 8, 15, 18, 0, 18, 17, 2, 15]
y_coordinates = [15, 75, 88, 72, 88, 70, 92, 85, 76, 87, 84, 80, 67, 80, 92]
x_dimensions = [15, 5, 11, 6, 4, 3, 14, 10, 3, 3, 3, 3, 3, 3, 3]
y_dimensions = [5, 6, 4, 4, 4, 18, 3, 3, 9, 8, 7, 6, 5, 4, 3]
minimum_height = 95
----------
x_coordinates = [6, 10, 10, 11, 0, 18, 7, 9, 9, 2, 4, 15, 17, 1, 7]
y_coordinates = [6, 70, 90, 66, 87, 67, 85, 50, 76, 91, 84, 75, 62, 83, 88]
x_dimensions = [15, 5, 11, 6, 4, 3, 14, 10, 3, 8, 3, 3, 3, 3, 3]
y_dimensions = [5, 6, 4, 4, 4, 18, 3, 3, 9, 3, 7, 6, 5, 4, 3]
minimum_height = 94
----------
x_coordinates = [1, 12, 10, 17, 3, 4, 7, 8, 9, 2, 0, 18, 17, 2, 7]
y_coordinates = [0, 77, 89, 78, 86, 68, 84, 72, 75, 90, 83, 72, 67, 64, 87]
x_dimensions = [15, 5, 11, 4, 4, 3, 14, 10, 3, 8, 3, 3, 3, 3, 3]
y_dimensions = [5, 6, 4, 6, 4, 18, 3, 3, 9, 3, 7, 6, 5, 4, 3]
minimum_height = 93
----------
x_coordinates = [1, 13, 10, 11, 0, 18, 7, 5, 15, 2, 4, 2, 18, 6, 7]
y_coordinates = [37, 68, 88, 77, 85, 65, 83, 74, 74, 89, 82, 73, 60, 78, 86]
x_dimensions = [5, 5, 11, 4, 4, 3, 14, 10, 3, 8, 3, 3, 3, 3, 3]
y_dimensions = [15, 6, 4, 6, 4, 18, 3, 3, 9, 3, 7, 6, 5, 4, 3]
minimum_height = 92
----------
x_coordinates = [5, 12, 8, 17, 17, 5, 3, 11, 8, 9, 0, 18, 18, 2, 6]
y_coordinates = [9, 71, 81, 66, 87, 67, 85, 78, 71, 88, 84, 72, 61, 80, 88]
x_dimensions = [15, 5, 11, 4, 4, 3, 14, 10, 3, 8, 3, 3, 3, 3, 3]
y_dimensions = [5, 6, 4, 6, 4, 18, 3, 3, 9, 3, 7, 6, 5, 4, 3]
minimum_height = 91
----------
x_coordinates = [3, 12, 7, 17, 3, 8, 0, 11, 15, 18, 5, 12, 18, 5, 12]
y_coordinates = [44, 68, 86, 68, 86, 68, 76, 74, 77, 82, 79, 77, 77, 75, 83]
x_dimensions = [5, 5, 11, 4, 4, 3, 3, 10, 3, 3, 3, 3, 3, 3, 3]
y_dimensions = [15, 6, 4, 6, 4, 18, 14, 3, 9, 8, 7, 6, 5, 4, 3]
minimum_height = 90
----------
x_coordinates = [6, 12, 10, 17, 3, 14, 0, 9, 18, 7, 11, 18, 18, 8, 4]
y_coordinates = [5, 61, 85, 64, 85, 67, 75, 29, 70, 81, 78, 79, 59, 76, 79]
x_dimensions = [15, 5, 11, 4, 4, 3, 3, 10, 3, 3, 3, 3, 3, 3, 3]
y_dimensions = [5, 6, 4, 6, 4, 18, 14, 3, 9, 8, 7, 6, 5, 4, 3]
minimum_height = 89
----------
x_coordinates = [6, 13, 0, 17, 17, 12, 14, 4, 18, 11, 8, 18, 18, 10, 17]
y_coordinates = [7, 68, 84, 75, 84, 50, 74, 74, 60, 80, 77, 69, 55, 70, 81]
x_dimensions = [15, 5, 11, 4, 4, 3, 3, 10, 3, 3, 3, 3, 3, 3, 3]
y_dimensions = [5, 6, 4, 6, 4, 18, 14, 3, 9, 8, 7, 6, 5, 4, 3]
minimum_height = 88
----------
x_coordinates = [5, 12, 6, 11, 17, 18, 3, 8, 16, 0, 16, 18, 17, 5, 15]
y_coordinates = [32, 69, 83, 77, 83, 58, 73, 74, 42, 79, 51, 76, 37, 56, 80]
x_dimensions = [15, 6, 11, 4, 4, 3, 3, 10, 3, 3, 3, 3, 3, 3, 3]
y_dimensions = [5, 5, 4, 6, 4, 18, 14, 3, 9, 8, 7, 6, 5, 4, 3]
minimum_height = 87
----------
x_coordinates = [3, 15, 0, 0, 17, 1, 14, 4, 18, 11, 10, 18, 18, 10, 18]
y_coordinates = [42, 67, 82, 76, 82, 58, 72, 75, 58, 78, 68, 73, 51, 55, 79]
x_dimensions = [15, 6, 11, 4, 4, 3, 3, 10, 3, 3, 3, 3, 3, 3, 3]
y_dimensions = [5, 5, 4, 6, 4, 18, 14, 3, 9, 8, 7, 6, 5, 4, 3]
minimum_height = 86
----------
x_coordinates = [6, 15, 7, 14, 0, 18, 7, 11, 17, 4, 18, 18, 17, 6, 8]
y_coordinates = [2, 52, 75, 69, 81, 34, 79, 82, 57, 77, 72, 66, 29, 70, 82]
x_dimensions = [15, 6, 11, 4, 4, 3, 14, 10, 3, 3, 3, 3, 3, 3, 3]
y_dimensions = [5, 5, 4, 6, 4, 18, 3, 3, 9, 8, 7, 6, 5, 4, 3]
minimum_height = 85
----------
x_coordinates = [1, 14, 4, 3, 17, 0, 3, 7, 16, 15, 18, 18, 17, 2, 18]
y_coordinates = [41, 50, 69, 78, 74, 66, 73, 77, 55, 65, 64, 78, 45, 62, 71]
x_dimensions = [15, 6, 11, 4, 4, 3, 14, 10, 3, 3, 3, 3, 3, 3, 3]
y_dimensions = [5, 5, 4, 6, 4, 18, 3, 3, 9, 8, 7, 6, 5, 4, 3]
minimum_height = 84
----------
x_coordinates = [6, 15, 5, 1, 17, 2, 3, 7, 16, 16, 4, 0, 18, 4, 15]
y_coordinates = [26, 47, 70, 68, 79, 74, 80, 77, 57, 66, 61, 77, 52, 56, 54]
x_dimensions = [15, 6, 11, 4, 4, 18, 14, 10, 3, 3, 3, 3, 3, 3, 3]
y_dimensions = [5, 5, 4, 6, 4, 3, 3, 3, 9, 8, 7, 6, 5, 4, 3]
minimum_height = 83
----------
x_coordinates = [2, 15, 7, 0, 17, 4, 3, 2, 17, 18, 18, 12, 17, 1, 16]
y_coordinates = [38, 46, 72, 73, 60, 61, 58, 79, 51, 74, 67, 78, 41, 69, 64]
x_dimensions = [5, 6, 11, 4, 4, 3, 14, 10, 3, 3, 3, 6, 3, 3, 3]
y_dimensions = [15, 5, 4, 6, 4, 18, 3, 3, 9, 8, 7, 3, 5, 4, 3]
minimum_height = 82
----------
x_coordinates = [3, 15, 7, 14, 10, 7, 7, 4, 17, 18, 4, 1, 17, 1, 17]
y_coordinates = [35, 50, 73, 67, 69, 54, 78, 61, 58, 70, 71, 78, 44, 70, 55]
x_dimensions = [15, 6, 11, 4, 4, 3, 14, 3, 3, 3, 3, 6, 3, 3, 3]
y_dimensions = [5, 5, 4, 6, 4, 18, 3, 10, 9, 8, 7, 3, 5, 4, 3]
minimum_height = 81
----------
x_coordinates = [3, 14, 7, 3, 11, 7, 4, 15, 16, 18, 18, 0, 17, 1, 17]
y_coordinates = [34, 56, 71, 69, 67, 53, 75, 61, 47, 72, 65, 70, 39, 76, 44]
x_dimensions = [15, 6, 11, 4, 4, 3, 14, 3, 3, 3, 3, 3, 3, 3, 3]
y_dimensions = [5, 5, 4, 6, 4, 18, 3, 10, 9, 8, 7, 6, 5, 4, 3]
minimum_height = 80
----------
x_coordinates = [2, 14, 7, 3, 3, 15, 7, 0, 18, 18, 9, 12, 18, 5, 16]
y_coordinates = [1, 46, 72, 69, 75, 54, 76, 68, 59, 68, 65, 66, 41, 66, 51]
x_dimensions = [15, 6, 11, 4, 4, 3, 14, 3, 3, 3, 3, 3, 3, 4, 3]
y_dimensions = [5, 5, 4, 6, 4, 18, 3, 10, 9, 8, 7, 6, 5, 3, 3]
minimum_height = 79
----------
x_coordinates = [5, 14, 6, 8, 3, 12, 7, 18, 16, 15, 15, 0, 17, 5, 16]
y_coordinates = [3, 47, 53, 69, 74, 57, 75, 65, 38, 67, 60, 72, 52, 66, 57]
x_dimensions = [15, 6, 11, 4, 4, 3, 14, 3, 3, 3, 3, 3, 3, 3, 3]
y_dimensions = [5, 5, 4, 6, 4, 18, 3, 10, 9, 8, 7, 6, 5, 4, 3]
minimum_height = 78
----------
x_coordinates = [2, 14, 7, 11, 0, 18, 7, 1, 16, 15, 4, 4, 17, 8, 16]
y_coordinates = [29, 39, 62, 68, 73, 56, 74, 63, 47, 66, 64, 71, 33, 70, 44]
x_dimensions = [15, 6, 11, 4, 4, 3, 14, 3, 3, 3, 3, 3, 3, 3, 3]
y_dimensions = [5, 5, 4, 6, 4, 18, 3, 10, 9, 8, 7, 6, 5, 4, 3]
minimum_height = 77
----------
x_coordinates = [1, 15, 10, 7, 17, 11, 0, 18, 16, 16, 8, 14, 18, 18, 16]
y_coordinates = [37, 42, 47, 67, 72, 55, 73, 62, 33, 51, 58, 70, 28, 24, 59]
x_dimensions = [15, 6, 11, 4, 4, 3, 14, 3, 3, 3, 3, 3, 3, 3, 3]
y_dimensions = [5, 5, 4, 6, 4, 18, 3, 10, 9, 8, 7, 6, 5, 4, 3]
minimum_height = 76
----------
x_coordinates = [4, 14, 6, 6, 3, 15, 7, 0, 16, 18, 12, 3, 18, 17, 18]
y_coordinates = [15, 43, 48, 64, 71, 52, 70, 65, 34, 59, 63, 65, 52, 48, 67]
x_dimensions = [15, 6, 11, 4, 4, 3, 14, 3, 3, 3, 3, 3, 3, 3, 3]
y_dimensions = [5, 5, 4, 6, 4, 18, 3, 10, 9, 8, 7, 6, 5, 4, 3]
minimum_height = 75
----------
x_coordinates = [6, 14, 7, 8, 4, 12, 1, 18, 17, 17, 18, 15, 17, 18, 15]
y_coordinates = [12, 40, 48, 65, 67, 53, 71, 64, 31, 56, 49, 68, 26, 45, 65]
x_dimensions = [15, 6, 11, 4, 4, 3, 14, 3, 3, 3, 3, 3, 3, 3, 3]
y_dimensions = [5, 5, 4, 6, 4, 18, 3, 10, 9, 8, 7, 6, 5, 4, 3]
minimum_height = 74
----------
x_coordinates = [6, 14, 10, 8, 14, 12, 0, 15, 17, 18, 18, 18, 17, 17, 17]
y_coordinates = [14, 40, 45, 64, 69, 51, 70, 58, 31, 59, 52, 67, 26, 19, 49]
x_dimensions = [15, 6, 11, 4, 4, 3, 14, 3, 3, 3, 3, 3, 3, 3, 3]
y_dimensions = [5, 5, 4, 6, 4, 18, 3, 10, 9, 8, 7, 6, 5, 4, 3]
minimum_height = 73
----------
x_coordinates = [2, 14, 10, 11, 14, 7, 1, 18, 16, 4, 17, 15, 17, 4, 18]
y_coordinates = [26, 43, 55, 63, 59, 50, 69, 62, 34, 61, 48, 66, 28, 54, 59]
x_dimensions = [15, 6, 11, 4, 4, 3, 14, 3, 3, 3, 3, 3, 3, 3, 3]
y_dimensions = [5, 5, 4, 6, 4, 18, 3, 10, 9, 8, 7, 6, 5, 4, 3]
minimum_height = 72
----------
x_coordinates = [6, 14, 9, 10, 6, 14, 1, 18, 17, 17, 3, 15, 17, 16, 15]
y_coordinates = [16, 35, 40, 60, 60, 44, 68, 61, 44, 53, 60, 65, 28, 24, 62]
x_dimensions = [15, 6, 11, 4, 4, 3, 14, 3, 3, 3, 3, 3, 3, 3, 3]
y_dimensions = [5, 5, 4, 6, 4, 18, 3, 10, 9, 8, 7, 6, 5, 4, 3]
minimum_height = 71
----------
x_coordinates = [6, 14, 10, 11, 17, 8, 18, 15, 16, 14, 12, 15, 17, 17, 16]
y_coordinates = [14, 33, 38, 50, 47, 50, 53, 57, 24, 42, 56, 51, 19, 43, 67]
x_dimensions = [15, 6, 11, 4, 4, 3, 3, 3, 3, 3, 3, 3, 3, 3, 3]
y_dimensions = [5, 5, 4, 6, 4, 18, 14, 10, 9, 8, 7, 6, 5, 4, 3]
minimum_height = 70
----------
x_coordinates = [6, 15, 6, 13, 3, 0, 7, 15, 16, 17, 14, 18, 17, 18, 18]
y_coordinates = [3, 31, 43, 47, 58, 53, 56, 59, 22, 42, 36, 50, 37, 61, 66]
x_dimensions = [15, 6, 11, 4, 4, 18, 14, 3, 3, 3, 3, 3, 3, 3, 3]
y_dimensions = [5, 5, 4, 6, 4, 3, 3, 10, 9, 8, 7, 6, 5, 4, 3]
minimum_height = 69
----------
x_coordinates = [2, 14, 10, 13, 8, 16, 1, 15, 18, 18, 18, 17, 17, 12, 16]
y_coordinates = [8, 3, 25, 29, 55, 35, 59, 58, 16, 60, 53, 29, 8, 55, 13]
x_dimensions = [15, 6, 11, 4, 4, 3, 14, 3, 3, 3, 3, 3, 3, 3, 3]
y_dimensions = [5, 5, 4, 6, 4, 18, 3, 10, 9, 8, 7, 6, 5, 4, 3]
minimum_height = 68
----------
x_coordinates = [10, 15, 6, 14, 3, 3, 7, 11, 16, 3, 0, 18, 17, 0, 18]
y_coordinates = [28, 41, 46, 50, 58, 62, 56, 59, 32, 49, 56, 46, 27, 63, 53]
x_dimensions = [5, 6, 11, 4, 4, 18, 14, 10, 3, 3, 3, 3, 3, 3, 3]
y_dimensions = [15, 5, 4, 6, 4, 3, 3, 3, 9, 8, 7, 6, 5, 4, 3]
minimum_height = 67
----------
x_coordinates = [6, 15, 10, 12, 16, 3, 2, 7, 16, 18, 15, 16, 18, 17, 16]
y_coordinates = [0, 31, 36, 40, 47, 59, 46, 63, 22, 51, 52, 41, 13, 62, 19]
x_dimensions = [15, 6, 11, 4, 4, 18, 14, 10, 3, 3, 3, 3, 3, 3, 3]
y_dimensions = [5, 5, 4, 6, 4, 3, 3, 3, 9, 8, 7, 6, 5, 4, 3]
minimum_height = 66
----------
x_coordinates = [2, 14, 10, 17, 13, 3, 3, 11, 12, 18, 15, 0, 18, 8, 16]
y_coordinates = [6, 36, 32, 52, 51, 58, 55, 62, 42, 44, 44, 57, 27, 61, 41]
x_dimensions = [15, 6, 11, 4, 4, 18, 14, 10, 3, 3, 3, 3, 3, 3, 3]
y_dimensions = [5, 5, 4, 6, 4, 3, 3, 3, 9, 8, 7, 6, 5, 4, 3]
minimum_height = 65
----------
x_coordinates = [4, 16, 10, 14, 12, 3, 0, 11, 18, 0, 10, 2, 17, 8, 2]
y_coordinates = [9, 42, 38, 51, 42, 57, 53, 61, 48, 56, 46, 47, 33, 60, 41]
x_dimensions = [15, 5, 11, 4, 4, 18, 14, 10, 3, 3, 3, 3, 3, 3, 3]
y_dimensions = [5, 6, 4, 6, 4, 3, 3, 3, 9, 8, 7, 6, 5, 4, 3]
minimum_height = 64
----------
x_coordinates = [1, 16, 10, 13, 14, 17, 10, 11, 16, 15, 18, 8, 18, 18, 13]
y_coordinates = [21, 11, 26, 54, 38, 42, 41, 60, 17, 30, 35, 57, 30, 7, 16]
x_dimensions = [15, 5, 11, 4, 4, 3, 3, 10, 3, 3, 3, 3, 3, 3, 3]
y_dimensions = [5, 6, 4, 6, 4, 18, 14, 3, 9, 8, 7, 6, 5, 4, 3]
minimum_height = 63
----------
x_coordinates = [0, 13, 10, 11, 17, 16, 8, 11, 17, 16, 18, 5, 17, 17, 14]
y_coordinates = [25, 49, 31, 55, 55, 13, 48, 59, 35, 5, 48, 56, 0, 44, 42]
x_dimensions = [15, 5, 11, 6, 4, 3, 3, 10, 3, 3, 3, 3, 3, 3, 3]
y_dimensions = [5, 6, 4, 4, 4, 18, 14, 3, 9, 8, 7, 6, 5, 4, 3]
minimum_height = 62
----------
x_coordinates = [0, 5, 7, 11, 17, 16, 2, 17, 10, 16, 18, 8, 17, 13, 2]
y_coordinates = [4, 45, 51, 55, 57, 31, 47, 21, 42, 13, 49, 55, 8, 46, 44]
x_dimensions = [15, 5, 11, 6, 4, 3, 3, 3, 3, 3, 3, 3, 3, 3, 3]
y_dimensions = [5, 6, 4, 4, 4, 18, 14, 10, 9, 8, 7, 6, 5, 4, 3]
minimum_height = 61
----------
x_coordinates = [1, 4, 8, 8, 17, 18, 14, 16, 15, 11, 9, 5, 17, 12, 18]
y_coordinates = [20, 45, 13, 55, 56, 27, 46, 17, 37, 10, 44, 54, 51, 42, 45]
x_dimensions = [15, 5, 11, 6, 4, 3, 3, 3, 3, 8, 3, 3, 3, 3, 3]
y_dimensions = [5, 6, 4, 4, 4, 18, 14, 10, 9, 3, 7, 6, 5, 4, 3]
minimum_height = 60
----------
x_coordinates = [4, 16, 9, 10, 17, 15, 14, 17, 13, 11, 17, 7, 18, 12, 9]
y_coordinates = [26, 32, 10, 53, 55, 14, 45, 38, 36, 7, 48, 53, 27, 31, 34]
x_dimensions = [5, 5, 11, 4, 4, 3, 3, 3, 3, 8, 3, 3, 3, 3, 3]
y_dimensions = [15, 6, 4, 6, 4, 18, 14, 10, 9, 3, 7, 6, 5, 4, 3]
minimum_height = 59
----------
x_coordinates = [1, 0, 5, 11, 16, 16, 15, 16, 18, 14, 12, 5, 17, 17, 8]
y_coordinates = [27, 52, 17, 54, 36, 18, 40, 8, 45, 0, 35, 52, 3, 54, 53]
x_dimensions = [15, 5, 11, 6, 4, 3, 3, 3, 3, 3, 3, 3, 3, 3, 3]
y_dimensions = [5, 6, 4, 4, 4, 18, 14, 10, 9, 8, 7, 6, 5, 4, 3]
minimum_height = 58
----------
x_coordinates = [0, 10, 7, 12, 17, 17, 15, 18, 7, 15, 18, 4, 18, 7, 18]
y_coordinates = [13, 47, 5, 53, 35, 17, 39, 0, 43, 9, 10, 51, 47, 52, 52]
x_dimensions = [15, 5, 11, 6, 4, 3, 3, 3, 3, 3, 3, 3, 3, 3, 3]
y_dimensions = [5, 6, 4, 4, 4, 18, 14, 10, 9, 8, 7, 6, 5, 4, 3]
minimum_height = 57
----------
x_coordinates = [1, 9, 7, 15, 17, 18, 15, 11, 18, 18, 18, 8, 4, 14, 17]
y_coordinates = [23, 48, 7, 33, 26, 8, 38, 30, 44, 0, 37, 29, 51, 52, 53]
x_dimensions = [15, 5, 11, 6, 4, 3, 3, 10, 3, 3, 3, 3, 5, 3, 3]
y_dimensions = [5, 6, 4, 4, 4, 18, 14, 3, 9, 8, 7, 6, 3, 4, 3]
minimum_height = 56
----------
x_coordinates = [0, 10, 7, 15, 14, 18, 15, 18, 18, 17, 12, 7, 11, 6, 9]
y_coordinates = [12, 45, 14, 37, 18, 19, 41, 9, 42, 1, 36, 49, 8, 42, 40]
x_dimensions = [5, 5, 11, 6, 4, 3, 3, 3, 3, 3, 3, 3, 5, 3, 3]
y_dimensions = [15, 6, 4, 4, 4, 18, 14, 10, 9, 8, 7, 6, 3, 4, 3]
minimum_height = 55
----------
x_coordinates = [5, 4, 7, 17, 14, 18, 15, 18, 18, 15, 11, 9, 17, 12, 18]
y_coordinates = [19, 48, 7, 34, 11, 16, 40, 6, 42, 15, 14, 48, 1, 50, 51]
x_dimensions = [5, 5, 11, 4, 4, 3, 3, 3, 3, 3, 3, 3, 3, 3, 3]
y_dimensions = [15, 6, 4, 6, 4, 18, 14, 10, 9, 8, 7, 6, 5, 4, 3]
minimum_height = 54
----------
x_coordinates = [3, 12, 8, 17, 14, 18, 3, 18, 9, 18, 8, 0, 17, 6, 15]
y_coordinates = [22, 47, 1, 47, 36, 19, 39, 37, 44, 11, 36, 46, 6, 46, 44]
x_dimensions = [15, 5, 11, 4, 4, 3, 3, 3, 3, 3, 3, 3, 3, 3, 3]
y_dimensions = [5, 6, 4, 6, 4, 18, 14, 10, 9, 8, 7, 6, 5, 4, 3]
minimum_height = 53
----------
x_coordinates = [0, 3, 5, 17, 16, 18, 8, 15, 17, 18, 14, 14, 17, 11, 14]
y_coordinates = [23, 46, 5, 37, 2, 19, 38, 18, 43, 11, 35, 46, 6, 44, 42]
x_dimensions = [15, 5, 11, 4, 4, 3, 3, 3, 3, 3, 3, 3, 3, 3, 3]
y_dimensions = [5, 6, 4, 6, 4, 18, 14, 10, 9, 8, 7, 6, 5, 4, 3]
minimum_height = 52
----------
x_coordinates = [0, 10, 7, 16, 13, 18, 4, 17, 18, 18, 15, 10, 13, 7, 15]
y_coordinates = [5, 42, 22, 45, 32, 8, 39, 26, 36, 0, 7, 48, 36, 44, 42]
x_dimensions = [15, 5, 11, 4, 4, 3, 14, 3, 3, 3, 3, 6, 5, 3, 3]
y_dimensions = [5, 6, 4, 6, 4, 18, 3, 10, 9, 8, 7, 3, 3, 4, 3]
minimum_height = 51
----------
x_coordinates = [3, 5, 7, 17, 4, 8, 0, 11, 14, 18, 7, 1, 18, 10, 18]
y_coordinates = [2, 44, 19, 37, 36, 23, 41, 28, 36, 29, 12, 35, 24, 44, 43]
x_dimensions = [15, 5, 11, 4, 4, 3, 14, 3, 3, 3, 3, 3, 3, 3, 3]
y_dimensions = [5, 6, 4, 6, 4, 18, 3, 10, 9, 8, 7, 6, 5, 4, 3]
minimum_height = 50
----------
x_coordinates = [5, 1, 8, 16, 13, 9, 1, 11, 15, 18, 6, 8, 17, 12, 18]
y_coordinates = [1, 36, 6, 43, 10, 24, 42, 14, 34, 23, 35, 46, 18, 38, 40]
x_dimensions = [15, 5, 11, 4, 4, 3, 14, 3, 3, 3, 3, 6, 3, 3, 3]
y_dimensions = [5, 6, 4, 6, 4, 18, 3, 10, 9, 8, 7, 3, 5, 4, 3]
minimum_height = 49
----------
x_coordinates = [5, 6, 10, 17, 16, 11, 7, 14, 0, 18, 13, 8, 3, 14, 3]
y_coordinates = [9, 39, 16, 39, 26, 27, 45, 31, 38, 31, 20, 29, 38, 41, 44]
x_dimensions = [15, 5, 11, 4, 4, 3, 14, 3, 3, 3, 3, 3, 3, 3, 3]
y_dimensions = [5, 6, 4, 6, 4, 18, 3, 10, 9, 8, 7, 6, 5, 4, 3]
minimum_height = 48
----------
x_coordinates = [6, 3, 6, 3, 14, 11, 7, 18, 0, 8, 5, 16, 15, 12, 9]
y_coordinates = [10, 35, 18, 41, 34, 22, 44, 34, 37, 32, 28, 28, 39, 40, 40]
x_dimensions = [15, 5, 11, 4, 4, 3, 14, 3, 3, 3, 3, 3, 3, 3, 3]
y_dimensions = [5, 6, 4, 6, 4, 18, 3, 10, 9, 8, 7, 6, 5, 4, 3]
minimum_height = 47
----------
x_coordinates = [5, 12, 8, 9, 8, 17, 14, 6, 0, 9, 0, 3, 18, 15, 0]
y_coordinates = [11, 36, 18, 42, 29, 23, 22, 33, 43, 34, 32, 37, 41, 42, 40]
x_dimensions = [15, 5, 11, 6, 4, 3, 3, 3, 9, 3, 3, 3, 3, 3, 3]
y_dimensions = [5, 6, 4, 4, 4, 18, 14, 10, 3, 8, 7, 6, 5, 4, 3]
minimum_height = 46
----------
x_coordinates = [4, 4, 8, 9, 11, 15, 18, 9, 0, 12, 14, 18, 18, 15, 1]
y_coordinates = [7, 36, 12, 41, 27, 23, 20, 31, 42, 33, 16, 34, 40, 41, 39]
x_dimensions = [15, 5, 11, 6, 4, 3, 3, 3, 9, 3, 3, 3, 3, 3, 3]
y_dimensions = [5, 6, 4, 4, 4, 18, 14, 10, 3, 8, 7, 6, 5, 4, 3]
minimum_height = 45
----------
x_coordinates = [0, 8, 10, 13, 1, 17, 18, 5, 4, 15, 4, 2, 16, 13, 1]
y_coordinates = [11, 35, 5, 34, 30, 23, 9, 31, 41, 15, 22, 34, 41, 40, 40]
x_dimensions = [15, 5, 11, 4, 4, 3, 3, 3, 9, 3, 3, 3, 5, 3, 3]
y_dimensions = [5, 6, 4, 6, 4, 18, 14, 10, 3, 8, 7, 6, 3, 4, 3]
minimum_height = 44
----------
x_coordinates = [6, 11, 0, 17, 15, 13, 16, 14, 1, 10, 11, 18, 16, 15, 16]
y_coordinates = [11, 15, 4, 11, 1, 25, 26, 5, 40, 35, 4, 20, 40, 21, 17]
x_dimensions = [5, 5, 11, 4, 4, 3, 3, 3, 9, 3, 3, 3, 5, 3, 3]
y_dimensions = [15, 6, 4, 6, 4, 18, 14, 10, 3, 8, 7, 6, 3, 4, 3]
minimum_height = 43
----------
x_coordinates = [1, 13, 1, 10, 10, 14, 18, 17, 5, 15, 12, 17, 16, 15, 18]
y_coordinates = [1, 14, 13, 21, 35, 24, 5, 26, 39, 6, 7, 36, 0, 20, 19]
x_dimensions = [15, 5, 11, 4, 4, 3, 3, 3, 9, 3, 3, 3, 3, 3, 3]
y_dimensions = [5, 6, 4, 6, 4, 18, 14, 10, 3, 8, 7, 6, 5, 4, 3]
minimum_height = 42
----------
x_coordinates = [1, 16, 1, 10, 17, 15, 11, 18, 7, 18, 12, 10, 16, 17, 14]
y_coordinates = [11, 35, 26, 30, 3, 12, 9, 21, 32, 13, 23, 38, 7, 31, 30]
x_dimensions = [5, 5, 11, 4, 4, 3, 3, 3, 3, 3, 3, 6, 3, 3, 3]
y_dimensions = [15, 6, 4, 6, 4, 18, 14, 10, 9, 8, 7, 3, 5, 4, 3]
minimum_height = 41
----------
x_coordinates = [2, 16, 10, 0, 3, 7, 18, 4, 11, 14, 7, 9, 17, 3, 1]
y_coordinates = [15, 34, 28, 31, 7, 11, 14, 30, 14, 20, 29, 37, 9, 11, 37]
x_dimensions = [5, 5, 11, 4, 4, 3, 3, 3, 3, 3, 3, 6, 3, 3, 3]
y_dimensions = [15, 6, 4, 6, 4, 18, 14, 10, 9, 8, 7, 3, 5, 4, 3]
minimum_height = 40
----------
x_coordinates = [8, 13, 6, 17, 2, 18, 2, 0, 5, 3, 3, 11, 16, 2, 0]
y_coordinates = [15, 23, 30, 33, 2, 14, 10, 28, 9, 31, 24, 36, 9, 6, 25]
x_dimensions = [5, 5, 11, 4, 4, 3, 3, 3, 3, 3, 3, 6, 3, 3, 3]
y_dimensions = [15, 6, 4, 6, 4, 18, 14, 10, 9, 8, 7, 3, 5, 4, 3]
minimum_height = 39
----------
x_coordinates = [6, 16, 7, 3, 2, 18, 13, 0, 1, 17, 3, 4, 17, 1, 2]
y_coordinates = [16, 14, 31, 32, 15, 20, 17, 28, 2, 6, 25, 9, 1, 11, 19]
x_dimensions = [5, 5, 11, 4, 4, 3, 3, 3, 3, 3, 3, 3, 3, 3, 3]
y_dimensions = [15, 6, 4, 6, 4, 18, 14, 10, 9, 8, 7, 6, 5, 4, 3]
minimum_height = 38
----------
x_coordinates = [10, 14, 6, 17, 2, 18, 4, 0, 15, 1, 3, 15, 17, 2, 2]
y_coordinates = [15, 7, 30, 31, 1, 13, 15, 27, 15, 12, 29, 24, 2, 5, 9]
x_dimensions = [5, 5, 11, 4, 4, 3, 3, 3, 3, 3, 3, 3, 3, 3, 3]
y_dimensions = [15, 6, 4, 6, 4, 18, 14, 10, 9, 8, 7, 6, 5, 4, 3]
minimum_height = 37
----------
x_coordinates = [10, 16, 10, 6, 3, 7, 15, 1, 13, 17, 4, 14, 18, 3, 0]
y_coordinates = [14, 9, 29, 30, 12, 12, 15, 26, 5, 1, 23, 33, 16, 16, 14]
x_dimensions = [5, 5, 11, 4, 4, 3, 3, 3, 3, 3, 3, 6, 3, 3, 3]
y_dimensions = [15, 6, 4, 6, 4, 18, 14, 10, 9, 8, 7, 3, 5, 4, 3]
minimum_height = 36
----------
x_coordinates = [9, 16, 10, 6, 10, 15, 6, 18, 0, 3, 17, 14, 18, 7, 0]
y_coordinates = [16, 0, 6, 7, 12, 17, 16, 25, 12, 5, 10, 11, 20, 3, 5]
x_dimensions = [5, 5, 11, 4, 4, 3, 3, 3, 3, 3, 3, 3, 3, 3, 3]
y_dimensions = [15, 6, 4, 6, 4, 18, 14, 10, 9, 8, 7, 6, 5, 4, 3]
minimum_height = 35
----------
x_coordinates = [10, 14, 10, 3, 17, 7, 1, 4, 0, 7, 4, 15, 18, 3, 0]
y_coordinates = [16, 6, 12, 9, 17, 14, 20, 24, 11, 5, 15, 21, 1, 5, 8]
x_dimensions = [5, 5, 11, 4, 4, 3, 3, 3, 3, 3, 3, 6, 3, 3, 3]
y_dimensions = [15, 6, 4, 6, 4, 18, 14, 10, 9, 8, 7, 3, 5, 4, 3]
minimum_height = 34
----------
x_coordinates = [9, 13, 17, 17, 1, 14, 0, 6, 5, 18, 6, 15, 16, 8, 3]
y_coordinates = [15, 9, 22, 16, 9, 15, 13, 23, 5, 8, 16, 5, 0, 11, 14]
x_dimensions = [5, 5, 4, 4, 4, 3, 3, 3, 3, 3, 3, 6, 3, 3, 3]
y_dimensions = [15, 6, 11, 6, 4, 18, 14, 10, 9, 8, 7, 3, 5, 4, 3]
minimum_height = 33
----------
x_coordinates = [10, 4, 17, 16, 13, 7, 15, 4, 12, 10, 4, 18, 18, 9, 14]
y_coordinates = [9, 4, 21, 15, 25, 14, 1, 10, 0, 24, 20, 9, 4, 5, 29]
x_dimensions = [5, 5, 4, 4, 4, 3, 3, 3, 3, 3, 3, 3, 3, 3, 3]
y_dimensions = [15, 6, 11, 6, 4, 18, 14, 10, 9, 8, 7, 6, 5, 4, 3]
minimum_height = 32
----------
x_coordinates = [10, 2, 13, 17, 17, 7, 4, 4, 18, 10, 15, 14, 18, 9, 10]
y_coordinates = [5, 15, 20, 19, 27, 12, 1, 21, 4, 23, 12, 1, 13, 1, 20]
x_dimensions = [5, 5, 4, 4, 4, 3, 3, 3, 3, 3, 3, 6, 3, 3, 3]
y_dimensions = [15, 6, 11, 6, 4, 18, 14, 10, 9, 8, 7, 3, 5, 4, 3]
minimum_height = 31
----------
x_coordinates = [10, 16, 0, 4, 11, 15, 7, 1, 12, 18, 18, 15, 3, 9, 8]
y_coordinates = [9, 5, 9, 19, 24, 12, 4, 20, 0, 11, 19, 2, 3, 0, 24]
x_dimensions = [5, 5, 4, 4, 4, 3, 3, 3, 3, 3, 3, 6, 3, 3, 3]
y_dimensions = [15, 6, 11, 6, 4, 18, 14, 10, 9, 8, 7, 3, 5, 4, 3]
minimum_height = 30
----------
x_coordinates = [10, 16, 3, 17, 3, 7, 4, 0, 13, 15, 0, 17, 18, 9, 18]
y_coordinates = [13, 9, 14, 15, 25, 11, 0, 10, 4, 21, 20, 3, 21, 7, 26]
x_dimensions = [5, 5, 4, 4, 4, 3, 3, 3, 3, 3, 3, 3, 3, 3, 3]
y_dimensions = [15, 6, 11, 6, 4, 18, 14, 10, 9, 8, 7, 6, 5, 4, 3]
minimum_height = 29
----------
x_coordinates = [3, 12, 17, 4, 2, 8, 14, 11, 18, 0, 9, 1, 17, 15, 8]
y_coordinates = [5, 22, 17, 20, 1, 0, 8, 11, 3, 13, 21, 21, 12, 4, 18]
x_dimensions = [5, 5, 4, 4, 4, 3, 3, 3, 3, 3, 3, 3, 3, 3, 3]
y_dimensions = [15, 6, 11, 6, 4, 18, 14, 10, 9, 8, 7, 6, 5, 4, 3]
minimum_height = 28
----------
x_coordinates = [2, 6, 14, 7, 6, 11, 14, 17, 18, 3, 18, 0, 8, 11, 10]
y_coordinates = [0, 16, 2, 10, 22, 6, 13, 17, 1, 15, 10, 15, 5, 2, 24]
x_dimensions = [5, 5, 4, 4, 4, 3, 3, 3, 3, 3, 3, 3, 3, 3, 3]
y_dimensions = [15, 6, 11, 6, 4, 18, 14, 10, 9, 8, 7, 6, 5, 4, 3]
minimum_height = 27
----------
x_coordinates = [7, 2, 10, 6, 0, 12, 15, 18, 0, 3, 15, 4, 18, 6, 4]
y_coordinates = [10, 11, 1, 4, 19, 8, 12, 11, 2, 3, 5, 20, 6, 0, 17]
x_dimensions = [5, 5, 11, 4, 4, 3, 3, 3, 3, 3, 3, 3, 3, 3, 3]
y_dimensions = [15, 6, 4, 6, 4, 18, 14, 10, 9, 8, 7, 6, 5, 4, 3]
minimum_height = 26
----------
x_coordinates = [10, 3, 17, 10, 6, 0, 18, 14, 7, 4, 15, 0, 15, 6, 8]
y_coordinates = [0, 14, 14, 19, 1, 0, 0, 15, 5, 6, 7, 18, 2, 21, 16]
x_dimensions = [5, 5, 4, 4, 4, 3, 3, 3, 3, 3, 3, 3, 3, 3, 3]
y_dimensions = [15, 6, 11, 6, 4, 18, 14, 10, 9, 8, 7, 6, 5, 4, 3]
minimum_height = 25
----------
x_coordinates = [3, 9, 11, 16, 7, 18, 0, 14, 8, 4, 15, 0, 11, 8, 11]
y_coordinates = [9, 18, 3, 0, 1, 6, 4, 14, 5, 1, 7, 18, 0, 14, 15]
x_dimensions = [5, 5, 4, 4, 4, 3, 3, 3, 3, 3, 3, 3, 5, 3, 3]
y_dimensions = [15, 6, 11, 6, 4, 18, 14, 10, 9, 8, 7, 6, 3, 4, 3]
minimum_height = 24
----------
x_coordinates = [9, 16, 14, 5, 1, 0, 6, 3, 18, 12, 9, 3, 15, 18, 18]
y_coordinates = [0, 17, 1, 1, 1, 5, 9, 7, 8, 15, 16, 17, 12, 4, 1]
x_dimensions = [5, 5, 4, 4, 4, 3, 3, 3, 3, 3, 3, 3, 3, 3, 3]
y_dimensions = [15, 6, 11, 6, 4, 18, 14, 10, 9, 8, 7, 6, 5, 4, 3]
minimum_height = 23
----------
x_coordinates = [10, 16, 6, 14, 10, 3, 0, 6, 15, 0, 18, 18, 9, 3, 18]
y_coordinates = [0, 10, 1, 16, 15, 4, 0, 12, 1, 14, 0, 16, 19, 0, 7]
x_dimensions = [5, 5, 4, 4, 4, 3, 3, 3, 3, 3, 3, 3, 5, 3, 3]
y_dimensions = [15, 6, 11, 6, 4, 18, 14, 10, 9, 8, 7, 6, 3, 4, 3]
minimum_height = 22
----------
x_coordinates = [7, 16, 3, 12, 3, 3, 0, 11, 12, 3, 0, 15, 16, 12, 12]
y_coordinates = [6, 6, 6, 6, 17, 3, 0, 0, 15, 0, 14, 12, 18, 18, 12]
x_dimensions = [5, 5, 4, 4, 4, 18, 3, 10, 9, 8, 3, 6, 5, 4, 3]
y_dimensions = [15, 6, 11, 6, 4, 3, 14, 3, 3, 3, 7, 3, 3, 3, 3]
minimum_height = 21
----------
==========
%%%mzn-stat: nodes=19253
%%%mzn-stat: failures=4328
%%%mzn-stat: restarts=232
%%%mzn-stat: variables=5666
%%%mzn-stat: intVars=62
%%%mzn-stat: boolVariables=5602
%%%mzn-stat: propagators=873
%%%mzn-stat: propagations=2211870
%%%mzn-stat: peakDepth=117
%%%mzn-stat: nogoods=4328
%%%mzn-stat: backjumps=3728
%%%mzn-stat: peakMem=0.00
%%%mzn-stat: time=1.818
%%%mzn-stat: initTime=0.019
%%%mzn-stat: solveTime=1.799
%%%mzn-stat: objective=21
%%%mzn-stat: optTime=1.799
%%%mzn-stat: baseMem=0.00
%%%mzn-stat: trailMem=0.02
%%%mzn-stat: randomSeed=1657541161
