x_coordinates = [15, 18, 1, 14, 8, 15, 28, 25, 12, 14, 5, 11, 8, 20, 12, 6, 26, 19, 23]
y_coordinates = [104, 211, 210, 135, 212, 184, 189, 197, 202, 181, 204, 178, 203, 192, 215, 215, 215, 215, 215]
x_dimensions = [12, 13, 4, 4, 4, 3, 3, 3, 3, 12, 3, 10, 3, 8, 7, 6, 5, 4, 3]
y_dimensions = [31, 4, 8, 7, 3, 31, 22, 14, 13, 3, 11, 3, 9, 3, 3, 3, 3, 3, 3]
minimum_height = 218
----------
x_coordinates = [15, 18, 5, 27, 15, 15, 12, 28, 9, 11, 2, 10, 3, 23, 24, 9, 19, 1, 8]
y_coordinates = [72, 210, 209, 160, 213, 182, 192, 194, 201, 123, 203, 159, 193, 138, 214, 214, 214, 214, 195]
x_dimensions = [12, 13, 4, 4, 3, 3, 3, 3, 3, 12, 3, 10, 3, 8, 7, 6, 5, 4, 3]
y_dimensions = [31, 4, 8, 7, 4, 31, 22, 14, 13, 3, 11, 3, 9, 3, 3, 3, 3, 3, 3]
minimum_height = 217
----------
x_coordinates = [15, 18, 8, 23, 13, 15, 12, 28, 5, 19, 9, 6, 25, 16, 0, 14, 7, 21, 27]
y_coordinates = [104, 212, 208, 43, 213, 182, 191, 193, 200, 177, 197, 178, 203, 17, 213, 101, 102, 207, 180]
x_dimensions = [12, 13, 4, 4, 4, 3, 3, 3, 3, 12, 3, 10, 3, 3, 7, 6, 5, 4, 3]
y_dimensions = [31, 4, 8, 7, 3, 31, 22, 14, 13, 3, 11, 3, 9, 8, 3, 3, 3, 3, 3]
minimum_height = 216
----------
x_coordinates = [11, 1, 14, 13, 24, 21, 25, 27, 18, 19, 28, 9, 6, 13, 4, 25, 7, 24, 17]
y_coordinates = [106, 211, 207, 42, 212, 183, 187, 170, 202, 57, 204, 55, 151, 103, 208, 184, 183, 209, 185]
x_dimensions = [12, 13, 4, 7, 4, 3, 3, 3, 3, 12, 3, 10, 9, 8, 7, 6, 5, 4, 3]
y_dimensions = [31, 4, 8, 4, 3, 31, 22, 14, 13, 3, 11, 3, 3, 3, 3, 3, 3, 3, 3]
minimum_height = 215
----------
x_coordinates = [15, 17, 14, 16, 27, 25, 27, 24, 28, 19, 21, 11, 18, 16, 10, 25, 26, 23, 16]
y_coordinates = [22, 150, 206, 86, 154, 157, 189, 197, 176, 58, 203, 202, 205, 57, 153, 211, 107, 188, 156]
x_dimensions = [12, 13, 4, 4, 4, 3, 3, 3, 3, 12, 3, 10, 3, 3, 7, 6, 5, 4, 3]
y_dimensions = [31, 4, 8, 7, 3, 31, 22, 14, 13, 3, 11, 3, 9, 8, 3, 3, 3, 3, 3]
minimum_height = 214
----------
x_coordinates = [8, 18, 11, 25, 25, 21, 28, 25, 28, 14, 22, 9, 19, 26, 11, 24, 7, 24, 24]
y_coordinates = [58, 157, 206, 87, 210, 171, 173, 196, 195, 148, 202, 210, 204, 141, 172, 170, 169, 193, 184]
x_dimensions = [12, 13, 8, 4, 4, 3, 3, 3, 3, 12, 3, 10, 3, 3, 7, 6, 5, 4, 3]
y_dimensions = [31, 4, 4, 7, 3, 31, 22, 14, 13, 3, 11, 3, 9, 8, 3, 3, 3, 3, 3]
minimum_height = 213
----------
x_coordinates = [3, 18, 2, 24, 25, 2, 5, 11, 26, 19, 23, 14, 10, 28, 21, 4, 10, 27, 4]
y_coordinates = [96, 177, 208, 182, 209, 177, 203, 209, 189, 206, 192, 189, 206, 181, 60, 145, 143, 202, 166]
x_dimensions = [12, 13, 8, 4, 4, 3, 22, 14, 3, 12, 3, 10, 9, 3, 7, 6, 5, 4, 3]
y_dimensions = [31, 4, 4, 7, 3, 31, 3, 3, 13, 3, 11, 3, 3, 8, 3, 3, 3, 3, 3]
minimum_height = 212
----------
x_coordinates = [2, 17, 16, 24, 0, 27, 6, 5, 24, 15, 3, 6, 6, 28, 24, 18, 13, 28, 16]
y_coordinates = [96, 164, 204, 168, 207, 176, 208, 186, 195, 175, 200, 202, 205, 168, 89, 199, 199, 207, 179]
x_dimensions = [12, 13, 8, 4, 3, 3, 22, 3, 3, 12, 3, 10, 9, 3, 7, 6, 5, 3, 3]
y_dimensions = [31, 4, 4, 7, 4, 31, 3, 14, 13, 3, 11, 3, 3, 8, 3, 3, 3, 4, 3]
minimum_height = 211
----------
x_coordinates = [0, 16, 18, 24, 28, 0, 0, 13, 27, 13, 25, 15, 9, 28, 22, 24, 21, 22, 28]
y_coordinates = [87, 165, 203, 178, 190, 207, 193, 200, 194, 183, 183, 190, 204, 182, 17, 175, 172, 193, 172]
x_dimensions = [31, 13, 8, 7, 3, 31, 22, 14, 3, 12, 3, 10, 9, 3, 7, 6, 5, 3, 3]
y_dimensions = [12, 4, 4, 4, 4, 3, 3, 3, 13, 3, 11, 3, 3, 8, 3, 3, 3, 4, 3]
minimum_height = 210
----------
x_coordinates = [12, 18, 5, 3, 25, 22, 9, 27, 28, 10, 25, 17, 13, 27, 24, 11, 17, 25, 19]
y_coordinates = [9, 151, 205, 187, 190, 178, 165, 168, 193, 185, 198, 174, 205, 182, 21, 188, 188, 194, 202]
x_dimensions = [12, 13, 8, 7, 3, 3, 22, 3, 3, 12, 3, 10, 9, 3, 7, 6, 5, 3, 3]
y_dimensions = [31, 4, 4, 4, 4, 31, 3, 14, 13, 3, 11, 3, 3, 8, 3, 3, 3, 4, 3]
minimum_height = 209
----------
x_coordinates = [15, 18, 11, 15, 28, 22, 0, 25, 19, 25, 25, 9, 0, 28, 20, 24, 7, 28, 18]
y_coordinates = [75, 132, 201, 182, 194, 177, 192, 183, 195, 171, 197, 205, 204, 182, 11, 168, 196, 204, 188]
x_dimensions = [12, 13, 8, 7, 3, 3, 22, 3, 3, 3, 3, 10, 9, 3, 7, 6, 5, 3, 3]
y_dimensions = [31, 4, 4, 4, 4, 31, 3, 14, 13, 12, 11, 3, 3, 8, 3, 3, 3, 4, 3]
minimum_height = 208
----------
x_coordinates = [2, 16, 12, 3, 7, 22, 0, 28, 0, 25, 28, 20, 13, 10, 5, 24, 17, 25, 21]
y_coordinates = [98, 13, 175, 199, 203, 176, 191, 182, 194, 191, 196, 173, 204, 199, 175, 27, 201, 203, 170]
x_dimensions = [12, 13, 8, 7, 3, 3, 22, 3, 3, 3, 3, 10, 9, 3, 7, 6, 5, 3, 3]
y_dimensions = [31, 4, 4, 4, 4, 31, 3, 14, 13, 12, 11, 3, 3, 8, 3, 3, 3, 4, 3]
minimum_height = 207
----------
x_coordinates = [4, 16, 13, 1, 22, 25, 0, 28, 8, 12, 28, 21, 20, 24, 7, 2, 26, 20, 16]
y_coordinates = [56, 41, 166, 200, 192, 167, 190, 181, 193, 203, 195, 164, 181, 198, 176, 197, 161, 197, 177]
x_dimensions = [12, 13, 8, 7, 3, 3, 22, 3, 3, 12, 3, 10, 3, 3, 7, 6, 5, 3, 3]
y_dimensions = [31, 4, 4, 4, 4, 31, 3, 14, 13, 3, 11, 3, 9, 8, 3, 3, 3, 4, 3]
minimum_height = 206
----------
x_coordinates = [15, 17, 16, 16, 28, 27, 1, 24, 24, 20, 25, 19, 13, 28, 15, 25, 26, 28, 16]
y_coordinates = [64, 140, 174, 198, 193, 157, 178, 165, 179, 187, 192, 154, 169, 197, 163, 137, 150, 189, 155]
x_dimensions = [12, 13, 8, 4, 3, 3, 22, 3, 3, 3, 3, 10, 3, 3, 7, 6, 5, 3, 3]
y_dimensions = [31, 4, 4, 7, 4, 31, 3, 14, 13, 12, 11, 3, 9, 8, 3, 3, 3, 4, 3]
minimum_height = 205
----------
x_coordinates = [14, 17, 23, 27, 28, 22, 0, 25, 19, 28, 25, 21, 15, 27, 7, 24, 26, 28, 16]
y_coordinates = [81, 159, 155, 164, 192, 173, 181, 171, 184, 171, 185, 129, 195, 196, 127, 115, 111, 183, 192]
x_dimensions = [12, 13, 8, 4, 3, 3, 22, 3, 3, 3, 3, 10, 3, 3, 7, 6, 5, 3, 3]
y_dimensions = [31, 4, 4, 7, 4, 31, 3, 14, 13, 12, 11, 3, 9, 8, 3, 3, 3, 4, 3]
minimum_height = 204
----------
x_coordinates = [1, 16, 6, 17, 24, 22, 0, 28, 2, 25, 26, 14, 28, 22, 4, 25, 7, 28, 28]
y_coordinates = [38, 151, 194, 199, 199, 160, 180, 181, 190, 187, 155, 193, 172, 191, 160, 166, 198, 198, 195]
x_dimensions = [12, 13, 8, 7, 3, 3, 22, 3, 3, 3, 3, 3, 3, 3, 7, 6, 5, 3, 3]
y_dimensions = [31, 4, 4, 4, 4, 31, 3, 14, 13, 12, 11, 10, 9, 8, 3, 3, 3, 4, 3]
minimum_height = 203
----------
x_coordinates = [1, 16, 4, 2, 22, 27, 5, 28, 19, 25, 16, 15, 12, 22, 19, 21, 4, 9, 28]
y_coordinates = [26, 123, 191, 198, 195, 153, 177, 184, 186, 190, 188, 199, 193, 187, 180, 183, 195, 197, 198]
x_dimensions = [12, 13, 8, 7, 3, 3, 22, 3, 3, 3, 3, 10, 3, 3, 7, 6, 5, 3, 3]
y_dimensions = [31, 4, 4, 4, 4, 31, 3, 14, 13, 12, 11, 3, 9, 8, 3, 3, 3, 4, 3]
minimum_height = 202
----------
x_coordinates = [14, 18, 20, 10, 24, 25, 3, 28, 4, 27, 19, 17, 17, 22, 18, 1, 13, 7, 25]
y_coordinates = [16, 118, 182, 197, 194, 151, 175, 175, 185, 189, 187, 198, 178, 186, 170, 181, 193, 197, 186]
x_dimensions = [12, 13, 8, 7, 3, 3, 22, 3, 3, 3, 3, 10, 3, 3, 7, 3, 5, 3, 3]
y_dimensions = [31, 4, 4, 4, 4, 31, 3, 14, 13, 12, 11, 3, 9, 8, 3, 6, 3, 4, 3]
minimum_height = 201
----------
x_coordinates = [12, 16, 1, 15, 28, 27, 5, 27, 9, 13, 25, 14, 28, 22, 21, 12, 24, 19, 28]
y_coordinates = [17, 99, 195, 188, 196, 153, 151, 139, 187, 197, 189, 138, 184, 189, 185, 183, 136, 192, 193]
x_dimensions = [12, 13, 8, 7, 3, 3, 22, 3, 3, 12, 3, 10, 3, 3, 7, 3, 5, 3, 3]
y_dimensions = [31, 4, 4, 4, 4, 31, 3, 14, 13, 3, 11, 3, 9, 8, 3, 6, 3, 4, 3]
minimum_height = 200
----------
x_coordinates = [15, 16, 23, 11, 26, 28, 7, 28, 8, 11, 26, 18, 18, 28, 24, 5, 22, 16, 19]
y_coordinates = [51, 91, 195, 186, 124, 156, 121, 139, 186, 196, 128, 186, 152, 187, 153, 186, 192, 192, 193]
x_dimensions = [12, 13, 8, 7, 3, 3, 22, 3, 3, 12, 3, 10, 3, 3, 7, 3, 5, 3, 3]
y_dimensions = [31, 4, 4, 4, 4, 31, 3, 14, 13, 3, 11, 3, 9, 8, 3, 6, 3, 4, 3]
minimum_height = 199
----------
x_coordinates = [9, 17, 22, 0, 27, 10, 6, 27, 7, 16, 27, 13, 17, 28, 21, 13, 23, 4, 26]
y_coordinates = [89, 126, 182, 194, 153, 167, 150, 168, 185, 192, 157, 195, 183, 190, 189, 189, 195, 190, 186]
x_dimensions = [12, 13, 8, 7, 3, 3, 22, 3, 3, 12, 3, 10, 3, 3, 7, 3, 5, 3, 3]
y_dimensions = [31, 4, 4, 4, 4, 31, 3, 14, 13, 3, 11, 3, 9, 8, 3, 6, 3, 4, 3]
minimum_height = 198
----------
x_coordinates = [13, 18, 21, 20, 26, 23, 9, 26, 26, 28, 23, 20, 18, 25, 16, 11, 26, 26, 28]
y_coordinates = [62, 98, 189, 154, 178, 158, 131, 134, 165, 182, 139, 151, 188, 189, 179, 188, 148, 161, 194]
x_dimensions = [12, 13, 4, 7, 3, 3, 22, 3, 3, 3, 3, 10, 3, 3, 7, 3, 5, 3, 3]
y_dimensions = [31, 4, 8, 4, 4, 31, 3, 14, 13, 12, 11, 3, 9, 8, 3, 6, 3, 4, 3]
minimum_height = 197
----------
x_coordinates = [5, 17, 22, 21, 17, 20, 9, 17, 16, 28, 28, 10, 28, 19, 21, 24, 23, 18, 27]
y_coordinates = [93, 95, 192, 153, 176, 157, 147, 156, 183, 175, 164, 173, 152, 188, 150, 186, 174, 152, 187]
x_dimensions = [12, 13, 8, 7, 3, 3, 22, 3, 3, 3, 3, 10, 3, 3, 7, 3, 5, 3, 3]
y_dimensions = [31, 4, 4, 4, 4, 31, 3, 14, 13, 12, 11, 3, 9, 8, 3, 6, 3, 4, 3]
minimum_height = 196
----------
x_coordinates = [10, 18, 23, 22, 27, 28, 9, 25, 25, 20, 17, 18, 27, 25, 23, 13, 7, 27, 28]
y_coordinates = [84, 11, 191, 136, 132, 157, 129, 169, 153, 182, 182, 166, 144, 183, 126, 187, 190, 140, 188]
x_dimensions = [12, 13, 8, 7, 3, 3, 22, 3, 3, 3, 3, 10, 3, 3, 7, 3, 5, 3, 3]
y_dimensions = [31, 4, 4, 4, 4, 31, 3, 14, 13, 12, 11, 3, 9, 8, 3, 6, 3, 4, 3]
minimum_height = 195
----------
x_coordinates = [11, 16, 23, 21, 28, 18, 6, 26, 15, 17, 15, 21, 28, 28, 20, 12, 18, 17, 9]
y_coordinates = [83, 72, 187, 155, 149, 157, 149, 165, 161, 191, 180, 162, 153, 179, 152, 186, 188, 152, 186]
x_dimensions = [12, 13, 8, 7, 3, 3, 22, 3, 3, 12, 3, 10, 3, 3, 7, 3, 5, 3, 3]
y_dimensions = [31, 4, 4, 4, 4, 31, 3, 14, 13, 3, 11, 3, 9, 8, 3, 6, 3, 4, 3]
minimum_height = 194
----------
x_coordinates = [13, 16, 23, 20, 27, 14, 5, 26, 11, 28, 25, 21, 18, 28, 16, 8, 20, 13, 17]
y_coordinates = [81, 119, 189, 170, 144, 162, 147, 156, 180, 177, 178, 174, 175, 148, 155, 187, 186, 155, 188]
x_dimensions = [12, 13, 8, 7, 3, 3, 22, 3, 3, 3, 3, 10, 3, 3, 7, 3, 5, 3, 3]
y_dimensions = [31, 4, 4, 4, 4, 31, 3, 14, 13, 12, 11, 3, 9, 8, 3, 6, 3, 4, 3]
minimum_height = 193
----------
x_coordinates = [9, 17, 27, 9, 28, 13, 8, 6, 10, 24, 28, 20, 16, 28, 18, 21, 19, 12, 26]
y_coordinates = [81, 165, 184, 188, 149, 157, 145, 178, 175, 180, 173, 169, 183, 156, 155, 186, 183, 153, 153]
x_dimensions = [12, 13, 4, 7, 3, 3, 22, 3, 3, 3, 3, 10, 3, 3, 7, 3, 5, 3, 3]
y_dimensions = [31, 4, 8, 4, 4, 31, 3, 14, 13, 12, 11, 3, 9, 8, 3, 6, 3, 4, 3]
minimum_height = 192
----------
x_coordinates = [0, 18, 27, 11, 2, 15, 4, 18, 11, 5, 24, 20, 21, 28, 24, 2, 19, 10, 8]
y_coordinates = [89, 160, 183, 187, 185, 156, 153, 174, 174, 179, 180, 166, 179, 169, 177, 176, 188, 170, 187]
x_dimensions = [31, 13, 4, 7, 3, 3, 22, 3, 3, 3, 3, 10, 3, 3, 7, 3, 5, 3, 3]
y_dimensions = [12, 4, 8, 4, 4, 31, 3, 14, 13, 12, 11, 3, 9, 8, 3, 6, 3, 4, 3]
minimum_height = 191
----------
x_coordinates = [12, 18, 27, 24, 4, 16, 6, 25, 13, 7, 24, 21, 20, 28, 22, 1, 19, 11, 10]
y_coordinates = [61, 96, 182, 175, 184, 157, 152, 161, 177, 178, 179, 158, 174, 167, 155, 184, 187, 173, 187]
x_dimensions = [12, 13, 4, 7, 3, 3, 22, 3, 3, 3, 3, 10, 3, 3, 7, 3, 5, 3, 3]
y_dimensions = [31, 4, 8, 4, 4, 31, 3, 14, 13, 12, 11, 3, 9, 8, 3, 6, 3, 4, 3]
minimum_height = 190
----------
x_coordinates = [14, 18, 27, 12, 21, 9, 8, 6, 2, 0, 24, 21, 18, 28, 5, 25, 19, 2, 3]
y_coordinates = [92, 171, 181, 185, 182, 158, 152, 175, 164, 177, 178, 175, 176, 157, 155, 164, 186, 160, 185]
x_dimensions = [12, 13, 4, 7, 3, 3, 22, 3, 3, 3, 3, 10, 3, 3, 7, 3, 5, 3, 3]
y_dimensions = [31, 4, 8, 4, 4, 31, 3, 14, 13, 12, 11, 3, 9, 8, 3, 6, 3, 4, 3]
minimum_height = 189
----------
x_coordinates = [3, 17, 24, 17, 5, 0, 7, 22, 28, 28, 11, 16, 14, 25, 12, 3, 6, 19, 8]
y_coordinates = [31, 40, 177, 184, 175, 157, 157, 163, 163, 176, 177, 160, 176, 169, 173, 182, 184, 175, 175]
x_dimensions = [12, 13, 4, 7, 3, 3, 22, 3, 3, 3, 3, 10, 3, 3, 7, 3, 5, 3, 3]
y_dimensions = [31, 4, 8, 4, 4, 31, 3, 14, 13, 12, 11, 3, 9, 8, 3, 6, 3, 4, 3]
minimum_height = 188
----------
x_coordinates = [15, 17, 27, 20, 28, 11, 2, 25, 24, 28, 14, 18, 17, 28, 15, 2, 6, 22, 27]
y_coordinates = [13, 103, 179, 183, 167, 156, 153, 165, 149, 155, 176, 162, 178, 171, 170, 181, 184, 170, 152]
x_dimensions = [12, 13, 4, 7, 3, 3, 22, 3, 3, 3, 3, 10, 3, 3, 7, 3, 5, 3, 3]
y_dimensions = [31, 4, 8, 4, 4, 31, 3, 14, 13, 12, 11, 3, 9, 8, 3, 6, 3, 4, 3]
minimum_height = 187
----------
x_coordinates = [1, 17, 27, 19, 28, 8, 0, 25, 27, 27, 11, 17, 14, 28, 13, 5, 0, 22, 24]
y_coordinates = [13, 130, 178, 182, 152, 155, 152, 152, 139, 166, 175, 177, 177, 156, 155, 180, 183, 154, 138]
x_dimensions = [12, 13, 4, 7, 3, 3, 22, 3, 3, 3, 3, 10, 3, 3, 7, 3, 5, 3, 3]
y_dimensions = [31, 4, 8, 4, 4, 31, 3, 14, 13, 12, 11, 3, 9, 8, 3, 6, 3, 4, 3]
minimum_height = 186
----------
x_coordinates = [12, 18, 27, 20, 28, 8, 2, 25, 27, 27, 11, 17, 14, 28, 1, 5, 0, 22, 24]
y_coordinates = [91, 16, 177, 178, 165, 154, 150, 163, 138, 151, 174, 182, 176, 169, 176, 179, 182, 168, 150]
x_dimensions = [12, 13, 4, 7, 3, 3, 22, 3, 3, 3, 3, 10, 3, 3, 7, 3, 5, 3, 3]
y_dimensions = [31, 4, 8, 4, 4, 31, 3, 14, 13, 12, 11, 3, 9, 8, 3, 6, 3, 4, 3]
minimum_height = 185
----------
x_coordinates = [2, 16, 27, 10, 28, 21, 6, 24, 3, 28, 18, 17, 15, 28, 23, 20, 16, 2, 0]
y_coordinates = [67, 127, 172, 146, 148, 153, 150, 163, 152, 152, 173, 147, 174, 164, 144, 141, 170, 171, 151]
x_dimensions = [12, 13, 4, 7, 3, 3, 22, 3, 3, 3, 3, 10, 3, 3, 7, 3, 5, 3, 3]
y_dimensions = [31, 4, 8, 4, 4, 31, 3, 14, 13, 12, 11, 3, 9, 8, 3, 6, 3, 4, 3]
minimum_height = 184
----------
x_coordinates = [0, 18, 26, 10, 26, 22, 9, 25, 6, 28, 20, 17, 27, 28, 20, 27, 23, 8, 3]
y_coordinates = [19, 111, 115, 122, 42, 126, 160, 166, 162, 171, 172, 123, 125, 163, 157, 154, 180, 179, 170]
x_dimensions = [31, 13, 4, 7, 3, 3, 22, 3, 3, 3, 3, 10, 3, 3, 7, 3, 5, 3, 3]
y_dimensions = [12, 4, 8, 4, 4, 31, 3, 14, 13, 12, 11, 3, 9, 8, 3, 6, 3, 4, 3]
minimum_height = 183
----------
x_coordinates = [0, 16, 26, 1, 28, 25, 9, 6, 3, 28, 26, 8, 4, 28, 20, 27, 7, 2, 0]
y_coordinates = [81, 51, 11, 147, 27, 148, 179, 167, 168, 167, 131, 146, 138, 159, 145, 142, 141, 162, 166]
x_dimensions = [31, 13, 4, 7, 3, 3, 22, 3, 3, 3, 3, 10, 3, 3, 7, 3, 5, 3, 3]
y_dimensions = [12, 4, 8, 4, 4, 31, 3, 14, 13, 12, 11, 3, 9, 8, 3, 6, 3, 4, 3]
minimum_height = 182
----------
x_coordinates = [0, 17, 27, 14, 28, 25, 0, 22, 19, 28, 27, 21, 18, 28, 23, 27, 20, 18, 16]
y_coordinates = [89, 119, 77, 140, 85, 150, 178, 167, 165, 169, 127, 138, 131, 160, 141, 144, 149, 161, 167]
x_dimensions = [31, 13, 4, 7, 3, 3, 22, 3, 3, 3, 3, 10, 3, 3, 7, 3, 5, 3, 3]
y_dimensions = [12, 4, 8, 4, 4, 31, 3, 14, 13, 12, 11, 3, 9, 8, 3, 6, 3, 4, 3]
minimum_height = 181
----------
x_coordinates = [0, 17, 26, 9, 24, 28, 6, 25, 3, 28, 27, 16, 15, 22, 24, 27, 22, 2, 0]
y_coordinates = [73, 86, 109, 116, 27, 137, 177, 163, 167, 168, 120, 114, 160, 166, 117, 131, 130, 163, 167]
x_dimensions = [31, 13, 4, 7, 3, 3, 22, 3, 3, 3, 3, 10, 3, 3, 7, 3, 5, 3, 3]
y_dimensions = [12, 4, 8, 4, 4, 31, 3, 14, 13, 12, 11, 3, 9, 8, 3, 6, 3, 4, 3]
minimum_height = 180
----------
x_coordinates = [0, 18, 26, 2, 28, 28, 6, 0, 3, 16, 27, 21, 27, 28, 23, 27, 2, 2, 0]
y_coordinates = [37, 4, 120, 110, 30, 148, 172, 162, 166, 175, 128, 108, 111, 100, 139, 142, 138, 158, 176]
x_dimensions = [31, 13, 4, 7, 3, 3, 22, 3, 3, 12, 3, 10, 3, 3, 7, 3, 5, 3, 3]
y_dimensions = [12, 4, 8, 4, 4, 31, 3, 14, 13, 3, 11, 3, 9, 8, 3, 6, 3, 4, 3]
minimum_height = 179
----------
x_coordinates = [15, 17, 24, 20, 26, 28, 9, 6, 0, 3, 25, 6, 28, 28, 23, 26, 8, 0, 0]
y_coordinates = [37, 94, 169, 171, 82, 135, 166, 154, 165, 160, 155, 168, 169, 118, 126, 129, 134, 161, 158]
x_dimensions = [12, 13, 4, 4, 3, 3, 22, 3, 3, 3, 3, 3, 3, 3, 7, 3, 5, 3, 3]
y_dimensions = [31, 4, 8, 7, 4, 31, 3, 14, 13, 12, 11, 10, 9, 8, 3, 6, 3, 4, 3]
minimum_height = 178
----------
x_coordinates = [0, 16, 6, 18, 28, 0, 6, 25, 3, 4, 4, 22, 28, 28, 2, 2, 26, 19, 0]
y_coordinates = [83, 27, 165, 166, 31, 143, 173, 159, 164, 152, 141, 161, 168, 160, 132, 135, 140, 162, 174]
x_dimensions = [31, 13, 4, 4, 3, 3, 22, 3, 3, 3, 3, 3, 3, 3, 7, 3, 5, 3, 3]
y_dimensions = [12, 4, 8, 7, 4, 31, 3, 14, 13, 12, 11, 10, 9, 8, 3, 6, 3, 4, 3]
minimum_height = 177
----------
x_coordinates = [0, 16, 8, 12, 28, 5, 6, 0, 28, 25, 2, 19, 3, 28, 6, 4, 8, 28, 22]
y_coordinates = [55, 140, 161, 162, 133, 136, 173, 162, 163, 154, 151, 161, 167, 155, 127, 130, 135, 151, 162]
x_dimensions = [31, 13, 4, 4, 3, 3, 22, 3, 3, 3, 3, 3, 3, 3, 7, 3, 5, 3, 3]
y_dimensions = [12, 4, 8, 7, 4, 31, 3, 14, 13, 12, 11, 10, 9, 8, 3, 6, 3, 4, 3]
minimum_height = 176
----------
x_coordinates = [0, 17, 18, 8, 28, 2, 6, 3, 28, 25, 0, 15, 0, 28, 2, 1, 5, 27, 22]
y_coordinates = [80, 133, 159, 161, 150, 124, 172, 161, 162, 154, 155, 161, 166, 154, 115, 118, 123, 146, 165]
x_dimensions = [31, 13, 4, 4, 3, 3, 22, 3, 3, 3, 3, 3, 3, 3, 7, 3, 5, 3, 3]
y_dimensions = [12, 4, 8, 7, 4, 31, 3, 14, 13, 12, 11, 10, 9, 8, 3, 6, 3, 4, 3]
minimum_height = 175
----------
x_coordinates = [14, 17, 21, 14, 5, 6, 9, 25, 28, 3, 10, 0, 7, 28, 8, 8, 24, 27, 4]
y_coordinates = [30, 139, 164, 164, 27, 134, 157, 160, 161, 159, 163, 156, 165, 149, 125, 128, 132, 145, 171]
x_dimensions = [12, 13, 4, 4, 3, 3, 22, 3, 3, 3, 3, 3, 3, 3, 7, 3, 5, 3, 3]
y_dimensions = [31, 4, 8, 7, 4, 31, 3, 14, 13, 12, 11, 10, 9, 8, 3, 6, 3, 4, 3]
minimum_height = 174
----------
x_coordinates = [15, 18, 24, 16, 26, 28, 9, 3, 10, 6, 0, 21, 28, 28, 22, 26, 4, 8, 0]
y_coordinates = [85, 79, 165, 166, 27, 126, 157, 156, 160, 156, 156, 163, 164, 108, 117, 120, 125, 152, 167]
x_dimensions = [12, 13, 4, 4, 3, 3, 22, 3, 3, 3, 3, 3, 3, 3, 7, 3, 5, 3, 3]
y_dimensions = [31, 4, 8, 7, 4, 31, 3, 14, 13, 12, 11, 10, 9, 8, 3, 6, 3, 4, 3]
minimum_height = 173
----------
x_coordinates = [0, 18, 27, 21, 28, 0, 9, 6, 28, 25, 18, 0, 9, 28, 20, 22, 1, 27, 3]
y_coordinates = [85, 30, 141, 162, 34, 169, 153, 155, 156, 157, 157, 159, 166, 133, 150, 156, 155, 149, 166]
x_dimensions = [31, 13, 4, 4, 3, 31, 22, 3, 3, 3, 3, 3, 9, 3, 7, 3, 5, 3, 3]
y_dimensions = [12, 4, 8, 7, 4, 3, 3, 14, 13, 12, 11, 10, 3, 8, 3, 6, 3, 4, 3]
minimum_height = 172
----------
x_coordinates = [0, 18, 25, 27, 12, 0, 9, 23, 13, 26, 16, 19, 22, 10, 18, 18, 25, 7, 24]
y_coordinates = [84, 130, 122, 161, 27, 146, 137, 151, 158, 149, 160, 160, 168, 159, 134, 140, 134, 160, 165]
x_dimensions = [31, 13, 4, 4, 3, 31, 22, 3, 3, 3, 3, 3, 9, 3, 7, 3, 5, 3, 3]
y_dimensions = [12, 4, 8, 7, 4, 3, 3, 14, 13, 12, 11, 10, 3, 8, 3, 6, 3, 4, 3]
minimum_height = 171
----------
x_coordinates = [5, 14, 27, 18, 1, 0, 0, 22, 25, 3, 15, 6, 9, 28, 19, 17, 24, 27, 12]
y_coordinates = [82, 149, 146, 163, 98, 143, 153, 155, 157, 158, 156, 160, 167, 161, 133, 137, 140, 154, 163]
x_dimensions = [12, 13, 4, 4, 3, 31, 22, 3, 3, 3, 3, 3, 9, 3, 7, 3, 5, 4, 3]
y_dimensions = [31, 4, 8, 7, 4, 3, 3, 14, 13, 12, 11, 10, 3, 8, 3, 6, 3, 3, 3]
minimum_height = 170
----------
x_coordinates = [10, 18, 27, 18, 27, 0, 0, 22, 25, 0, 3, 6, 9, 28, 24, 28, 23, 27, 15]
y_coordinates = [24, 18, 145, 162, 27, 142, 154, 155, 156, 157, 158, 159, 166, 161, 133, 136, 139, 153, 162]
x_dimensions = [12, 13, 4, 4, 3, 31, 22, 3, 3, 3, 3, 3, 9, 3, 7, 3, 5, 4, 3]
y_dimensions = [31, 4, 8, 7, 4, 3, 3, 14, 13, 12, 11, 10, 3, 8, 3, 6, 3, 3, 3]
minimum_height = 169
----------
x_coordinates = [0, 16, 27, 18, 28, 0, 0, 22, 24, 0, 3, 6, 9, 28, 23, 25, 26, 28, 25]
y_coordinates = [55, 12, 141, 161, 31, 149, 153, 154, 136, 156, 157, 158, 165, 160, 133, 155, 152, 155, 165]
x_dimensions = [31, 13, 4, 4, 3, 31, 22, 3, 3, 3, 3, 3, 9, 3, 7, 3, 5, 3, 3]
y_dimensions = [12, 4, 8, 7, 4, 3, 3, 14, 13, 12, 11, 10, 3, 8, 3, 6, 3, 4, 3]
minimum_height = 168
----------
x_coordinates = [0, 16, 27, 18, 28, 0, 9, 22, 25, 7, 4, 10, 13, 27, 24, 28, 13, 28, 15]
y_coordinates = [79, 103, 128, 157, 31, 150, 147, 153, 153, 155, 156, 157, 164, 136, 144, 160, 158, 156, 161]
x_dimensions = [31, 13, 4, 4, 3, 31, 22, 3, 3, 3, 3, 3, 9, 3, 7, 3, 5, 3, 3]
y_dimensions = [12, 4, 8, 7, 4, 3, 3, 14, 13, 12, 11, 10, 3, 8, 3, 6, 3, 4, 3]
minimum_height = 167
----------
x_coordinates = [2, 17, 26, 19, 1, 0, 6, 24, 27, 3, 12, 18, 9, 0, 22, 28, 23, 28, 26]
y_coordinates = [62, 30, 125, 162, 27, 150, 156, 136, 137, 154, 153, 159, 161, 156, 133, 157, 153, 153, 163]
x_dimensions = [12, 13, 4, 7, 3, 31, 22, 3, 3, 3, 11, 10, 9, 3, 7, 3, 5, 3, 3]
y_dimensions = [31, 4, 8, 4, 4, 3, 3, 14, 13, 12, 3, 3, 3, 8, 3, 6, 3, 4, 3]
minimum_height = 166
----------
x_coordinates = [8, 17, 25, 24, 5, 0, 9, 24, 28, 9, 6, 21, 16, 3, 23, 25, 26, 28, 23]
y_coordinates = [81, 33, 114, 123, 111, 151, 159, 130, 131, 156, 154, 156, 162, 157, 127, 162, 144, 147, 146]
x_dimensions = [12, 13, 4, 7, 3, 31, 22, 3, 3, 12, 3, 10, 9, 3, 7, 6, 5, 3, 3]
y_dimensions = [31, 4, 8, 4, 4, 3, 3, 14, 13, 3, 11, 3, 3, 8, 3, 3, 3, 4, 3]
minimum_height = 165
----------
x_coordinates = [13, 18, 27, 24, 28, 20, 9, 24, 28, 9, 6, 21, 12, 3, 22, 19, 15, 28, 19]
y_coordinates = [81, 73, 138, 150, 111, 123, 158, 134, 122, 146, 153, 154, 155, 152, 119, 161, 152, 146, 120]
x_dimensions = [12, 13, 4, 7, 3, 3, 22, 3, 3, 3, 3, 10, 9, 3, 7, 6, 5, 3, 3]
y_dimensions = [31, 4, 8, 4, 4, 31, 3, 14, 13, 12, 11, 3, 3, 8, 3, 3, 3, 4, 3]
minimum_height = 164
----------
x_coordinates = [15, 18, 26, 21, 12, 0, 9, 24, 27, 13, 28, 25, 16, 14, 23, 24, 20, 28, 16]
y_coordinates = [28, 24, 115, 150, 27, 154, 157, 126, 127, 139, 143, 140, 144, 160, 123, 160, 147, 30, 149]
x_dimensions = [12, 13, 4, 7, 3, 31, 22, 3, 3, 3, 3, 3, 9, 8, 7, 6, 5, 3, 3]
y_dimensions = [31, 4, 8, 4, 4, 3, 3, 14, 13, 12, 11, 10, 3, 3, 3, 3, 3, 4, 3]
minimum_height = 163
----------
x_coordinates = [5, 18, 25, 21, 4, 27, 9, 24, 27, 5, 8, 28, 19, 2, 8, 3, 26, 28, 23]
y_coordinates = [76, 28, 97, 152, 27, 118, 159, 117, 105, 146, 147, 149, 156, 148, 144, 158, 90, 93, 92]
x_dimensions = [12, 13, 4, 7, 3, 3, 22, 3, 3, 3, 3, 3, 9, 3, 7, 6, 5, 3, 3]
y_dimensions = [31, 4, 8, 4, 4, 31, 3, 14, 13, 12, 11, 10, 3, 8, 3, 3, 3, 4, 3]
minimum_height = 162
----------
x_coordinates = [3, 13, 26, 21, 2, 0, 9, 24, 27, 5, 8, 28, 19, 2, 8, 3, 23, 28, 25]
y_coordinates = [79, 120, 119, 148, 143, 155, 158, 128, 127, 143, 144, 144, 152, 147, 141, 158, 142, 140, 145]
x_dimensions = [12, 13, 4, 7, 3, 31, 22, 3, 3, 3, 3, 3, 9, 3, 7, 6, 5, 3, 3]
y_dimensions = [31, 4, 8, 4, 4, 3, 3, 14, 13, 12, 11, 10, 3, 8, 3, 3, 3, 4, 3]
minimum_height = 161
----------
x_coordinates = [15, 18, 27, 21, 24, 0, 8, 24, 27, 13, 28, 25, 16, 22, 24, 24, 26, 28, 24]
y_coordinates = [79, 0, 108, 136, 27, 154, 157, 122, 123, 139, 139, 141, 148, 140, 119, 151, 116, 30, 113]
x_dimensions = [12, 13, 4, 7, 3, 31, 22, 3, 3, 3, 3, 3, 9, 3, 7, 6, 5, 3, 3]
y_dimensions = [31, 4, 8, 4, 4, 3, 3, 14, 13, 12, 11, 10, 3, 8, 3, 3, 3, 4, 3]
minimum_height = 160
----------
x_coordinates = [15, 17, 27, 21, 12, 0, 9, 24, 27, 10, 28, 22, 13, 25, 24, 25, 24, 28, 18]
y_coordinates = [30, 25, 114, 138, 27, 153, 156, 121, 122, 141, 139, 143, 149, 142, 111, 150, 135, 30, 137]
x_dimensions = [12, 13, 4, 7, 3, 31, 22, 3, 3, 3, 3, 3, 9, 3, 7, 6, 5, 3, 3]
y_dimensions = [31, 4, 8, 4, 4, 3, 3, 14, 13, 12, 11, 10, 3, 8, 3, 3, 3, 4, 3]
minimum_height = 159
----------
x_coordinates = [15, 18, 26, 21, 12, 0, 25, 26, 28, 24, 27, 22, 13, 28, 22, 25, 14, 28, 21]
y_coordinates = [30, 26, 95, 148, 27, 155, 133, 103, 134, 117, 119, 129, 128, 147, 92, 130, 147, 30, 145]
x_dimensions = [12, 13, 4, 4, 3, 31, 3, 3, 3, 3, 3, 3, 9, 3, 7, 6, 3, 3, 3]
y_dimensions = [31, 4, 8, 7, 4, 3, 22, 14, 13, 12, 11, 10, 3, 8, 3, 3, 5, 4, 3]
minimum_height = 158
----------
x_coordinates = [12, 18, 25, 26, 5, 0, 16, 23, 28, 4, 10, 22, 13, 7, 24, 25, 24, 28, 19]
y_coordinates = [30, 25, 113, 130, 27, 154, 129, 124, 137, 136, 143, 143, 151, 136, 121, 150, 138, 29, 142]
x_dimensions = [12, 13, 4, 4, 3, 31, 3, 3, 3, 3, 3, 3, 9, 3, 7, 6, 3, 3, 3]
y_dimensions = [31, 4, 8, 7, 4, 3, 22, 14, 13, 12, 11, 10, 3, 8, 3, 3, 5, 4, 3]
minimum_height = 157
----------
x_coordinates = [12, 18, 26, 27, 9, 20, 13, 24, 28, 19, 10, 18, 22, 16, 22, 21, 7, 28, 25]
y_coordinates = [30, 26, 118, 126, 27, 103, 134, 127, 133, 144, 143, 134, 153, 145, 99, 141, 142, 146, 144]
x_dimensions = [12, 13, 4, 4, 3, 3, 3, 3, 3, 3, 3, 3, 9, 3, 7, 6, 3, 3, 3]
y_dimensions = [31, 4, 8, 7, 4, 31, 22, 14, 13, 12, 11, 10, 3, 8, 3, 3, 5, 4, 3]
minimum_height = 156
----------
x_coordinates = [15, 18, 26, 23, 12, 27, 11, 17, 28, 20, 8, 19, 25, 14, 24, 22, 5, 28, 25]
y_coordinates = [29, 24, 101, 133, 27, 109, 133, 131, 142, 133, 144, 145, 140, 144, 98, 152, 150, 30, 149]
x_dimensions = [12, 13, 4, 4, 3, 3, 3, 3, 3, 3, 3, 3, 3, 3, 7, 6, 3, 3, 3]
y_dimensions = [31, 4, 8, 7, 4, 31, 22, 14, 13, 12, 11, 10, 9, 8, 3, 3, 5, 4, 3]
minimum_height = 155
----------
x_coordinates = [12, 18, 25, 27, 23, 27, 13, 7, 10, 24, 21, 21, 28, 16, 22, 25, 25, 28, 26]
y_coordinates = [37, 32, 90, 135, 128, 104, 131, 140, 141, 134, 134, 151, 142, 145, 87, 98, 146, 83, 101]
x_dimensions = [12, 13, 4, 4, 3, 3, 3, 3, 3, 3, 3, 10, 3, 8, 7, 6, 3, 3, 3]
y_dimensions = [31, 4, 8, 7, 4, 31, 22, 14, 13, 12, 11, 3, 9, 3, 3, 3, 5, 4, 3]
minimum_height = 154
----------
x_coordinates = [11, 17, 25, 27, 23, 27, 12, 6, 15, 24, 9, 21, 28, 16, 23, 25, 3, 28, 26]
y_coordinates = [29, 18, 89, 137, 27, 106, 131, 139, 149, 136, 136, 136, 144, 146, 97, 100, 145, 30, 103]
x_dimensions = [12, 13, 4, 4, 3, 3, 3, 3, 13, 3, 3, 3, 3, 8, 7, 6, 3, 3, 3]
y_dimensions = [31, 4, 8, 7, 4, 31, 22, 14, 3, 12, 11, 10, 9, 3, 3, 3, 5, 4, 3]
minimum_height = 153
----------
x_coordinates = [3, 17, 27, 24, 15, 28, 25, 1, 11, 22, 4, 19, 7, 16, 24, 25, 13, 28, 28]
y_coordinates = [74, 29, 100, 148, 97, 111, 120, 138, 149, 136, 141, 139, 146, 141, 108, 142, 141, 96, 145]
x_dimensions = [12, 13, 4, 7, 3, 3, 3, 3, 13, 3, 3, 3, 9, 3, 7, 6, 3, 3, 3]
y_dimensions = [31, 4, 8, 4, 4, 31, 22, 14, 3, 12, 11, 10, 3, 8, 3, 3, 5, 4, 3]
minimum_height = 152
----------
x_coordinates = [15, 18, 27, 26, 26, 24, 19, 7, 15, 22, 4, 28, 10, 25, 24, 24, 9, 28, 25]
y_coordinates = [59, 51, 121, 129, 27, 98, 125, 128, 147, 135, 148, 141, 128, 136, 92, 95, 143, 117, 144]
x_dimensions = [12, 13, 4, 4, 3, 3, 3, 3, 13, 3, 11, 3, 9, 3, 7, 6, 3, 3, 3]
y_dimensions = [31, 4, 8, 7, 4, 31, 22, 14, 3, 12, 3, 10, 3, 8, 3, 3, 5, 4, 3]
minimum_height = 151
----------
x_coordinates = [15, 18, 27, 27, 26, 26, 19, 16, 18, 22, 17, 26, 7, 28, 24, 21, 25, 28, 19]
y_coordinates = [40, 8, 83, 135, 27, 104, 122, 133, 101, 134, 147, 91, 146, 142, 79, 88, 142, 23, 144]
x_dimensions = [12, 13, 4, 4, 3, 3, 3, 3, 13, 3, 11, 3, 9, 3, 7, 6, 3, 3, 3]
y_dimensions = [31, 4, 8, 7, 4, 31, 22, 14, 3, 12, 3, 10, 3, 8, 3, 3, 5, 4, 3]
minimum_height = 150
----------
x_coordinates = [15, 18, 26, 27, 12, 25, 26, 14, 1, 24, 18, 28, 18, 28, 19, 25, 21, 28, 26]
y_coordinates = [30, 25, 64, 133, 27, 100, 72, 146, 145, 134, 135, 123, 131, 141, 91, 94, 141, 118, 97]
x_dimensions = [12, 13, 4, 4, 3, 3, 3, 14, 13, 3, 3, 3, 9, 3, 7, 6, 3, 3, 3]
y_dimensions = [31, 4, 8, 7, 4, 31, 22, 3, 3, 12, 11, 10, 3, 8, 3, 3, 5, 4, 3]
minimum_height = 149
----------
x_coordinates = [11, 17, 27, 27, 18, 28, 16, 9, 12, 25, 6, 22, 22, 19, 24, 24, 28, 28, 28]
y_coordinates = [61, 42, 88, 96, 95, 109, 123, 134, 145, 136, 137, 135, 103, 137, 85, 106, 143, 81, 140]
x_dimensions = [12, 13, 4, 4, 3, 3, 3, 3, 13, 3, 3, 3, 9, 3, 7, 6, 3, 3, 3]
y_dimensions = [31, 4, 8, 7, 4, 31, 22, 14, 3, 12, 11, 10, 3, 8, 3, 3, 5, 4, 3]
minimum_height = 148
----------
x_coordinates = [15, 18, 26, 27, 24, 28, 19, 9, 12, 25, 6, 27, 20, 22, 24, 24, 28, 28, 28]
y_coordinates = [34, 65, 77, 85, 27, 108, 121, 133, 143, 135, 136, 98, 92, 135, 74, 95, 139, 30, 144]
x_dimensions = [12, 13, 4, 4, 3, 3, 3, 3, 13, 3, 3, 3, 9, 3, 7, 6, 3, 3, 3]
y_dimensions = [31, 4, 8, 7, 4, 31, 22, 14, 3, 12, 11, 10, 3, 8, 3, 3, 5, 4, 3]
minimum_height = 147
----------
x_coordinates = [11, 17, 27, 27, 21, 25, 21, 28, 12, 22, 25, 28, 22, 19, 23, 23, 28, 28, 28]
y_coordinates = [64, 14, 77, 139, 27, 108, 111, 88, 101, 134, 94, 124, 105, 133, 74, 85, 134, 120, 102]
x_dimensions = [12, 13, 4, 4, 3, 3, 3, 3, 13, 3, 3, 3, 9, 3, 7, 6, 3, 3, 3]
y_dimensions = [31, 4, 8, 7, 4, 31, 22, 14, 3, 12, 11, 10, 3, 8, 3, 3, 5, 4, 3]
minimum_height = 146
----------
x_coordinates = [14, 13, 27, 27, 11, 25, 28, 12, 15, 22, 9, 27, 22, 27, 5, 3, 28, 28, 28]
y_coordinates = [30, 72, 74, 103, 27, 110, 113, 131, 141, 102, 134, 85, 82, 95, 131, 142, 137, 30, 142]
x_dimensions = [12, 13, 4, 4, 3, 3, 3, 3, 13, 3, 3, 3, 9, 3, 7, 6, 3, 3, 3]
y_dimensions = [31, 4, 8, 7, 4, 31, 22, 14, 3, 12, 11, 10, 3, 8, 3, 3, 5, 4, 3]
minimum_height = 145
----------
x_coordinates = [14, 14, 26, 27, 26, 9, 23, 28, 12, 27, 25, 26, 18, 24, 8, 3, 28, 28, 28]
y_coordinates = [26, 138, 84, 115, 27, 112, 91, 125, 124, 103, 124, 93, 121, 113, 109, 123, 139, 23, 122]
x_dimensions = [12, 13, 4, 4, 3, 3, 3, 3, 13, 3, 3, 3, 9, 3, 7, 6, 3, 3, 3]
y_dimensions = [31, 4, 8, 7, 4, 31, 22, 14, 3, 12, 11, 10, 3, 8, 3, 3, 5, 4, 3]
minimum_height = 144
----------
x_coordinates = [15, 16, 26, 27, 12, 3, 13, 9, 16, 24, 6, 26, 15, 12, 23, 23, 14, 28, 21]
y_coordinates = [69, 124, 100, 136, 98, 112, 108, 127, 128, 131, 129, 114, 135, 130, 108, 111, 138, 132, 139]
x_dimensions = [12, 13, 4, 4, 3, 3, 3, 3, 13, 3, 3, 3, 9, 3, 7, 6, 3, 3, 3]
y_dimensions = [31, 4, 8, 7, 4, 31, 22, 14, 3, 12, 11, 10, 3, 8, 3, 3, 5, 4, 3]
minimum_height = 143
----------
x_coordinates = [10, 13, 27, 27, 3, 4, 1, 11, 14, 24, 12, 21, 4, 1, 6, 7, 7, 28, 12]
y_coordinates = [68, 138, 120, 134, 98, 108, 111, 122, 135, 123, 111, 125, 139, 133, 105, 136, 131, 130, 108]
x_dimensions = [12, 13, 4, 4, 3, 3, 3, 3, 13, 3, 3, 3, 9, 3, 7, 6, 3, 3, 3]
y_dimensions = [31, 4, 8, 7, 4, 31, 22, 14, 3, 12, 11, 10, 3, 8, 3, 3, 5, 4, 3]
minimum_height = 142
----------
x_coordinates = [12, 17, 27, 2, 10, 19, 6, 15, 18, 25, 22, 28, 8, 12, 11, 6, 9, 28, 6]
y_coordinates = [69, 137, 114, 133, 113, 103, 110, 123, 134, 122, 123, 124, 138, 130, 120, 135, 130, 110, 132]
x_dimensions = [12, 13, 4, 4, 3, 3, 3, 3, 13, 3, 3, 3, 9, 3, 7, 6, 3, 3, 3]
y_dimensions = [31, 4, 8, 7, 4, 31, 22, 14, 3, 12, 11, 10, 3, 8, 3, 3, 5, 4, 3]
minimum_height = 141
----------
x_coordinates = [14, 18, 27, 11, 3, 16, 15, 19, 18, 2, 19, 28, 21, 15, 10, 5, 18, 28, 17]
y_coordinates = [30, 128, 107, 131, 27, 78, 109, 108, 137, 127, 97, 118, 134, 131, 75, 136, 132, 103, 21]
x_dimensions = [12, 13, 4, 4, 3, 3, 3, 3, 13, 3, 3, 3, 9, 3, 7, 6, 3, 3, 3]
y_dimensions = [31, 4, 8, 7, 4, 31, 22, 14, 3, 12, 11, 10, 3, 8, 3, 3, 5, 4, 3]
minimum_height = 140
----------
x_coordinates = [0, 18, 26, 8, 28, 24, 15, 21, 15, 5, 27, 27, 19, 28, 7, 2, 12, 28, 26]
y_coordinates = [39, 127, 85, 132, 27, 96, 113, 95, 135, 124, 106, 117, 132, 131, 121, 136, 134, 102, 93]
x_dimensions = [31, 13, 4, 4, 3, 3, 3, 3, 13, 3, 3, 3, 9, 3, 7, 6, 3, 3, 3]
y_dimensions = [12, 4, 8, 7, 4, 31, 22, 14, 3, 12, 11, 10, 3, 8, 3, 3, 5, 4, 3]
minimum_height = 139
----------
x_coordinates = [0, 18, 26, 9, 17, 16, 12, 19, 18, 0, 21, 27, 19, 15, 5, 3, 13, 28, 17]
y_coordinates = [67, 127, 109, 131, 39, 96, 108, 113, 134, 126, 102, 117, 131, 127, 126, 135, 135, 105, 31]
x_dimensions = [31, 13, 4, 4, 3, 3, 3, 3, 13, 3, 3, 3, 9, 3, 7, 6, 5, 3, 3]
y_dimensions = [12, 4, 8, 7, 4, 31, 22, 14, 3, 12, 11, 10, 3, 8, 3, 3, 3, 4, 3]
minimum_height = 138
----------
x_coordinates = [0, 18, 26, 12, 28, 24, 27, 21, 15, 28, 27, 25, 19, 28, 18, 13, 10, 28, 26]
y_coordinates = [57, 125, 69, 124, 53, 84, 91, 79, 134, 113, 80, 115, 130, 129, 76, 131, 132, 49, 77]
x_dimensions = [31, 13, 4, 4, 3, 3, 3, 3, 13, 3, 3, 3, 9, 3, 7, 6, 3, 3, 3]
y_dimensions = [12, 4, 8, 7, 4, 31, 22, 14, 3, 12, 11, 10, 3, 8, 3, 3, 5, 4, 3]
minimum_height = 137
----------
x_coordinates = [0, 18, 25, 27, 17, 20, 12, 23, 18, 3, 25, 26, 15, 15, 5, 6, 24, 28, 21]
y_coordinates = [55, 125, 89, 129, 49, 88, 114, 108, 122, 124, 97, 112, 133, 124, 118, 131, 131, 85, 130]
x_dimensions = [31, 13, 4, 4, 3, 3, 3, 3, 13, 3, 3, 3, 9, 3, 7, 6, 3, 3, 3]
y_dimensions = [12, 4, 8, 7, 4, 31, 22, 14, 3, 12, 11, 10, 3, 8, 3, 3, 5, 4, 3]
minimum_height = 136
----------
x_coordinates = [0, 18, 27, 11, 14, 25, 17, 16, 18, 25, 28, 28, 16, 15, 20, 16, 12, 28, 14]
y_coordinates = [38, 125, 74, 123, 27, 82, 99, 85, 129, 113, 97, 115, 121, 124, 79, 132, 130, 111, 81]
x_dimensions = [31, 13, 4, 4, 3, 3, 3, 3, 13, 3, 3, 3, 9, 3, 7, 6, 3, 3, 3]
y_dimensions = [12, 4, 8, 7, 4, 31, 22, 14, 3, 12, 11, 10, 3, 8, 3, 3, 5, 4, 3]
minimum_height = 135
----------
x_coordinates = [15, 18, 27, 15, 12, 16, 1, 19, 18, 4, 19, 7, 22, 15, 18, 14, 10, 28, 17]
y_coordinates = [30, 130, 110, 119, 27, 88, 111, 113, 127, 118, 102, 124, 124, 126, 79, 82, 129, 118, 85]
x_dimensions = [12, 13, 4, 4, 3, 3, 3, 3, 13, 3, 3, 3, 9, 3, 7, 6, 5, 3, 3]
y_dimensions = [31, 4, 8, 7, 4, 31, 22, 14, 3, 12, 11, 10, 3, 8, 3, 3, 3, 4, 3]
minimum_height = 134
----------
x_coordinates = [15, 19, 14, 23, 12, 28, 4, 19, 21, 7, 26, 10, 22, 22, 18, 13, 18, 16, 20]
y_coordinates = [37, 106, 117, 102, 38, 99, 111, 119, 87, 121, 88, 123, 130, 122, 84, 129, 103, 125, 100]
x_dimensions = [12, 4, 4, 4, 3, 3, 3, 3, 3, 3, 3, 3, 9, 3, 7, 6, 5, 3, 3]
y_dimensions = [31, 13, 8, 7, 4, 31, 22, 14, 13, 12, 11, 10, 3, 8, 3, 3, 3, 4, 3]
minimum_height = 133
----------
x_coordinates = [15, 22, 12, 16, 26, 25, 23, 22, 20, 1, 28, 4, 7, 28, 6, 1, 23, 28, 27]
y_coordinates = [22, 106, 115, 118, 63, 75, 53, 92, 119, 114, 105, 116, 124, 124, 105, 126, 124, 117, 121]
x_dimensions = [12, 4, 4, 4, 3, 3, 3, 3, 3, 3, 3, 3, 9, 3, 7, 6, 5, 3, 3]
y_dimensions = [31, 13, 8, 7, 4, 31, 22, 14, 13, 12, 11, 10, 3, 8, 3, 3, 3, 4, 3]
minimum_height = 132
----------
x_coordinates = [0, 24, 26, 20, 26, 15, 6, 27, 28, 9, 18, 12, 15, 24, 17, 21, 28, 23, 26]
y_coordinates = [15, 103, 88, 98, 27, 93, 109, 117, 104, 119, 113, 115, 124, 123, 90, 116, 99, 94, 96]
x_dimensions = [31, 4, 4, 4, 3, 3, 3, 3, 3, 3, 3, 3, 9, 3, 7, 6, 3, 3, 3]
y_dimensions = [12, 13, 8, 7, 4, 31, 22, 14, 13, 12, 11, 10, 3, 8, 3, 3, 5, 4, 3]
minimum_height = 131
----------
x_coordinates = [11, 24, 27, 4, 27, 13, 21, 27, 28, 1, 25, 14, 17, 27, 7, 8, 26, 28, 28]
y_coordinates = [29, 114, 81, 123, 27, 88, 105, 89, 111, 117, 103, 120, 127, 73, 85, 126, 127, 107, 124]
x_dimensions = [12, 4, 4, 4, 3, 3, 3, 3, 3, 3, 3, 3, 9, 3, 7, 6, 5, 3, 3]
y_dimensions = [31, 13, 8, 7, 4, 31, 22, 14, 13, 12, 11, 10, 3, 8, 3, 3, 3, 4, 3]
minimum_height = 130
----------
x_coordinates = [12, 27, 26, 22, 9, 16, 19, 26, 24, 25, 10, 22, 22, 25, 18, 18, 28, 28, 13]
y_coordinates = [52, 116, 108, 109, 80, 95, 98, 82, 116, 70, 107, 99, 96, 100, 92, 126, 103, 99, 114]
x_dimensions = [12, 4, 4, 4, 3, 3, 3, 3, 3, 3, 3, 3, 9, 3, 7, 6, 3, 3, 3]
y_dimensions = [31, 13, 8, 7, 4, 31, 22, 14, 13, 12, 11, 10, 3, 8, 3, 3, 5, 4, 3]
minimum_height = 129
----------
x_coordinates = [15, 24, 12, 8, 12, 16, 24, 27, 28, 26, 21, 9, 19, 28, 18, 22, 27, 28, 24]
y_coordinates = [30, 115, 113, 111, 27, 96, 80, 83, 114, 68, 108, 118, 105, 101, 77, 102, 109, 97, 112]
x_dimensions = [12, 4, 4, 4, 3, 3, 3, 3, 3, 3, 3, 3, 9, 3, 7, 6, 3, 3, 3]
y_dimensions = [31, 13, 8, 7, 4, 31, 22, 14, 13, 12, 11, 10, 3, 8, 3, 3, 5, 4, 3]
minimum_height = 128
----------
x_coordinates = [5, 27, 22, 25, 25, 19, 26, 28, 28, 25, 24, 20, 12, 26, 20, 21, 27, 28, 24]
y_coordinates = [33, 63, 108, 120, 35, 79, 93, 38, 80, 81, 70, 52, 114, 55, 67, 116, 115, 76, 63]
x_dimensions = [12, 4, 4, 4, 3, 3, 3, 3, 3, 3, 3, 10, 9, 3, 7, 6, 3, 3, 3]
y_dimensions = [31, 13, 8, 7, 4, 31, 22, 14, 13, 12, 11, 3, 3, 8, 3, 3, 5, 4, 3]
minimum_height = 127
----------
x_coordinates = [0, 27, 26, 26, 28, 16, 25, 28, 28, 25, 14, 17, 7, 28, 18, 20, 23, 22, 27]
y_coordinates = [33, 62, 111, 119, 27, 87, 88, 89, 75, 76, 74, 73, 109, 103, 84, 110, 118, 87, 24]
x_dimensions = [31, 4, 4, 4, 3, 3, 3, 3, 3, 3, 3, 10, 9, 3, 7, 6, 3, 3, 3]
y_dimensions = [12, 13, 8, 7, 4, 31, 22, 14, 13, 12, 11, 3, 3, 8, 3, 3, 5, 4, 3]
minimum_height = 126
----------
x_coordinates = [0, 25, 27, 17, 12, 10, 26, 28, 24, 23, 14, 18, 13, 14, 19, 22, 21, 25, 23]
y_coordinates = [30, 67, 117, 111, 27, 94, 80, 103, 112, 55, 112, 105, 101, 104, 96, 102, 117, 108, 99]
x_dimensions = [12, 4, 4, 4, 3, 3, 3, 3, 3, 3, 3, 10, 9, 3, 7, 6, 3, 3, 3]
y_dimensions = [31, 13, 8, 7, 4, 31, 22, 14, 13, 12, 11, 3, 3, 8, 3, 3, 5, 4, 3]
minimum_height = 125
----------
x_coordinates = [2, 27, 27, 17, 14, 15, 26, 9, 28, 26, 25, 18, 19, 12, 19, 21, 24, 25, 28]
y_coordinates = [30, 81, 116, 114, 27, 80, 59, 107, 100, 47, 94, 108, 105, 109, 80, 115, 119, 111, 113]
x_dimensions = [12, 4, 4, 4, 3, 3, 3, 3, 3, 3, 3, 10, 9, 3, 7, 6, 3, 3, 3]
y_dimensions = [31, 13, 8, 7, 4, 31, 22, 14, 13, 12, 11, 3, 3, 8, 3, 3, 5, 4, 3]
minimum_height = 124
----------
x_coordinates = [15, 24, 17, 10, 26, 21, 28, 6, 28, 13, 9, 18, 12, 25, 23, 25, 14, 3, 15]
y_coordinates = [45, 98, 112, 116, 27, 87, 88, 109, 110, 84, 105, 120, 109, 111, 81, 85, 115, 117, 120]
x_dimensions = [12, 4, 4, 4, 3, 3, 3, 3, 3, 12, 3, 10, 9, 3, 7, 6, 3, 3, 3]
y_dimensions = [31, 13, 8, 7, 4, 31, 22, 14, 13, 3, 11, 3, 3, 8, 3, 3, 5, 4, 3]
minimum_height = 123
----------
x_coordinates = [0, 26, 15, 11, 28, 24, 27, 8, 5, 19, 18, 20, 15, 27, 22, 22, 19, 28, 8]
y_coordinates = [52, 67, 114, 113, 28, 83, 92, 105, 109, 64, 79, 114, 91, 84, 80, 118, 117, 118, 119]
x_dimensions = [31, 4, 4, 4, 3, 3, 3, 3, 3, 12, 3, 10, 9, 3, 7, 6, 3, 3, 3]
y_dimensions = [12, 13, 8, 7, 4, 31, 22, 14, 13, 3, 11, 3, 3, 8, 3, 3, 5, 4, 3]
minimum_height = 122
----------
x_coordinates = [0, 27, 17, 21, 28, 25, 28, 8, 5, 16, 20, 21, 16, 28, 25, 16, 14, 28, 11]
y_coordinates = [36, 64, 113, 111, 27, 87, 92, 107, 108, 61, 77, 118, 91, 84, 80, 108, 116, 114, 117]
x_dimensions = [31, 4, 4, 4, 3, 3, 3, 3, 3, 12, 11, 10, 9, 3, 3, 6, 3, 3, 3]
y_dimensions = [12, 13, 8, 7, 4, 31, 22, 14, 13, 3, 3, 3, 3, 8, 7, 3, 5, 4, 3]
minimum_height = 121
----------
x_coordinates = [0, 27, 20, 27, 25, 28, 28, 11, 14, 16, 16, 21, 19, 26, 25, 23, 17, 17, 24]
y_coordinates = [25, 40, 112, 113, 102, 53, 84, 105, 105, 37, 52, 109, 80, 17, 83, 106, 115, 111, 114]
x_dimensions = [31, 4, 4, 4, 3, 3, 3, 3, 3, 12, 11, 10, 9, 3, 3, 6, 3, 3, 3]
y_dimensions = [12, 13, 8, 7, 4, 31, 22, 14, 13, 3, 3, 3, 3, 8, 7, 3, 5, 4, 3]
minimum_height = 120
----------
x_coordinates = [0, 27, 20, 27, 28, 28, 24, 8, 5, 19, 19, 21, 19, 26, 25, 25, 17, 11, 14]
y_coordinates = [40, 93, 108, 106, 89, 58, 91, 104, 105, 52, 55, 116, 88, 32, 81, 113, 112, 115, 115]
x_dimensions = [31, 4, 4, 4, 3, 3, 3, 3, 3, 12, 11, 10, 9, 3, 3, 6, 3, 3, 3]
y_dimensions = [12, 13, 8, 7, 4, 31, 22, 14, 13, 3, 3, 3, 3, 8, 7, 3, 5, 4, 3]
minimum_height = 119
----------
x_coordinates = [15, 24, 18, 15, 26, 25, 12, 3, 28, 22, 18, 22, 14, 28, 22, 25, 9, 6, 19]
y_coordinates = [29, 60, 101, 111, 73, 84, 96, 104, 102, 96, 77, 108, 92, 94, 81, 115, 112, 114, 114]
x_dimensions = [12, 4, 4, 4, 3, 3, 3, 3, 3, 3, 11, 3, 9, 3, 7, 6, 3, 3, 3]
y_dimensions = [31, 13, 8, 7, 4, 31, 22, 14, 13, 12, 3, 10, 3, 8, 3, 3, 5, 4, 3]
minimum_height = 118
----------
x_coordinates = [0, 24, 24, 23, 15, 27, 14, 11, 28, 18, 19, 22, 18, 26, 16, 25, 17, 20, 27]
y_coordinates = [42, 85, 20, 110, 38, 54, 95, 100, 101, 39, 36, 100, 81, 28, 84, 98, 112, 113, 114]
x_dimensions = [31, 4, 4, 4, 3, 3, 3, 3, 3, 12, 11, 3, 9, 3, 3, 6, 3, 3, 3]
y_dimensions = [12, 13, 8, 7, 4, 31, 22, 14, 13, 3, 3, 10, 3, 8, 7, 3, 5, 4, 3]
minimum_height = 117
----------
x_coordinates = [14, 24, 23, 24, 11, 26, 13, 28, 28, 11, 20, 22, 15, 28, 10, 25, 25, 22, 27]
y_coordinates = [55, 87, 35, 45, 54, 56, 92, 38, 103, 74, 52, 102, 86, 88, 86, 100, 111, 112, 35]
x_dimensions = [12, 4, 4, 4, 3, 3, 3, 3, 3, 3, 11, 3, 9, 3, 3, 6, 3, 3, 3]
y_dimensions = [31, 13, 8, 7, 4, 31, 22, 14, 13, 12, 3, 10, 3, 8, 7, 3, 5, 4, 3]
minimum_height = 116
----------
x_coordinates = [0, 24, 27, 24, 15, 25, 14, 21, 19, 28, 20, 22, 15, 27, 12, 25, 28, 25, 28]
y_coordinates = [41, 87, 100, 34, 55, 56, 93, 27, 102, 86, 53, 105, 86, 26, 86, 108, 36, 111, 112]
x_dimensions = [31, 4, 4, 4, 3, 3, 3, 3, 3, 3, 11, 3, 9, 3, 3, 6, 3, 3, 3]
y_dimensions = [12, 13, 8, 7, 4, 31, 22, 14, 13, 12, 3, 10, 3, 8, 7, 3, 5, 4, 3]
minimum_height = 115
----------
x_coordinates = [0, 24, 27, 24, 17, 25, 15, 21, 19, 28, 20, 22, 16, 28, 13, 25, 28, 25, 28]
y_coordinates = [40, 86, 99, 33, 53, 55, 92, 26, 101, 85, 52, 104, 83, 77, 85, 107, 35, 110, 111]
x_dimensions = [31, 4, 4, 4, 3, 3, 3, 3, 3, 3, 11, 3, 9, 3, 3, 6, 3, 3, 3]
y_dimensions = [12, 13, 8, 7, 4, 31, 22, 14, 13, 12, 3, 10, 3, 8, 7, 3, 5, 4, 3]
minimum_height = 114
----------
x_coordinates = [0, 27, 21, 24, 8, 9, 6, 20, 18, 12, 20, 28, 15, 26, 11, 22, 24, 27, 25]
y_coordinates = [55, 82, 105, 95, 78, 82, 91, 83, 100, 94, 79, 100, 97, 71, 79, 102, 90, 110, 107]
x_dimensions = [31, 4, 4, 4, 3, 3, 3, 3, 3, 3, 11, 3, 9, 3, 7, 6, 3, 4, 3]
y_dimensions = [12, 13, 8, 7, 4, 31, 22, 14, 13, 12, 3, 10, 3, 8, 3, 3, 5, 3, 3]
minimum_height = 113
----------
x_coordinates = [15, 24, 18, 27, 26, 28, 21, 27, 25, 13, 20, 25, 15, 27, 23, 4, 21, 11, 22]
y_coordinates = [23, 89, 104, 69, 54, 77, 79, 40, 76, 75, 58, 102, 101, 61, 18, 103, 68, 100, 109]
x_dimensions = [12, 4, 4, 4, 4, 3, 3, 3, 3, 12, 11, 3, 9, 3, 7, 6, 3, 3, 3]
y_dimensions = [31, 13, 8, 7, 3, 31, 22, 14, 13, 3, 3, 10, 3, 8, 3, 3, 5, 4, 3]
minimum_height = 112
----------
x_coordinates = [0, 27, 23, 27, 19, 20, 17, 28, 28, 8, 19, 8, 14, 28, 13, 2, 28, 5, 11]
y_coordinates = [46, 94, 107, 74, 62, 77, 86, 32, 81, 80, 66, 101, 108, 58, 83, 105, 69, 107, 108]
x_dimensions = [31, 4, 8, 4, 4, 3, 3, 3, 3, 12, 11, 3, 9, 3, 7, 3, 3, 3, 3]
y_dimensions = [12, 13, 4, 7, 3, 31, 22, 14, 13, 3, 3, 10, 3, 8, 3, 6, 5, 4, 3]
minimum_height = 111
----------
x_coordinates = [7, 7, 23, 27, 18, 20, 11, 27, 28, 8, 19, 25, 14, 22, 13, 1, 28, 4, 17]
y_coordinates = [51, 95, 106, 77, 48, 76, 88, 58, 84, 82, 55, 96, 107, 68, 85, 104, 72, 105, 104]
x_dimensions = [12, 4, 8, 4, 4, 3, 3, 3, 3, 12, 11, 3, 9, 3, 7, 3, 3, 3, 3]
y_dimensions = [31, 13, 4, 7, 3, 31, 22, 14, 13, 3, 3, 10, 3, 8, 3, 6, 5, 4, 3]
minimum_height = 110
----------
x_coordinates = [8, 7, 23, 27, 19, 20, 11, 28, 28, 8, 20, 14, 14, 2, 13, 1, 5, 4, 17]
y_coordinates = [50, 96, 105, 78, 43, 75, 87, 58, 85, 84, 72, 96, 106, 71, 81, 103, 74, 105, 103]
x_dimensions = [12, 4, 8, 4, 4, 3, 3, 3, 3, 12, 11, 3, 9, 3, 7, 3, 3, 3, 3]
y_dimensions = [31, 13, 4, 7, 3, 31, 22, 14, 13, 3, 3, 10, 3, 8, 3, 6, 5, 4, 3]
minimum_height = 109
----------
x_coordinates = [0, 8, 27, 27, 21, 24, 12, 28, 28, 11, 21, 19, 18, 15, 1, 15, 18, 17, 24]
y_coordinates = [50, 95, 100, 77, 68, 71, 86, 63, 85, 83, 72, 95, 105, 70, 101, 101, 76, 91, 102]
x_dimensions = [31, 4, 4, 4, 4, 3, 3, 3, 3, 12, 3, 3, 9, 3, 7, 3, 3, 3, 3]
y_dimensions = [12, 13, 8, 7, 3, 31, 22, 14, 13, 3, 11, 10, 3, 8, 3, 6, 5, 4, 3]
minimum_height = 108
----------
x_coordinates = [15, 1, 8, 9, 24, 28, 16, 12, 13, 22, 5, 19, 22, 25, 15, 25, 7, 27, 19]
y_coordinates = [51, 94, 103, 94, 95, 73, 85, 76, 90, 83, 94, 97, 104, 87, 82, 98, 89, 69, 93]
x_dimensions = [12, 4, 8, 4, 4, 3, 3, 3, 3, 3, 3, 3, 9, 3, 7, 3, 3, 3, 3]
y_dimensions = [31, 13, 4, 7, 3, 31, 22, 14, 13, 12, 11, 10, 3, 8, 3, 6, 5, 4, 3]
minimum_height = 107
----------
x_coordinates = [15, 0, 11, 24, 26, 27, 21, 10, 12, 18, 8, 28, 19, 24, 4, 25, 5, 28, 27]
y_coordinates = [50, 92, 102, 96, 47, 62, 81, 75, 89, 88, 92, 96, 103, 85, 103, 93, 92, 40, 44]
x_dimensions = [12, 4, 8, 4, 4, 3, 3, 3, 3, 3, 3, 3, 9, 3, 7, 6, 3, 3, 3]
y_dimensions = [31, 13, 4, 7, 3, 31, 22, 14, 13, 12, 11, 10, 3, 8, 3, 3, 5, 4, 3]
minimum_height = 106
----------
x_coordinates = [9, 1, 8, 24, 27, 26, 21, 6, 8, 18, 5, 28, 16, 15, 14, 25, 4, 26, 24]
y_coordinates = [51, 91, 101, 95, 58, 61, 80, 72, 88, 86, 91, 92, 102, 85, 98, 102, 86, 53, 58]
x_dimensions = [12, 4, 8, 4, 4, 3, 3, 3, 3, 3, 3, 3, 9, 3, 7, 6, 3, 3, 3]
y_dimensions = [31, 13, 4, 7, 3, 31, 22, 14, 13, 12, 11, 10, 3, 8, 3, 3, 5, 4, 3]
minimum_height = 105
----------
x_coordinates = [14, 15, 16, 11, 27, 27, 28, 9, 7, 1, 10, 25, 2, 22, 4, 24, 4, 25, 27]
y_coordinates = [51, 96, 100, 95, 76, 45, 79, 82, 85, 86, 92, 86, 98, 85, 101, 101, 92, 82, 42]
x_dimensions = [12, 13, 8, 4, 4, 3, 3, 14, 3, 3, 11, 3, 9, 3, 7, 6, 3, 3, 3]
y_dimensions = [31, 4, 4, 7, 3, 31, 22, 3, 13, 12, 3, 10, 3, 8, 3, 3, 5, 4, 3]
minimum_height = 104
----------
x_coordinates = [10, 15, 23, 19, 27, 28, 1, 11, 11, 12, 8, 28, 24, 25, 23, 6, 5, 27, 27]
y_coordinates = [50, 87, 86, 89, 49, 55, 81, 83, 100, 88, 92, 90, 94, 78, 52, 89, 95, 100, 7]
x_dimensions = [12, 4, 8, 4, 4, 3, 3, 14, 13, 3, 3, 3, 3, 3, 7, 6, 3, 4, 3]
y_dimensions = [31, 13, 4, 7, 3, 31, 22, 3, 3, 12, 11, 10, 9, 8, 3, 3, 5, 3, 3]
minimum_height = 103
----------
x_coordinates = [14, 16, 24, 20, 25, 9, 28, 13, 15, 12, 20, 6, 28, 11, 23, 0, 14, 9, 22]
y_coordinates = [50, 89, 91, 92, 43, 58, 68, 83, 86, 88, 99, 92, 90, 48, 47, 98, 45, 89, 44]
x_dimensions = [12, 4, 4, 4, 4, 3, 3, 14, 13, 3, 11, 3, 3, 3, 7, 6, 3, 3, 3]
y_dimensions = [31, 13, 8, 7, 3, 31, 22, 3, 3, 12, 3, 10, 9, 8, 3, 3, 5, 4, 3]
minimum_height = 102
----------
x_coordinates = [14, 17, 24, 20, 27, 7, 15, 13, 18, 10, 13, 1, 4, 9, 23, 28, 12, 4, 28]
y_coordinates = [29, 60, 90, 88, 98, 70, 73, 98, 85, 87, 95, 91, 92, 67, 72, 92, 62, 88, 89]
x_dimensions = [12, 4, 4, 4, 4, 3, 3, 14, 13, 3, 11, 3, 3, 8, 7, 3, 3, 3, 3]
y_dimensions = [31, 13, 8, 7, 3, 31, 22, 3, 3, 12, 3, 10, 9, 3, 3, 6, 5, 4, 3]
minimum_height = 101
----------
x_coordinates = [14, 18, 27, 24, 25, 28, 3, 14, 15, 12, 16, 0, 18, 23, 20, 6, 14, 8, 22]
y_coordinates = [20, 87, 92, 80, 5, 56, 78, 77, 84, 88, 97, 90, 94, 53, 91, 97, 55, 90, 7]
x_dimensions = [12, 13, 4, 4, 4, 3, 3, 14, 3, 3, 11, 3, 9, 8, 7, 6, 3, 3, 3]
y_dimensions = [31, 4, 8, 7, 3, 31, 22, 3, 13, 12, 3, 10, 3, 3, 3, 3, 5, 4, 3]
minimum_height = 100
----------
x_coordinates = [15, 19, 23, 27, 26, 27, 28, 13, 15, 16, 17, 28, 7, 23, 3, 10, 18, 27, 26]
y_coordinates = [40, 86, 95, 72, 37, 41, 15, 71, 80, 87, 83, 79, 96, 89, 91, 93, 75, 92, 2]
x_dimensions = [12, 4, 8, 4, 4, 3, 3, 14, 13, 3, 11, 3, 9, 8, 7, 6, 3, 4, 3]
y_dimensions = [31, 13, 4, 7, 3, 31, 22, 3, 3, 12, 3, 10, 3, 3, 3, 3, 5, 3, 3]
minimum_height = 99
----------
x_coordinates = [12, 19, 23, 27, 27, 26, 28, 15, 15, 16, 17, 28, 7, 23, 0, 10, 14, 22, 24]
y_coordinates = [6, 85, 94, 74, 27, 43, 5, 40, 37, 86, 82, 81, 95, 91, 93, 92, 81, 2, 29]
x_dimensions = [12, 4, 8, 4, 4, 3, 3, 14, 13, 3, 11, 3, 9, 8, 7, 6, 3, 3, 3]
y_dimensions = [31, 13, 4, 7, 3, 31, 22, 3, 3, 12, 3, 10, 3, 3, 3, 3, 5, 4, 3]
minimum_height = 98
----------
x_coordinates = [15, 19, 12, 26, 26, 27, 28, 13, 11, 12, 17, 28, 3, 23, 24, 19, 14, 20, 26]
y_coordinates = [9, 71, 93, 74, 6, 21, 52, 48, 87, 90, 84, 81, 92, 94, 91, 51, 80, 93, 3]
x_dimensions = [12, 4, 8, 4, 4, 3, 3, 14, 13, 12, 11, 3, 9, 8, 7, 6, 3, 3, 3]
y_dimensions = [31, 13, 4, 7, 3, 31, 22, 3, 3, 3, 3, 10, 3, 3, 3, 3, 5, 4, 3]
minimum_height = 97
----------
x_coordinates = [15, 19, 12, 27, 26, 25, 4, 13, 11, 11, 17, 28, 3, 20, 28, 7, 16, 22, 22]
y_coordinates = [9, 67, 91, 45, 42, 52, 51, 49, 80, 86, 83, 78, 93, 89, 88, 51, 72, 92, 44]
x_dimensions = [12, 4, 8, 4, 4, 3, 3, 14, 13, 12, 11, 3, 9, 8, 3, 6, 3, 3, 3]
y_dimensions = [31, 13, 4, 7, 3, 31, 22, 3, 3, 3, 3, 10, 3, 3, 7, 3, 5, 4, 3]
minimum_height = 96
----------
x_coordinates = [13, 21, 27, 17, 27, 8, 25, 0, 2, 15, 14, 18, 14, 10, 28, 11, 16, 28, 24]
y_coordinates = [31, 79, 65, 70, 61, 55, 73, 92, 86, 77, 92, 82, 67, 89, 84, 72, 62, 91, 63]
x_dimensions = [12, 4, 4, 4, 4, 3, 3, 14, 13, 3, 11, 3, 9, 8, 3, 6, 3, 3, 3]
y_dimensions = [31, 13, 8, 7, 3, 31, 22, 3, 3, 12, 3, 10, 3, 3, 7, 3, 5, 4, 3]
minimum_height = 95
----------
x_coordinates = [8, 27, 24, 20, 25, 28, 5, 1, 7, 4, 15, 2, 19, 20, 7, 14, 24, 25, 27]
y_coordinates = [37, 81, 72, 83, 41, 50, 80, 91, 87, 71, 90, 81, 69, 66, 84, 84, 85, 62, 27]
x_dimensions = [12, 4, 4, 4, 4, 3, 22, 14, 13, 12, 11, 3, 9, 8, 7, 6, 3, 3, 3]
y_dimensions = [31, 13, 8, 7, 3, 31, 3, 3, 3, 3, 3, 10, 3, 3, 3, 3, 5, 4, 3]
minimum_height = 94
----------
x_coordinates = [11, 11, 26, 27, 27, 15, 6, 7, 14, 9, 21, 3, 18, 6, 24, 20, 0, 28, 23]
y_coordinates = [22, 71, 71, 86, 68, 53, 65, 87, 90, 84, 78, 82, 75, 90, 83, 69, 83, 79, 70]
x_dimensions = [12, 4, 4, 4, 4, 3, 3, 14, 13, 12, 3, 3, 3, 8, 7, 3, 3, 3, 3]
y_dimensions = [31, 13, 8, 7, 3, 31, 22, 3, 3, 3, 11, 10, 9, 3, 3, 6, 5, 4, 3]
minimum_height = 93
----------
x_coordinates = [5, 14, 27, 24, 27, 17, 17, 1, 18, 0, 28, 28, 19, 23, 21, 15, 12, 20, 27]
y_coordinates = [8, 39, 43, 75, 67, 52, 17, 88, 89, 85, 78, 33, 83, 51, 86, 85, 83, 50, 30]
x_dimensions = [12, 4, 4, 4, 4, 3, 3, 14, 13, 12, 3, 3, 9, 8, 7, 3, 3, 3, 3]
y_dimensions = [31, 13, 8, 7, 3, 31, 22, 3, 3, 3, 11, 10, 3, 3, 3, 6, 5, 4, 3]
minimum_height = 92
----------
x_coordinates = [12, 20, 24, 24, 27, 18, 28, 7, 17, 6, 28, 18, 19, 8, 21, 16, 3, 28, 24]
y_coordinates = [38, 69, 27, 75, 55, 4, 58, 88, 35, 85, 80, 85, 82, 81, 88, 79, 84, 31, 57]
x_dimensions = [12, 4, 4, 4, 4, 3, 3, 14, 13, 12, 3, 10, 9, 8, 7, 3, 3, 3, 3]
y_dimensions = [31, 13, 8, 7, 3, 31, 22, 3, 3, 3, 11, 3, 3, 3, 3, 6, 5, 4, 3]
minimum_height = 91
----------
x_coordinates = [7, 16, 12, 24, 27, 19, 18, 7, 18, 1, 28, 6, 20, 4, 21, 20, 27, 9, 24]
y_coordinates = [18, 74, 73, 79, 48, 18, 49, 87, 71, 78, 79, 84, 76, 80, 86, 80, 43, 73, 47]
x_dimensions = [12, 4, 4, 4, 4, 3, 3, 14, 13, 3, 3, 10, 9, 8, 7, 3, 3, 3, 3]
y_dimensions = [31, 13, 8, 7, 3, 31, 22, 3, 3, 12, 11, 3, 3, 3, 3, 6, 5, 4, 3]
minimum_height = 90
----------
x_coordinates = [8, 24, 7, 27, 27, 23, 20, 11, 11, 0, 23, 12, 22, 10, 17, 21, 27, 28, 5]
y_coordinates = [43, 73, 74, 41, 68, 42, 52, 28, 74, 85, 31, 86, 86, 82, 77, 80, 62, 72, 71]
x_dimensions = [12, 4, 4, 4, 3, 3, 3, 14, 13, 12, 3, 10, 9, 8, 7, 3, 3, 3, 3]
y_dimensions = [31, 13, 8, 7, 4, 31, 22, 3, 3, 3, 11, 3, 3, 3, 3, 6, 5, 4, 3]
minimum_height = 89
----------
x_coordinates = [0, 27, 11, 24, 22, 28, 25, 17, 15, 2, 26, 14, 22, 19, 17, 24, 22, 8, 12]
y_coordinates = [43, 75, 74, 43, 68, 44, 50, 26, 72, 85, 32, 85, 29, 79, 82, 82, 62, 74, 70]
x_dimensions = [12, 4, 4, 4, 3, 3, 3, 14, 13, 12, 3, 10, 9, 8, 7, 3, 3, 3, 3]
y_dimensions = [31, 13, 8, 7, 4, 31, 22, 3, 3, 3, 11, 3, 3, 3, 3, 6, 5, 4, 3]
minimum_height = 88
----------
x_coordinates = [10, 14, 24, 22, 23, 11, 26, 20, 12, 15, 23, 18, 28, 3, 22, 27, 23, 25, 25]
y_coordinates = [19, 76, 35, 46, 58, 50, 48, 59, 81, 73, 62, 84, 78, 79, 43, 72, 53, 80, 29]
x_dimensions = [12, 13, 4, 4, 3, 3, 3, 3, 13, 12, 3, 10, 3, 8, 7, 3, 3, 3, 3]
y_dimensions = [31, 4, 8, 7, 4, 31, 22, 14, 3, 3, 11, 3, 9, 3, 3, 6, 5, 4, 3]
minimum_height = 87
----------
x_coordinates = [8, 15, 18, 27, 12, 27, 28, 25, 12, 17, 22, 22, 9, 8, 20, 6, 3, 28, 0]
y_coordinates = [36, 82, 74, 53, 82, 22, 60, 68, 69, 19, 58, 72, 79, 76, 52, 80, 78, 82, 80]
x_dimensions = [12, 13, 4, 4, 3, 3, 3, 3, 13, 12, 3, 3, 9, 8, 7, 3, 3, 3, 3]
y_dimensions = [31, 4, 8, 7, 4, 31, 22, 14, 3, 3, 11, 10, 3, 3, 3, 6, 5, 4, 3]
minimum_height = 86
----------
x_coordinates = [6, 18, 24, 27, 11, 28, 28, 19, 6, 17, 23, 21, 2, 10, 23, 17, 14, 28, 8]
y_coordinates = [20, 17, 77, 52, 80, 21, 59, 0, 11, 14, 50, 75, 79, 17, 11, 79, 80, 81, 82]
x_dimensions = [12, 13, 4, 4, 3, 3, 3, 3, 13, 12, 3, 3, 9, 8, 7, 3, 3, 3, 3]
y_dimensions = [31, 4, 8, 7, 4, 31, 22, 14, 3, 3, 11, 10, 3, 3, 3, 6, 5, 4, 3]
minimum_height = 85
----------
x_coordinates = [8, 18, 21, 27, 19, 28, 28, 21, 15, 15, 24, 21, 10, 10, 23, 22, 25, 28, 18]
y_coordinates = [2, 54, 70, 47, 80, 16, 58, 36, 33, 50, 38, 10, 79, 53, 13, 78, 77, 80, 76]
x_dimensions = [12, 13, 4, 4, 3, 3, 3, 3, 13, 12, 3, 10, 9, 8, 7, 3, 3, 3, 3]
y_dimensions = [31, 4, 8, 7, 4, 31, 22, 14, 3, 3, 11, 3, 3, 3, 3, 6, 5, 4, 3]
minimum_height = 84
----------
x_coordinates = [14, 18, 14, 24, 21, 28, 28, 18, 17, 19, 14, 20, 22, 20, 23, 22, 25, 18, 19]
y_coordinates = [13, 57, 60, 53, 80, 15, 61, 67, 50, 10, 48, 4, 46, 64, 7, 74, 78, 44, 47]
x_dimensions = [12, 13, 4, 7, 4, 3, 3, 3, 13, 12, 3, 10, 9, 8, 7, 3, 3, 4, 3]
y_dimensions = [31, 4, 8, 4, 3, 31, 22, 14, 3, 3, 11, 3, 3, 3, 3, 6, 5, 3, 3]
minimum_height = 83
----------
x_coordinates = [7, 18, 14, 10, 24, 19, 6, 0, 18, 9, 3, 2, 22, 12, 3, 27, 28, 20, 23]
y_coordinates = [34, 67, 68, 66, 79, 36, 76, 65, 72, 31, 68, 79, 58, 79, 65, 61, 77, 79, 64]
x_dimensions = [12, 13, 4, 4, 4, 3, 22, 3, 13, 12, 3, 10, 9, 8, 7, 3, 3, 4, 3]
y_dimensions = [31, 4, 8, 7, 3, 31, 3, 14, 3, 3, 11, 3, 3, 3, 3, 6, 5, 3, 3]
minimum_height = 82
----------
x_coordinates = [14, 8, 21, 14, 24, 28, 7, 18, 25, 13, 5, 3, 22, 10, 7, 28, 25, 27, 27]
y_coordinates = [11, 60, 63, 70, 60, 50, 47, 64, 63, 78, 62, 76, 8, 67, 73, 41, 42, 35, 38]
x_dimensions = [12, 13, 4, 4, 4, 3, 22, 3, 3, 12, 3, 10, 9, 8, 7, 3, 3, 4, 3]
y_dimensions = [31, 4, 8, 7, 3, 31, 3, 14, 13, 3, 11, 3, 3, 3, 3, 6, 5, 3, 3]
minimum_height = 81
----------
x_coordinates = [14, 18, 27, 20, 5, 26, 9, 2, 24, 14, 14, 21, 8, 4, 17, 25, 28, 27, 28]
y_coordinates = [15, 73, 65, 69, 75, 16, 77, 66, 56, 46, 65, 12, 49, 63, 66, 50, 55, 47, 51]
x_dimensions = [12, 13, 4, 7, 4, 3, 22, 3, 3, 12, 3, 10, 9, 8, 7, 3, 3, 4, 3]
y_dimensions = [31, 4, 8, 4, 3, 31, 3, 14, 13, 3, 11, 3, 3, 3, 3, 6, 5, 3, 3]
minimum_height = 80
----------
x_coordinates = [7, 18, 5, 1, 1, 28, 9, 8, 5, 15, 25, 21, 4, 12, 9, 4, 0, 27, 27]
y_coordinates = [2, 72, 70, 72, 66, 37, 68, 65, 57, 35, 57, 76, 33, 76, 71, 36, 69, 31, 34]
x_dimensions = [12, 13, 4, 4, 4, 3, 22, 14, 3, 12, 3, 10, 9, 8, 7, 6, 5, 4, 3]
y_dimensions = [31, 4, 8, 7, 3, 31, 3, 3, 13, 3, 11, 3, 3, 3, 3, 3, 3, 3, 3]
minimum_height = 79
----------
x_coordinates = [15, 15, 20, 21, 23, 27, 28, 11, 25, 9, 27, 0, 23, 10, 4, 28, 18, 26, 25]
y_coordinates = [3, 58, 50, 68, 75, 4, 56, 65, 62, 34, 45, 75, 40, 75, 67, 35, 73, 41, 36]
x_dimensions = [12, 13, 4, 4, 4, 3, 3, 14, 3, 12, 3, 10, 3, 8, 7, 3, 3, 3, 3]
y_dimensions = [31, 4, 8, 7, 3, 31, 22, 3, 13, 3, 11, 3, 9, 3, 3, 6, 5, 4, 3]
minimum_height = 78
----------
x_coordinates = [9, 15, 23, 25, 27, 6, 23, 11, 25, 10, 28, 21, 19, 17, 4, 22, 26, 28, 28]
y_coordinates = [19, 53, 23, 70, 29, 30, 31, 69, 57, 50, 51, 20, 57, 66, 68, 60, 48, 65, 62]
x_dimensions = [12, 13, 4, 4, 4, 3, 3, 14, 3, 3, 3, 10, 3, 8, 7, 3, 5, 3, 3]
y_dimensions = [31, 4, 8, 7, 3, 31, 22, 3, 13, 12, 11, 3, 9, 3, 3, 6, 3, 4, 3]
minimum_height = 77
----------
x_coordinates = [15, 18, 26, 27, 25, 15, 10, 13, 24, 7, 4, 12, 1, 18, 17, 7, 26, 21, 23]
y_coordinates = [5, 53, 45, 69, 42, 39, 52, 73, 60, 64, 63, 36, 56, 50, 70, 58, 57, 63, 57]
x_dimensions = [12, 13, 4, 4, 4, 3, 3, 14, 3, 3, 3, 10, 3, 8, 7, 3, 5, 3, 3]
y_dimensions = [31, 4, 8, 7, 3, 31, 22, 3, 13, 12, 11, 3, 9, 3, 3, 6, 3, 4, 3]
minimum_height = 76
----------
x_coordinates = [10, 17, 23, 26, 27, 11, 20, 17, 14, 8, 15, 21, 13, 18, 24, 8, 25, 5, 26]
y_coordinates = [4, 39, 51, 68, 56, 44, 43, 65, 58, 63, 46, 36, 35, 70, 59, 42, 62, 43, 43]
x_dimensions = [12, 13, 4, 4, 4, 3, 3, 14, 3, 3, 3, 10, 3, 8, 7, 3, 5, 3, 3]
y_dimensions = [31, 4, 8, 7, 3, 31, 22, 3, 13, 12, 11, 3, 9, 3, 3, 6, 3, 4, 3]
minimum_height = 75
----------
x_coordinates = [2, 17, 14, 27, 28, 16, 21, 17, 18, 24, 18, 20, 14, 3, 24, 11, 28, 25, 27]
y_coordinates = [31, 12, 57, 52, 59, 16, 49, 71, 58, 46, 47, 43, 65, 64, 63, 62, 66, 66, 39]
x_dimensions = [12, 13, 4, 4, 3, 3, 3, 14, 3, 3, 3, 10, 3, 8, 7, 3, 3, 3, 3]
y_dimensions = [31, 4, 8, 7, 4, 31, 22, 3, 13, 12, 11, 3, 9, 3, 3, 6, 5, 4, 3]
minimum_height = 74
----------
x_coordinates = [4, 18, 17, 27, 28, 16, 21, 14, 14, 24, 16, 15, 15, 6, 24, 10, 28, 13, 27]
y_coordinates = [9, 8, 59, 53, 61, 12, 47, 70, 57, 42, 46, 5, 43, 66, 65, 42, 68, 47, 45]
x_dimensions = [12, 13, 4, 4, 3, 3, 3, 14, 3, 3, 3, 10, 9, 8, 7, 3, 3, 3, 3]
y_dimensions = [31, 4, 8, 7, 4, 31, 22, 3, 13, 12, 11, 3, 3, 3, 3, 6, 5, 4, 3]
minimum_height = 73
----------
x_coordinates = [8, 18, 22, 27, 16, 21, 19, 9, 6, 24, 8, 14, 15, 23, 9, 12, 28, 5, 18]
y_coordinates = [10, 1, 60, 54, 65, 13, 47, 69, 59, 43, 46, 5, 44, 68, 66, 42, 63, 46, 41]
x_dimensions = [12, 13, 4, 4, 3, 3, 3, 14, 3, 3, 3, 10, 9, 8, 7, 3, 3, 3, 3]
y_dimensions = [31, 4, 8, 7, 4, 31, 22, 3, 13, 12, 11, 3, 3, 3, 3, 6, 5, 4, 3]
minimum_height = 72
----------
x_coordinates = [0, 14, 24, 26, 21, 27, 20, 17, 3, 25, 5, 18, 28, 6, 14, 12, 28, 2, 15]
y_coordinates = [2, 36, 60, 7, 64, 29, 42, 68, 58, 14, 33, 26, 20, 63, 65, 28, 63, 33, 28]
x_dimensions = [12, 13, 4, 4, 3, 3, 3, 14, 3, 3, 3, 10, 3, 8, 7, 3, 3, 3, 3]
y_dimensions = [31, 4, 8, 7, 4, 31, 22, 3, 13, 12, 11, 3, 9, 3, 3, 6, 5, 4, 3]
minimum_height = 71
----------
x_coordinates = [0, 17, 27, 27, 18, 28, 25, 14, 11, 25, 12, 21, 28, 17, 21, 15, 27, 9, 18]
y_coordinates = [4, 15, 0, 8, 63, 39, 40, 67, 57, 19, 30, 31, 22, 38, 64, 30, 34, 35, 29]
x_dimensions = [12, 13, 4, 4, 3, 3, 3, 14, 3, 3, 3, 10, 3, 8, 7, 3, 3, 3, 3]
y_dimensions = [31, 4, 8, 7, 4, 31, 22, 3, 13, 12, 11, 3, 9, 3, 3, 6, 5, 4, 3]
minimum_height = 70
----------
x_coordinates = [15, 27, 23, 24, 25, 0, 28, 17, 12, 28, 17, 28, 4, 24, 5, 7, 27, 13, 12]
y_coordinates = [28, 26, 20, 13, 62, 66, 44, 10, 63, 14, 59, 0, 54, 1, 63, 60, 39, 60, 57]
x_dimensions = [12, 4, 4, 4, 3, 31, 3, 14, 13, 3, 11, 3, 3, 3, 7, 6, 3, 4, 3]
y_dimensions = [31, 13, 8, 7, 4, 3, 22, 3, 3, 12, 3, 10, 9, 8, 3, 3, 5, 3, 3]
minimum_height = 69
----------
x_coordinates = [15, 20, 24, 27, 28, 28, 5, 27, 15, 7, 17, 25, 2, 27, 8, 12, 23, 14, 28]
y_coordinates = [31, 18, 23, 46, 64, 1, 45, 32, 65, 22, 10, 13, 59, 53, 59, 62, 62, 12, 61]
x_dimensions = [12, 4, 4, 4, 3, 3, 3, 3, 13, 3, 11, 3, 3, 3, 7, 3, 5, 3, 3]
y_dimensions = [31, 13, 8, 7, 4, 31, 22, 14, 3, 12, 3, 10, 9, 8, 3, 6, 3, 4, 3]
minimum_height = 68
----------
x_coordinates = [15, 17, 23, 13, 24, 27, 11, 27, 16, 12, 27, 21, 9, 28, 6, 24, 25, 24, 21]
y_coordinates = [32, 18, 2, 15, 20, 33, 45, 19, 64, 24, 0, 15, 29, 11, 18, 24, 11, 16, 29]
x_dimensions = [12, 4, 4, 4, 3, 3, 3, 3, 13, 3, 3, 3, 3, 3, 7, 3, 3, 4, 3]
y_dimensions = [31, 13, 8, 7, 4, 31, 22, 14, 3, 12, 11, 10, 9, 8, 3, 6, 5, 3, 3]
minimum_height = 67
----------
x_coordinates = [15, 12, 23, 24, 25, 28, 1, 27, 15, 12, 27, 11, 9, 28, 17, 21, 23, 25, 18]
y_coordinates = [30, 26, 4, 19, 15, 21, 63, 52, 12, 33, 1, 52, 25, 13, 17, 20, 61, 26, 20]
x_dimensions = [12, 13, 4, 4, 3, 3, 22, 3, 13, 3, 3, 3, 3, 3, 7, 3, 3, 3, 3]
y_dimensions = [31, 4, 8, 7, 4, 31, 3, 14, 3, 12, 11, 10, 9, 8, 3, 6, 5, 4, 3]
minimum_height = 66
----------
x_coordinates = [3, 23, 24, 26, 27, 28, 6, 23, 15, 19, 28, 22, 21, 27, 12, 25, 23, 25, 27]
y_coordinates = [31, 30, 48, 20, 27, 34, 62, 11, 45, 10, 1, 1, 53, 12, 19, 56, 25, 7, 31]
x_dimensions = [12, 4, 4, 4, 3, 3, 22, 3, 13, 3, 3, 3, 3, 3, 7, 3, 3, 3, 3]
y_dimensions = [31, 13, 8, 7, 4, 31, 3, 14, 3, 12, 11, 10, 9, 8, 3, 6, 5, 4, 3]
minimum_height = 65
----------
x_coordinates = [6, 24, 24, 27, 28, 28, 6, 24, 11, 21, 28, 22, 18, 27, 19, 21, 25, 26, 23]
y_coordinates = [31, 30, 0, 22, 29, 33, 8, 16, 28, 39, 0, 51, 37, 14, 13, 32, 50, 11, 61]
x_dimensions = [12, 4, 4, 4, 3, 3, 22, 3, 13, 3, 3, 3, 3, 3, 7, 3, 3, 4, 3]
y_dimensions = [31, 13, 8, 7, 4, 31, 3, 14, 3, 12, 11, 10, 9, 8, 3, 6, 5, 3, 3]
minimum_height = 64
----------
x_coordinates = [12, 24, 24, 27, 27, 28, 3, 10, 12, 6, 28, 20, 3, 23, 13, 25, 9, 25, 23]
y_coordinates = [29, 46, 35, 21, 17, 28, 60, 11, 26, 24, 6, 16, 27, 15, 20, 28, 25, 59, 23]
x_dimensions = [12, 4, 4, 4, 3, 3, 22, 3, 13, 3, 3, 3, 3, 3, 7, 3, 3, 4, 3]
y_dimensions = [31, 13, 8, 7, 4, 31, 3, 14, 3, 12, 11, 10, 9, 8, 3, 6, 5, 3, 3]
minimum_height = 63
----------
x_coordinates = [15, 26, 7, 27, 27, 3, 6, 27, 9, 5, 28, 23, 6, 25, 7, 22, 27, 27, 12]
y_coordinates = [7, 38, 37, 24, 31, 31, 59, 5, 49, 18, 51, 40, 47, 51, 56, 50, 19, 35, 37]
x_dimensions = [12, 4, 4, 4, 3, 3, 22, 3, 13, 3, 3, 3, 3, 3, 7, 3, 3, 4, 3]
y_dimensions = [31, 13, 8, 7, 4, 31, 3, 14, 3, 12, 11, 10, 9, 8, 3, 6, 5, 3, 3]
minimum_height = 62
----------
x_coordinates = [15, 27, 24, 4, 24, 28, 9, 6, 2, 12, 0, 12, 3, 8, 17, 25, 26, 27, 3]
y_coordinates = [21, 40, 7, 52, 52, 9, 29, 37, 20, 38, 49, 50, 39, 51, 55, 15, 56, 53, 49]
x_dimensions = [12, 4, 4, 4, 3, 3, 3, 3, 13, 3, 3, 3, 3, 3, 7, 3, 3, 4, 3]
y_dimensions = [31, 13, 8, 7, 4, 31, 22, 14, 3, 12, 11, 10, 9, 8, 3, 6, 5, 3, 3]
minimum_height = 61
----------
x_coordinates = [12, 27, 5, 25, 24, 0, 11, 23, 15, 2, 28, 25, 3, 9, 5, 8, 28, 25, 24]
y_coordinates = [29, 40, 36, 53, 39, 29, 7, 12, 26, 11, 24, 2, 49, 34, 52, 28, 35, 33, 50]
x_dimensions = [12, 4, 4, 4, 3, 3, 3, 3, 13, 3, 3, 3, 9, 3, 7, 3, 3, 3, 3]
y_dimensions = [31, 13, 8, 7, 4, 31, 22, 14, 3, 12, 11, 10, 3, 8, 3, 6, 5, 4, 3]
minimum_height = 60
----------
x_coordinates = [15, 27, 3, 11, 10, 0, 10, 12, 2, 2, 7, 9, 2, 4, 5, 2, 28, 27, 8]
y_coordinates = [24, 46, 42, 52, 48, 28, 3, 34, 25, 7, 42, 29, 0, 50, 39, 19, 38, 43, 53]
x_dimensions = [12, 4, 4, 4, 3, 3, 3, 3, 13, 3, 3, 3, 9, 3, 7, 3, 3, 4, 3]
y_dimensions = [31, 13, 8, 7, 4, 31, 22, 14, 3, 12, 11, 10, 3, 8, 3, 6, 5, 3, 3]
minimum_height = 59
----------
x_coordinates = [0, 21, 24, 14, 25, 0, 14, 18, 18, 12, 15, 25, 16, 28, 15, 24, 28, 28, 28]
y_coordinates = [24, 41, 23, 48, 51, 55, 8, 40, 37, 30, 30, 41, 5, 29, 41, 31, 40, 50, 47]
x_dimensions = [12, 4, 4, 4, 3, 31, 3, 3, 13, 3, 3, 3, 9, 3, 3, 3, 3, 3, 3]
y_dimensions = [31, 13, 8, 7, 4, 3, 22, 14, 3, 12, 11, 10, 3, 8, 7, 6, 5, 4, 3]
minimum_height = 58
----------
x_coordinates = [0, 27, 24, 13, 20, 15, 19, 21, 0, 15, 18, 26, 18, 12, 24, 28, 27, 17, 21]
y_coordinates = [23, 39, 21, 50, 53, 7, 6, 36, 54, 38, 42, 29, 28, 36, 49, 23, 52, 53, 50]
x_dimensions = [12, 4, 4, 4, 3, 3, 3, 3, 13, 3, 3, 3, 3, 3, 3, 3, 3, 3, 3]
y_dimensions = [31, 13, 8, 7, 4, 31, 22, 14, 3, 12, 11, 10, 9, 8, 7, 6, 5, 4, 3]
minimum_height = 57
----------
x_coordinates = [0, 23, 23, 12, 16, 25, 19, 22, 12, 27, 27, 28, 18, 28, 14, 28, 17, 19, 20]
y_coordinates = [24, 43, 0, 49, 52, 12, 11, 11, 39, 0, 45, 35, 8, 21, 42, 29, 47, 53, 50]
x_dimensions = [12, 4, 4, 4, 3, 3, 3, 3, 13, 3, 3, 3, 9, 3, 3, 3, 3, 4, 3]
y_dimensions = [31, 13, 8, 7, 4, 31, 22, 14, 3, 12, 11, 10, 3, 8, 7, 6, 5, 3, 3]
minimum_height = 56
----------
x_coordinates = [4, 22, 18, 21, 28, 28, 18, 25, 1, 27, 25, 25, 22, 16, 19, 20, 21, 27, 22]
y_coordinates = [24, 42, 47, 32, 1, 5, 13, 11, 41, 42, 25, 1, 39, 35, 40, 7, 24, 36, 4]
x_dimensions = [12, 4, 4, 4, 3, 3, 3, 3, 3, 3, 3, 3, 9, 3, 3, 3, 3, 4, 3]
y_dimensions = [31, 13, 8, 7, 4, 31, 22, 14, 13, 12, 11, 10, 3, 8, 7, 6, 5, 3, 3]
minimum_height = 55
----------
x_coordinates = [7, 23, 18, 23, 22, 25, 3, 28, 6, 27, 28, 28, 22, 22, 3, 0, 19, 27, 19]
y_coordinates = [9, 41, 1, 31, 27, 0, 19, 10, 40, 42, 24, 0, 38, 8, 41, 40, 37, 35, 29]
x_dimensions = [12, 4, 4, 4, 3, 3, 3, 3, 13, 3, 3, 3, 9, 3, 3, 3, 3, 4, 3]
y_dimensions = [31, 13, 8, 7, 4, 31, 22, 14, 3, 12, 11, 10, 3, 8, 7, 6, 5, 3, 3]
minimum_height = 54
----------
x_coordinates = [7, 23, 21, 24, 22, 28, 4, 25, 7, 27, 25, 28, 16, 25, 20, 19, 21, 20, 19]
y_coordinates = [19, 40, 4, 22, 18, 10, 11, 8, 50, 41, 29, 0, 12, 0, 46, 15, 28, 25, 21]
x_dimensions = [12, 4, 4, 4, 3, 3, 3, 3, 13, 3, 3, 3, 9, 3, 3, 3, 3, 4, 3]
y_dimensions = [31, 13, 8, 7, 4, 31, 22, 14, 3, 12, 11, 10, 3, 8, 7, 6, 5, 3, 3]
minimum_height = 53
----------
x_coordinates = [7, 27, 19, 23, 25, 24, 0, 28, 9, 22, 28, 28, 15, 25, 0, 3, 6, 27, 4]
y_coordinates = [15, 12, 32, 32, 48, 1, 23, 38, 46, 40, 1, 25, 12, 39, 45, 44, 47, 35, 38]
x_dimensions = [12, 4, 4, 4, 3, 3, 3, 3, 13, 3, 3, 3, 9, 3, 3, 3, 3, 4, 3]
y_dimensions = [31, 13, 8, 7, 4, 31, 22, 14, 3, 12, 11, 10, 3, 8, 7, 6, 5, 3, 3]
minimum_height = 52
----------
x_coordinates = [10, 22, 0, 26, 24, 25, 7, 28, 12, 4, 28, 28, 19, 27, 17, 16, 14, 3, 1]
y_coordinates = [15, 34, 42, 36, 47, 3, 29, 22, 6, 39, 1, 12, 0, 43, 48, 9, 46, 36, 39]
x_dimensions = [12, 4, 4, 4, 3, 3, 3, 3, 13, 3, 3, 3, 9, 3, 7, 3, 3, 4, 3]
y_dimensions = [31, 13, 8, 7, 4, 31, 22, 14, 3, 12, 11, 10, 3, 8, 3, 6, 5, 3, 3]
minimum_height = 51
----------
x_coordinates = [11, 23, 4, 27, 25, 25, 8, 28, 8, 6, 28, 28, 16, 27, 1, 5, 0, 0, 4]
y_coordinates = [16, 36, 36, 35, 31, 0, 25, 21, 47, 10, 0, 11, 13, 42, 39, 44, 46, 34, 33]
x_dimensions = [12, 4, 4, 4, 3, 3, 3, 3, 13, 3, 3, 3, 9, 3, 3, 3, 5, 4, 3]
y_dimensions = [31, 13, 8, 7, 4, 31, 22, 14, 3, 12, 11, 10, 3, 8, 7, 6, 3, 3, 3]
minimum_height = 50
----------
x_coordinates = [13, 23, 12, 27, 27, 25, 10, 28, 0, 6, 28, 28, 22, 17, 9, 20, 4, 0, 20]
y_coordinates = [4, 36, 41, 38, 45, 5, 19, 24, 2, 34, 3, 14, 0, 35, 42, 43, 46, 44, 40]
x_dimensions = [12, 4, 4, 4, 3, 3, 3, 3, 13, 3, 3, 3, 9, 3, 3, 3, 5, 4, 3]
y_dimensions = [31, 13, 8, 7, 4, 31, 22, 14, 3, 12, 11, 10, 3, 8, 7, 6, 3, 3, 3]
minimum_height = 49
----------
x_coordinates = [12, 24, 5, 27, 28, 24, 8, 27, 7, 9, 28, 27, 19, 2, 12, 10, 10, 17, 21]
y_coordinates = [10, 0, 40, 37, 44, 14, 14, 23, 1, 36, 2, 13, 45, 40, 41, 4, 1, 42, 42]
x_dimensions = [12, 4, 4, 4, 3, 3, 3, 3, 3, 3, 3, 3, 9, 3, 3, 3, 5, 4, 3]
y_dimensions = [31, 13, 8, 7, 4, 31, 22, 14, 13, 12, 11, 10, 3, 8, 7, 6, 3, 3, 3]
minimum_height = 48
----------
x_coordinates = [15, 27, 14, 24, 25, 28, 12, 1, 12, 8, 3, 4, 22, 21, 11, 10, 12, 1, 5]
y_coordinates = [4, 3, 39, 39, 35, 16, 14, 24, 36, 34, 2, 27, 0, 39, 40, 8, 1, 38, 37]
x_dimensions = [12, 4, 4, 4, 3, 3, 3, 3, 13, 3, 3, 3, 9, 3, 3, 3, 5, 4, 3]
y_dimensions = [31, 13, 8, 7, 4, 31, 22, 14, 3, 12, 11, 10, 3, 8, 7, 6, 3, 3, 3]
minimum_height = 47
----------
x_coordinates = [15, 27, 27, 27, 24, 8, 12, 3, 11, 9, 28, 2, 15, 0, 12, 11, 13, 5, 6]
y_coordinates = [11, 6, 31, 39, 42, 3, 16, 29, 4, 34, 20, 15, 42, 37, 38, 10, 7, 43, 40]
x_dimensions = [12, 4, 4, 4, 3, 3, 3, 3, 13, 3, 3, 3, 9, 3, 3, 3, 5, 4, 3]
y_dimensions = [31, 13, 8, 7, 4, 31, 22, 14, 3, 12, 11, 10, 3, 8, 7, 6, 3, 3, 3]
minimum_height = 46
----------
x_coordinates = [13, 27, 21, 0, 28, 7, 25, 4, 11, 9, 28, 28, 12, 25, 28, 10, 12, 5, 16]
y_coordinates = [4, 0, 36, 34, 41, 2, 15, 28, 1, 33, 13, 24, 38, 37, 34, 12, 35, 42, 41]
x_dimensions = [12, 4, 4, 4, 3, 3, 3, 3, 13, 3, 3, 3, 9, 3, 3, 3, 5, 4, 3]
y_dimensions = [31, 13, 8, 7, 4, 31, 22, 14, 3, 12, 11, 10, 3, 8, 7, 6, 3, 3, 3]
minimum_height = 45
----------
x_coordinates = [15, 11, 27, 27, 1, 1, 12, 4, 2, 28, 8, 5, 15, 23, 24, 28, 7, 5, 9]
y_coordinates = [3, 9, 25, 33, 39, 8, 22, 27, 5, 7, 18, 17, 38, 41, 34, 19, 33, 41, 40]
x_dimensions = [12, 4, 4, 4, 3, 3, 3, 3, 13, 3, 3, 3, 9, 8, 3, 3, 5, 4, 3]
y_dimensions = [31, 13, 8, 7, 4, 31, 22, 14, 3, 12, 11, 10, 3, 3, 7, 6, 3, 3, 3]
minimum_height = 44
----------
x_coordinates = [15, 11, 27, 0, 28, 1, 12, 4, 15, 27, 6, 28, 14, 23, 11, 28, 7, 7, 8]
y_coordinates = [6, 0, 28, 36, 36, 5, 13, 27, 37, 16, 9, 0, 40, 40, 35, 10, 27, 36, 40]
x_dimensions = [12, 4, 4, 4, 3, 3, 3, 3, 13, 3, 3, 3, 9, 8, 3, 3, 5, 4, 3]
y_dimensions = [31, 13, 8, 7, 4, 31, 22, 14, 3, 12, 11, 10, 3, 3, 7, 6, 3, 3, 3]
minimum_height = 43
----------
x_coordinates = [15, 4, 27, 7, 28, 1, 12, 4, 15, 27, 8, 6, 14, 23, 11, 28, 7, 5, 9]
y_coordinates = [5, 2, 27, 35, 35, 11, 12, 28, 36, 2, 4, 15, 39, 39, 34, 14, 31, 25, 27]
x_dimensions = [12, 4, 4, 4, 3, 3, 3, 3, 13, 3, 3, 3, 9, 8, 3, 3, 5, 4, 3]
y_dimensions = [31, 13, 8, 7, 4, 31, 22, 14, 3, 12, 11, 10, 3, 3, 7, 6, 3, 3, 3]
minimum_height = 42
----------
x_coordinates = [15, 3, 27, 0, 7, 0, 12, 4, 18, 28, 11, 9, 13, 23, 10, 28, 13, 5, 7]
y_coordinates = [4, 11, 27, 34, 37, 3, 12, 27, 35, 15, 1, 23, 38, 38, 34, 9, 35, 24, 33]
x_dimensions = [12, 4, 4, 4, 3, 3, 3, 3, 13, 3, 3, 3, 9, 8, 3, 3, 5, 4, 3]
y_dimensions = [31, 13, 8, 7, 4, 31, 22, 14, 3, 12, 11, 10, 3, 3, 7, 6, 3, 3, 3]
minimum_height = 41
----------
x_coordinates = [15, 8, 4, 11, 28, 1, 27, 8, 7, 11, 4, 12, 14, 27, 25, 5, 13, 7, 28]
y_coordinates = [9, 20, 8, 33, 6, 2, 18, 5, 0, 6, 27, 18, 6, 10, 2, 17, 3, 37, 3]
x_dimensions = [12, 4, 4, 4, 3, 3, 3, 3, 13, 3, 3, 3, 9, 3, 3, 3, 5, 4, 3]
y_dimensions = [31, 13, 8, 7, 4, 31, 22, 14, 3, 12, 11, 10, 3, 8, 7, 6, 3, 3, 3]
minimum_height = 40
----------
x_coordinates = [15, 1, 27, 11, 1, 8, 28, 4, 2, 12, 1, 5, 14, 27, 25, 11, 1, 6, 12]
y_coordinates = [8, 3, 31, 29, 29, 1, 1, 16, 36, 17, 16, 6, 5, 23, 1, 7, 33, 32, 14]
x_dimensions = [12, 4, 4, 4, 3, 3, 3, 3, 13, 3, 3, 3, 9, 3, 3, 3, 5, 4, 3]
y_dimensions = [31, 13, 8, 7, 4, 31, 22, 14, 3, 12, 11, 10, 3, 8, 7, 6, 3, 3, 3]
minimum_height = 39
----------
x_coordinates = [0, 19, 27, 12, 10, 0, 5, 0, 3, 16, 18, 13, 4, 24, 28, 3, 23, 6, 7]
y_coordinates = [10, 25, 23, 3, 30, 0, 22, 24, 25, 26, 7, 28, 35, 27, 31, 29, 35, 29, 32]
x_dimensions = [31, 4, 4, 4, 3, 31, 22, 3, 13, 3, 11, 3, 9, 3, 3, 3, 5, 4, 3]
y_dimensions = [12, 13, 8, 7, 4, 3, 3, 14, 3, 12, 3, 10, 3, 8, 7, 6, 3, 3, 3]
minimum_height = 38
----------
x_coordinates = [0, 20, 24, 16, 22, 0, 3, 7, 4, 28, 10, 13, 11, 25, 28, 4, 17, 24, 24]
y_coordinates = [17, 0, 3, 7, 33, 14, 30, 0, 34, 1, 3, 4, 0, 29, 30, 2, 34, 11, 0]
x_dimensions = [31, 4, 4, 4, 3, 31, 22, 3, 13, 3, 3, 3, 9, 3, 3, 3, 5, 4, 3]
y_dimensions = [12, 13, 8, 7, 4, 3, 3, 14, 3, 12, 11, 10, 3, 8, 7, 6, 3, 3, 3]
minimum_height = 37
----------
x_coordinates = [0, 21, 27, 17, 25, 0, 4, 2, 5, 1, 8, 13, 12, 28, 14, 11, 26, 23, 18]
y_coordinates = [17, 0, 9, 4, 5, 30, 33, 0, 11, 14, 0, 14, 1, 1, 4, 5, 33, 13, 11]
x_dimensions = [31, 4, 4, 4, 3, 31, 22, 3, 13, 12, 3, 10, 9, 3, 3, 3, 5, 4, 3]
y_dimensions = [12, 13, 8, 7, 4, 3, 3, 14, 3, 3, 11, 3, 3, 8, 7, 6, 3, 3, 3]
minimum_height = 36
----------
x_coordinates = [0, 23, 27, 16, 10, 0, 6, 3, 13, 0, 2, 13, 12, 28, 7, 20, 26, 16, 20]
y_coordinates = [16, 3, 8, 6, 7, 29, 0, 2, 32, 2, 32, 6, 3, 0, 7, 6, 32, 13, 12]
x_dimensions = [31, 4, 4, 4, 3, 31, 22, 3, 13, 3, 11, 3, 9, 3, 3, 3, 5, 4, 3]
y_dimensions = [12, 13, 8, 7, 4, 3, 3, 14, 3, 12, 3, 10, 3, 8, 7, 6, 3, 3, 3]
minimum_height = 35
----------
x_coordinates = [0, 24, 10, 17, 28, 0, 3, 2, 16, 7, 4, 14, 15, 28, 1, 21, 26, 17, 21]
y_coordinates = [16, 3, 8, 6, 11, 0, 31, 28, 28, 3, 5, 6, 3, 3, 9, 6, 31, 13, 12]
x_dimensions = [31, 4, 4, 4, 3, 31, 22, 14, 13, 3, 3, 3, 9, 3, 3, 3, 5, 4, 3]
y_dimensions = [12, 13, 8, 7, 4, 3, 3, 3, 3, 12, 11, 10, 3, 8, 7, 6, 3, 3, 3]
minimum_height = 34
----------
x_coordinates = [3, 21, 18, 15, 28, 0, 25, 28, 22, 16, 18, 15, 28, 25, 15, 15, 28, 17, 15]
y_coordinates = [2, 1, 22, 18, 20, 2, 0, 6, 17, 30, 3, 14, 24, 22, 4, 23, 1, 0, 11]
x_dimensions = [12, 4, 4, 7, 3, 3, 3, 3, 3, 12, 3, 10, 3, 3, 3, 3, 3, 4, 3]
y_dimensions = [31, 13, 8, 4, 4, 31, 22, 14, 13, 3, 11, 3, 9, 8, 7, 6, 5, 3, 3]
minimum_height = 33
----------
x_coordinates = [0, 9, 1, 6, 14, 0, 9, 17, 15, 3, 20, 10, 22, 0, 3, 3, 0, 10, 28]
y_coordinates = [13, 28, 28, 0, 3, 25, 10, 4, 7, 7, 1, 0, 29, 0, 0, 10, 8, 4, 7]
x_dimensions = [31, 13, 8, 4, 3, 31, 22, 14, 13, 12, 11, 10, 9, 3, 3, 6, 3, 4, 3]
y_dimensions = [12, 4, 4, 7, 4, 3, 3, 3, 3, 3, 3, 3, 3, 8, 7, 3, 5, 3, 3]
minimum_height = 32
----------
x_coordinates = [0, 15, 0, 11, 28, 0, 9, 9, 15, 0, 20, 6, 3, 23, 8, 6, 3, 16, 28]
y_coordinates = [0, 15, 12, 12, 15, 28, 22, 25, 12, 16, 19, 19, 19, 25, 12, 22, 16, 19, 12]
x_dimensions = [31, 13, 8, 4, 3, 31, 22, 14, 13, 3, 11, 10, 3, 8, 3, 3, 5, 4, 3]
y_dimensions = [12, 4, 4, 7, 4, 3, 3, 3, 3, 12, 3, 3, 9, 3, 7, 6, 3, 3, 3]
minimum_height = 31
----------
==========
%%%mzn-stat: nodes=67631
%%%mzn-stat: failures=17355
%%%mzn-stat: restarts=663
%%%mzn-stat: variables=11630
%%%mzn-stat: intVars=79
%%%mzn-stat: boolVariables=11549
%%%mzn-stat: propagators=1410
%%%mzn-stat: propagations=10061163
%%%mzn-stat: peakDepth=181
%%%mzn-stat: nogoods=17355
%%%mzn-stat: backjumps=15755
%%%mzn-stat: peakMem=0.00
%%%mzn-stat: time=3.795
%%%mzn-stat: initTime=0.024
%%%mzn-stat: solveTime=3.771
%%%mzn-stat: objective=31
%%%mzn-stat: optTime=3.770
%%%mzn-stat: baseMem=0.00
%%%mzn-stat: trailMem=0.02
%%%mzn-stat: randomSeed=1657542769
