x_coordinates = [15, 23, 12, 3, 8, 20, 23, 19, 17, 19, 8, 11, 21, 0, 13, 2, 11, 0, 7, 23, 13, 5]
y_coordinates = [142, 200, 175, 107, 1, 214, 209, 208, 213, 185, 198, 218, 169, 219, 221, 210, 207, 222, 222, 222, 215, 216]
x_dimensions = [13, 5, 6, 4, 13, 8, 4, 4, 3, 3, 3, 17, 3, 11, 10, 3, 8, 7, 6, 5, 4, 3]
y_dimensions = [5, 9, 5, 23, 4, 4, 5, 4, 4, 23, 21, 3, 16, 3, 3, 9, 3, 3, 3, 3, 3, 3]
minimum_height = 225
----------
x_coordinates = [17, 15, 2, 12, 8, 20, 11, 18, 17, 22, 1, 11, 25, 6, 1, 25, 20, 4, 21, 19, 14, 17]
y_coordinates = [191, 208, 133, 111, 121, 216, 213, 204, 217, 187, 200, 221, 194, 218, 221, 125, 210, 215, 213, 133, 143, 24]
x_dimensions = [5, 5, 6, 4, 4, 8, 4, 4, 3, 3, 3, 17, 3, 11, 10, 3, 8, 7, 6, 5, 4, 3]
y_dimensions = [13, 9, 5, 23, 13, 4, 5, 4, 4, 23, 21, 3, 16, 3, 3, 9, 3, 3, 3, 3, 3, 3]
minimum_height = 224
----------
x_coordinates = [22, 23, 15, 4, 20, 24, 3, 18, 20, 20, 0, 7, 6, 8, 15, 9, 16, 6, 19, 17, 12, 3]
y_coordinates = [201, 192, 189, 109, 62, 215, 218, 200, 220, 177, 199, 217, 200, 220, 199, 208, 214, 192, 90, 211, 214, 215]
x_dimensions = [5, 5, 5, 23, 4, 4, 4, 4, 4, 3, 3, 17, 3, 11, 3, 3, 8, 7, 6, 5, 4, 3]
y_dimensions = [13, 9, 6, 4, 13, 8, 5, 4, 3, 23, 21, 3, 16, 3, 10, 9, 3, 3, 3, 3, 3, 3]
minimum_height = 223
----------
x_coordinates = [14, 23, 20, 3, 7, 22, 10, 24, 24, 25, 20, 11, 25, 3, 22, 24, 19, 17, 16, 13, 21, 11]
y_coordinates = [208, 188, 171, 27, 187, 32, 214, 40, 147, 151, 188, 185, 206, 219, 212, 197, 214, 150, 39, 205, 209, 175]
x_dimensions = [5, 5, 5, 23, 4, 4, 4, 4, 3, 3, 3, 17, 3, 11, 3, 3, 3, 7, 6, 5, 4, 3]
y_dimensions = [13, 9, 6, 4, 13, 8, 5, 4, 4, 23, 21, 3, 16, 3, 10, 9, 8, 3, 3, 3, 3, 3]
minimum_height = 222
----------
x_coordinates = [14, 21, 8, 0, 17, 24, 10, 22, 18, 23, 19, 1, 25, 13, 22, 25, 20, 15, 13, 18, 15, 25]
y_coordinates = [204, 212, 208, 48, 30, 158, 213, 170, 217, 47, 191, 218, 196, 163, 195, 187, 184, 181, 199, 188, 195, 180]
x_dimensions = [5, 5, 6, 23, 4, 4, 4, 4, 3, 3, 3, 17, 3, 11, 3, 3, 8, 7, 6, 5, 4, 3]
y_dimensions = [13, 9, 5, 4, 13, 8, 5, 4, 4, 23, 21, 3, 16, 3, 10, 9, 3, 3, 3, 3, 3, 3]
minimum_height = 221
----------
x_coordinates = [14, 11, 5, 5, 13, 21, 2, 24, 7, 24, 19, 10, 22, 0, 25, 22, 20, 9, 6, 18, 24, 14]
y_coordinates = [202, 215, 64, 57, 24, 66, 216, 213, 217, 161, 194, 63, 188, 213, 203, 204, 217, 176, 13, 185, 185, 197]
x_dimensions = [5, 9, 5, 23, 4, 4, 5, 4, 4, 3, 3, 17, 3, 11, 3, 3, 8, 7, 6, 5, 4, 3]
y_dimensions = [13, 5, 6, 4, 13, 8, 4, 4, 3, 23, 21, 3, 16, 3, 10, 9, 3, 3, 3, 3, 3, 3]
minimum_height = 220
----------
x_coordinates = [11, 7, 5, 2, 2, 24, 2, 3, 0, 24, 19, 11, 22, 0, 25, 16, 20, 6, 2, 15, 3, 20]
y_coordinates = [201, 214, 108, 61, 24, 159, 210, 215, 215, 177, 195, 156, 200, 158, 206, 209, 216, 165, 161, 192, 207, 159]
x_dimensions = [5, 9, 6, 23, 4, 4, 4, 4, 3, 3, 3, 17, 3, 11, 3, 3, 8, 7, 6, 5, 4, 3]
y_dimensions = [13, 5, 5, 4, 13, 8, 5, 4, 4, 23, 21, 3, 16, 3, 10, 9, 3, 3, 3, 3, 3, 3]
minimum_height = 219
----------
x_coordinates = [14, 19, 22, 4, 2, 21, 6, 14, 15, 11, 22, 9, 19, 0, 25, 18, 25, 0, 12, 18, 24, 10]
y_coordinates = [202, 213, 139, 36, 22, 181, 210, 196, 215, 195, 192, 144, 197, 215, 195, 188, 205, 202, 188, 178, 189, 159]
x_dimensions = [5, 9, 6, 23, 13, 4, 4, 4, 4, 3, 3, 17, 3, 11, 3, 3, 3, 7, 6, 5, 4, 3]
y_dimensions = [13, 5, 5, 4, 4, 8, 5, 4, 3, 23, 21, 3, 16, 3, 10, 9, 8, 3, 3, 3, 3, 3]
minimum_height = 218
----------
x_coordinates = [15, 19, 14, 5, 7, 21, 15, 21, 19, 22, 25, 11, 20, 0, 25, 18, 22, 8, 6, 21, 18, 9]
y_coordinates = [150, 163, 211, 69, 170, 141, 162, 197, 188, 174, 196, 168, 201, 166, 186, 192, 155, 163, 130, 171, 185, 36]
x_dimensions = [13, 9, 5, 23, 4, 4, 4, 4, 3, 3, 3, 17, 3, 11, 3, 3, 3, 7, 6, 5, 4, 3]
y_dimensions = [5, 5, 6, 4, 13, 8, 5, 4, 4, 23, 21, 3, 16, 3, 10, 9, 8, 3, 3, 3, 3, 3]
minimum_height = 217
----------
x_coordinates = [15, 13, 14, 4, 5, 21, 17, 24, 15, 22, 19, 0, 25, 2, 22, 25, 25, 15, 11, 17, 24, 9]
y_coordinates = [155, 187, 196, 23, 146, 175, 182, 151, 192, 193, 192, 182, 191, 186, 183, 182, 208, 162, 125, 213, 138, 54]
x_dimensions = [13, 9, 5, 23, 4, 4, 4, 4, 4, 3, 3, 17, 3, 11, 3, 3, 3, 7, 6, 5, 4, 3]
y_dimensions = [5, 5, 6, 4, 13, 8, 5, 4, 3, 23, 21, 3, 16, 3, 10, 9, 8, 3, 3, 3, 3, 3]
minimum_height = 216
----------
x_coordinates = [15, 19, 22, 3, 1, 24, 15, 23, 24, 25, 19, 5, 22, 4, 25, 22, 21, 4, 18, 23, 15, 22]
y_coordinates = [156, 162, 171, 99, 175, 148, 166, 167, 176, 179, 194, 175, 196, 170, 202, 187, 178, 201, 112, 212, 200, 53]
x_dimensions = [13, 9, 6, 23, 4, 4, 4, 4, 4, 3, 3, 17, 3, 11, 3, 3, 3, 7, 6, 5, 4, 3]
y_dimensions = [5, 5, 5, 4, 13, 8, 5, 4, 3, 23, 21, 3, 16, 3, 10, 9, 8, 3, 3, 3, 3, 3]
minimum_height = 215
----------
x_coordinates = [9, 17, 6, 2, 6, 21, 14, 13, 10, 25, 22, 0, 12, 16, 16, 3, 19, 2, 11, 20, 14, 20]
y_coordinates = [184, 197, 202, 94, 189, 116, 189, 194, 194, 183, 187, 193, 198, 208, 211, 207, 189, 186, 140, 181, 181, 132]
x_dimensions = [13, 5, 6, 23, 4, 4, 4, 4, 3, 3, 3, 3, 3, 11, 10, 9, 3, 7, 6, 5, 4, 3]
y_dimensions = [5, 9, 5, 4, 13, 8, 5, 4, 4, 23, 21, 17, 16, 3, 3, 3, 8, 3, 3, 3, 3, 3]
minimum_height = 214
----------
x_coordinates = [11, 19, 1, 5, 7, 21, 14, 18, 9, 6, 23, 5, 12, 18, 18, 10, 25, 0, 8, 23, 24, 8]
y_coordinates = [175, 204, 203, 101, 152, 158, 165, 197, 200, 190, 180, 165, 201, 155, 166, 208, 172, 127, 148, 169, 210, 136]
x_dimensions = [13, 5, 5, 23, 4, 4, 4, 4, 3, 3, 3, 3, 16, 3, 10, 9, 3, 7, 6, 5, 4, 3]
y_dimensions = [5, 9, 6, 4, 13, 8, 5, 4, 4, 23, 21, 17, 3, 11, 3, 3, 8, 3, 3, 3, 3, 3]
minimum_height = 213
----------
x_coordinates = [15, 18, 23, 5, 20, 22, 21, 17, 12, 6, 24, 7, 12, 18, 15, 9, 25, 11, 12, 21, 22, 22]
y_coordinates = [150, 203, 206, 88, 164, 155, 192, 182, 184, 187, 164, 178, 200, 189, 186, 209, 185, 197, 206, 181, 197, 74]
x_dimensions = [13, 5, 5, 23, 4, 4, 4, 4, 3, 3, 3, 17, 16, 3, 10, 9, 3, 7, 6, 3, 4, 3]
y_dimensions = [5, 9, 6, 4, 13, 8, 5, 4, 4, 23, 21, 3, 3, 11, 3, 3, 8, 3, 3, 5, 3, 3]
minimum_height = 212
----------
x_coordinates = [15, 23, 22, 2, 11, 21, 15, 20, 11, 9, 24, 7, 13, 22, 12, 14, 25, 0, 3, 21, 19, 15]
y_coordinates = [144, 202, 197, 86, 146, 149, 182, 177, 180, 188, 162, 174, 192, 186, 189, 208, 183, 208, 191, 181, 205, 47]
x_dimensions = [13, 5, 6, 23, 4, 4, 4, 4, 3, 3, 3, 17, 3, 3, 10, 9, 3, 7, 6, 3, 4, 3]
y_dimensions = [5, 9, 5, 4, 13, 8, 5, 4, 4, 23, 21, 3, 16, 11, 3, 3, 8, 3, 3, 5, 3, 3]
minimum_height = 211
----------
x_coordinates = [15, 20, 15, 5, 19, 22, 20, 23, 23, 2, 12, 3, 25, 24, 18, 15, 9, 19, 14, 15, 17, 9]
y_coordinates = [159, 198, 193, 104, 146, 164, 193, 176, 172, 207, 179, 204, 194, 183, 180, 190, 186, 143, 175, 182, 200, 144]
x_dimensions = [13, 5, 5, 23, 4, 4, 4, 4, 3, 23, 3, 17, 3, 3, 10, 9, 3, 7, 6, 3, 3, 3]
y_dimensions = [5, 9, 6, 4, 13, 8, 5, 4, 4, 3, 21, 3, 16, 11, 3, 3, 8, 3, 3, 5, 4, 3]
minimum_height = 210
----------
x_coordinates = [15, 19, 13, 5, 18, 24, 8, 24, 25, 7, 4, 2, 12, 25, 17, 11, 15, 20, 17, 12, 5, 21]
y_coordinates = [170, 200, 195, 83, 186, 159, 204, 196, 178, 178, 180, 201, 206, 185, 182, 177, 187, 175, 117, 183, 204, 150]
x_dimensions = [13, 9, 5, 23, 4, 4, 4, 4, 3, 3, 3, 17, 16, 3, 10, 9, 3, 7, 6, 3, 3, 3]
y_dimensions = [5, 5, 6, 4, 13, 8, 5, 4, 4, 23, 21, 3, 3, 11, 3, 3, 8, 3, 3, 5, 4, 3]
minimum_height = 209
----------
x_coordinates = [15, 23, 0, 1, 19, 22, 11, 14, 25, 8, 1, 2, 15, 5, 18, 12, 5, 12, 2, 19, 10, 7]
y_coordinates = [169, 199, 190, 28, 195, 184, 200, 179, 180, 182, 169, 205, 189, 191, 192, 186, 183, 183, 83, 181, 178, 171]
x_dimensions = [13, 5, 5, 4, 4, 4, 4, 4, 3, 3, 3, 17, 3, 3, 10, 9, 3, 7, 6, 3, 3, 3]
y_dimensions = [5, 9, 6, 23, 13, 8, 5, 4, 4, 23, 21, 3, 16, 11, 3, 3, 8, 3, 3, 5, 4, 3]
minimum_height = 208
----------
x_coordinates = [6, 2, 9, 5, 19, 24, 18, 19, 25, 15, 22, 11, 17, 3, 18, 18, 6, 18, 10, 25, 17, 11]
y_coordinates = [148, 202, 188, 83, 146, 192, 194, 124, 200, 181, 168, 204, 165, 191, 189, 159, 188, 143, 64, 184, 162, 153]
x_dimensions = [13, 9, 6, 23, 4, 4, 4, 4, 3, 3, 3, 17, 3, 3, 10, 9, 3, 7, 6, 3, 4, 3]
y_dimensions = [5, 5, 5, 4, 13, 8, 5, 4, 4, 23, 21, 3, 16, 11, 3, 3, 8, 3, 3, 5, 3, 3]
minimum_height = 207
----------
x_coordinates = [7, 0, 19, 5, 21, 24, 21, 22, 25, 23, 8, 9, 25, 5, 14, 15, 9, 13, 17, 12, 20, 10]
y_coordinates = [156, 201, 185, 94, 167, 191, 180, 88, 199, 144, 174, 203, 175, 189, 198, 194, 195, 190, 163, 193, 190, 109]
x_dimensions = [13, 9, 6, 23, 4, 4, 4, 4, 3, 3, 3, 17, 3, 3, 10, 9, 3, 7, 6, 3, 4, 3]
y_dimensions = [5, 5, 5, 4, 13, 8, 5, 4, 4, 23, 21, 3, 16, 11, 3, 3, 8, 3, 3, 5, 3, 3]
minimum_height = 206
----------
x_coordinates = [15, 7, 18, 6, 24, 3, 20, 20, 0, 25, 0, 9, 18, 7, 15, 19, 10, 20, 16, 16, 21, 6]
y_coordinates = [159, 200, 192, 43, 164, 196, 171, 167, 201, 177, 180, 156, 176, 189, 197, 200, 194, 25, 152, 200, 189, 95]
x_dimensions = [13, 9, 6, 4, 4, 4, 4, 4, 3, 3, 3, 17, 3, 3, 10, 9, 8, 7, 6, 3, 4, 3]
y_dimensions = [5, 5, 5, 23, 13, 8, 5, 4, 4, 23, 21, 3, 16, 11, 3, 3, 3, 3, 3, 5, 3, 3]
minimum_height = 205
----------
x_coordinates = [13, 9, 18, 12, 21, 10, 20, 23, 13, 24, 1, 9, 25, 7, 14, 19, 10, 20, 15, 4, 23, 6]
y_coordinates = [148, 173, 190, 92, 161, 188, 174, 114, 200, 175, 181, 153, 159, 193, 195, 198, 196, 201, 171, 194, 156, 109]
x_dimensions = [13, 5, 6, 4, 4, 4, 4, 4, 3, 3, 3, 17, 3, 3, 10, 9, 3, 7, 6, 3, 4, 3]
y_dimensions = [5, 9, 5, 23, 13, 8, 5, 4, 4, 23, 21, 3, 16, 11, 3, 3, 8, 3, 3, 5, 3, 3]
minimum_height = 204
----------
x_coordinates = [13, 9, 0, 3, 21, 14, 21, 22, 20, 24, 6, 8, 25, 13, 5, 15, 14, 1, 22, 25, 24, 6]
y_coordinates = [151, 187, 194, 98, 162, 186, 147, 143, 184, 175, 174, 200, 159, 174, 197, 197, 194, 200, 94, 198, 156, 63]
x_dimensions = [13, 5, 5, 23, 4, 4, 5, 4, 3, 3, 3, 17, 3, 3, 10, 9, 8, 7, 6, 3, 4, 3]
y_dimensions = [5, 9, 6, 4, 13, 8, 4, 4, 4, 23, 21, 3, 16, 11, 3, 3, 3, 3, 3, 5, 3, 3]
minimum_height = 203
----------
x_coordinates = [11, 7, 12, 2, 21, 15, 23, 24, 12, 24, 3, 11, 25, 11, 6, 16, 17, 0, 14, 25, 21, 19]
y_coordinates = [172, 189, 192, 70, 159, 184, 149, 38, 188, 173, 181, 153, 157, 177, 198, 199, 196, 195, 105, 197, 156, 30]
x_dimensions = [13, 5, 5, 23, 4, 4, 5, 4, 3, 3, 3, 17, 3, 3, 10, 9, 8, 3, 6, 3, 4, 3]
y_dimensions = [5, 9, 6, 4, 13, 8, 4, 4, 4, 23, 21, 3, 16, 11, 3, 3, 3, 7, 3, 5, 3, 3]
minimum_height = 202
----------
x_coordinates = [7, 4, 13, 0, 21, 9, 22, 24, 17, 24, 0, 10, 25, 8, 8, 17, 0, 18, 19, 25, 21, 15]
y_coordinates = [149, 188, 192, 85, 160, 190, 141, 25, 187, 173, 176, 145, 157, 156, 198, 154, 197, 197, 109, 196, 157, 110]
x_dimensions = [13, 5, 5, 23, 4, 4, 5, 4, 3, 3, 3, 17, 3, 3, 10, 9, 8, 7, 6, 3, 4, 3]
y_dimensions = [5, 9, 6, 4, 13, 8, 4, 4, 4, 23, 21, 3, 16, 11, 3, 3, 3, 3, 3, 5, 3, 3]
minimum_height = 201
----------
x_coordinates = [15, 1, 18, 0, 21, 10, 22, 22, 17, 24, 6, 11, 25, 2, 9, 19, 10, 18, 19, 24, 21, 3]
y_coordinates = [137, 189, 194, 11, 145, 193, 161, 35, 183, 165, 179, 142, 145, 178, 187, 188, 197, 191, 108, 195, 158, 133]
x_dimensions = [13, 5, 5, 23, 4, 8, 5, 4, 3, 3, 3, 17, 3, 3, 10, 9, 8, 7, 6, 3, 4, 3]
y_dimensions = [5, 9, 6, 4, 13, 4, 4, 4, 4, 23, 21, 3, 16, 11, 3, 3, 3, 3, 3, 5, 3, 3]
minimum_height = 200
----------
x_coordinates = [15, 16, 22, 4, 21, 4, 23, 24, 1, 24, 1, 10, 25, 17, 8, 17, 10, 21, 20, 18, 21, 3]
y_coordinates = [136, 184, 194, 65, 148, 191, 164, 25, 195, 168, 174, 133, 148, 163, 193, 145, 196, 191, 141, 193, 161, 85]
x_dimensions = [13, 5, 6, 23, 4, 4, 5, 4, 3, 3, 3, 17, 3, 3, 10, 9, 8, 7, 6, 3, 4, 3]
y_dimensions = [5, 9, 5, 4, 13, 8, 4, 4, 4, 23, 21, 3, 16, 11, 3, 3, 3, 3, 3, 5, 3, 3]
minimum_height = 199
----------
x_coordinates = [6, 2, 19, 3, 21, 20, 20, 22, 25, 24, 17, 9, 25, 6, 10, 18, 20, 23, 16, 7, 19, 19]
y_coordinates = [131, 189, 142, 74, 171, 191, 167, 48, 139, 143, 173, 14, 166, 165, 194, 136, 195, 184, 48, 193, 164, 11]
x_dimensions = [13, 5, 5, 23, 4, 8, 5, 4, 3, 3, 3, 17, 3, 3, 10, 9, 8, 3, 6, 3, 4, 3]
y_dimensions = [5, 9, 6, 4, 13, 4, 4, 4, 4, 23, 21, 3, 16, 11, 3, 3, 3, 7, 3, 5, 3, 3]
minimum_height = 198
----------
x_coordinates = [15, 20, 14, 3, 24, 7, 23, 22, 11, 25, 4, 11, 20, 24, 15, 19, 12, 1, 5, 25, 21, 10]
y_coordinates = [137, 185, 184, 87, 169, 193, 165, 80, 183, 142, 176, 132, 164, 120, 194, 182, 190, 189, 130, 192, 161, 165]
x_dimensions = [13, 5, 5, 23, 4, 8, 5, 4, 3, 3, 3, 17, 3, 3, 10, 9, 8, 3, 6, 3, 4, 3]
y_dimensions = [5, 9, 6, 4, 13, 4, 4, 4, 4, 23, 21, 3, 16, 11, 3, 3, 3, 7, 3, 5, 3, 3]
minimum_height = 197
----------
x_coordinates = [4, 1, 11, 5, 7, 7, 22, 24, 25, 25, 2, 5, 25, 5, 15, 16, 25, 0, 1, 15, 22, 6]
y_coordinates = [156, 184, 183, 97, 176, 192, 184, 83, 180, 141, 163, 162, 164, 165, 190, 181, 188, 193, 92, 193, 162, 189]
x_dimensions = [13, 5, 5, 23, 4, 8, 5, 4, 3, 3, 3, 17, 3, 3, 10, 9, 3, 7, 6, 5, 3, 3]
y_dimensions = [5, 9, 6, 4, 13, 4, 4, 4, 4, 23, 21, 3, 16, 11, 3, 3, 8, 3, 3, 3, 4, 3]
minimum_height = 196
----------
x_coordinates = [15, 0, 23, 5, 8, 15, 10, 4, 9, 12, 6, 4, 3, 0, 18, 19, 10, 2, 18, 5, 0, 3]
y_coordinates = [168, 186, 177, 96, 191, 180, 184, 83, 180, 161, 169, 158, 170, 171, 188, 183, 188, 155, 131, 190, 182, 152]
x_dimensions = [13, 5, 5, 23, 13, 4, 5, 4, 3, 3, 3, 17, 3, 3, 10, 9, 8, 7, 6, 3, 3, 3]
y_dimensions = [5, 9, 6, 4, 4, 8, 4, 4, 4, 23, 21, 3, 16, 11, 3, 3, 3, 3, 3, 5, 4, 3]
minimum_height = 195
----------
x_coordinates = [15, 12, 8, 13, 0, 13, 24, 9, 5, 25, 21, 4, 18, 16, 14, 2, 6, 11, 2, 4, 22, 15]
y_coordinates = [149, 172, 185, 83, 181, 184, 187, 105, 186, 164, 169, 165, 168, 154, 190, 185, 191, 169, 168, 171, 165, 181]
x_dimensions = [13, 5, 5, 4, 13, 8, 4, 4, 3, 3, 3, 17, 3, 3, 10, 3, 8, 7, 6, 3, 3, 3]
y_dimensions = [5, 9, 6, 23, 4, 4, 5, 4, 4, 23, 21, 3, 16, 11, 3, 9, 3, 3, 3, 5, 4, 3]
minimum_height = 194
----------
x_coordinates = [15, 23, 18, 13, 15, 17, 24, 7, 23, 12, 15, 10, 5, 23, 15, 17, 7, 8, 18, 25, 24, 23]
y_coordinates = [147, 177, 172, 95, 156, 152, 168, 117, 189, 155, 172, 89, 171, 120, 160, 163, 190, 185, 144, 162, 173, 186]
x_dimensions = [13, 5, 6, 4, 13, 8, 4, 4, 3, 3, 3, 17, 3, 3, 10, 3, 8, 7, 6, 3, 3, 3]
y_dimensions = [5, 9, 5, 23, 4, 4, 5, 4, 4, 23, 21, 3, 16, 11, 3, 9, 3, 3, 3, 5, 4, 3]
minimum_height = 193
----------
x_coordinates = [15, 23, 12, 5, 1, 17, 21, 14, 20, 10, 18, 10, 2, 24, 16, 25, 13, 20, 12, 17, 22, 14]
y_coordinates = [151, 173, 183, 83, 188, 140, 182, 170, 144, 157, 168, 148, 180, 162, 156, 183, 162, 159, 105, 189, 187, 188]
x_dimensions = [13, 5, 6, 23, 13, 8, 4, 4, 3, 3, 3, 17, 16, 3, 10, 3, 8, 7, 6, 5, 3, 3]
y_dimensions = [5, 9, 5, 4, 4, 4, 5, 4, 4, 23, 21, 3, 3, 11, 3, 9, 3, 3, 3, 3, 4, 3]
minimum_height = 192
----------
x_coordinates = [10, 18, 22, 2, 11, 18, 24, 22, 20, 4, 23, 6, 7, 16, 18, 2, 13, 21, 9, 21, 1, 19]
y_coordinates = [142, 175, 160, 83, 187, 136, 186, 131, 171, 165, 165, 148, 184, 164, 151, 188, 159, 154, 12, 157, 184, 164]
x_dimensions = [13, 5, 6, 23, 13, 8, 4, 4, 3, 3, 3, 17, 16, 3, 10, 9, 8, 7, 6, 5, 3, 3]
y_dimensions = [5, 9, 5, 4, 4, 4, 5, 4, 4, 23, 21, 3, 3, 11, 3, 3, 3, 3, 3, 3, 4, 3]
minimum_height = 191
----------
x_coordinates = [15, 23, 12, 13, 7, 3, 23, 9, 24, 3, 20, 3, 4, 1, 10, 22, 13, 17, 14, 21, 4, 19]
y_coordinates = [143, 176, 178, 94, 186, 171, 185, 96, 162, 166, 169, 175, 183, 179, 156, 149, 163, 158, 69, 161, 186, 154]
x_dimensions = [13, 5, 6, 4, 13, 8, 4, 4, 3, 23, 3, 17, 16, 3, 3, 3, 8, 7, 6, 3, 3, 3]
y_dimensions = [5, 9, 5, 23, 4, 4, 5, 4, 4, 3, 21, 3, 3, 11, 10, 9, 3, 3, 3, 5, 4, 3]
minimum_height = 190
----------
x_coordinates = [15, 2, 22, 13, 8, 11, 23, 8, 6, 25, 22, 2, 7, 19, 21, 21, 10, 18, 16, 18, 25, 20]
y_coordinates = [127, 180, 179, 87, 157, 182, 185, 96, 173, 156, 158, 177, 186, 175, 148, 135, 174, 145, 83, 170, 134, 132]
x_dimensions = [13, 5, 5, 4, 13, 8, 5, 4, 3, 3, 3, 17, 16, 3, 3, 3, 8, 7, 6, 3, 3, 3]
y_dimensions = [5, 9, 6, 23, 4, 4, 4, 4, 4, 23, 21, 3, 3, 11, 10, 9, 3, 3, 3, 5, 4, 3]
minimum_height = 189
----------
x_coordinates = [10, 2, 23, 5, 12, 12, 24, 22, 10, 25, 24, 3, 9, 20, 0, 21, 14, 19, 17, 22, 22, 24]
y_coordinates = [114, 183, 181, 85, 173, 182, 129, 109, 168, 158, 137, 179, 165, 177, 173, 125, 170, 134, 140, 168, 121, 126]
x_dimensions = [13, 9, 5, 23, 13, 8, 4, 4, 3, 3, 3, 17, 16, 3, 3, 3, 8, 7, 6, 3, 3, 3]
y_dimensions = [5, 5, 6, 4, 4, 4, 5, 4, 4, 23, 21, 3, 3, 11, 10, 9, 3, 3, 3, 5, 4, 3]
minimum_height = 188
----------
x_coordinates = [9, 2, 23, 0, 10, 18, 24, 6, 16, 0, 23, 3, 9, 20, 19, 21, 8, 17, 11, 16, 17, 25]
y_coordinates = [137, 182, 181, 83, 172, 133, 146, 170, 168, 159, 160, 179, 157, 176, 162, 147, 167, 144, 184, 163, 183, 157]
x_dimensions = [13, 9, 5, 23, 13, 8, 4, 4, 3, 3, 3, 17, 16, 3, 3, 3, 8, 7, 6, 3, 3, 3]
y_dimensions = [5, 5, 6, 4, 4, 4, 5, 4, 4, 23, 21, 3, 3, 11, 10, 9, 3, 3, 3, 5, 4, 3]
minimum_height = 187
----------
x_coordinates = [11, 14, 23, 5, 7, 13, 21, 23, 6, 0, 24, 3, 9, 25, 20, 12, 4, 18, 3, 15, 11, 24]
y_coordinates = [144, 181, 180, 84, 174, 154, 163, 176, 166, 159, 139, 178, 168, 165, 171, 159, 163, 159, 170, 162, 182, 160]
x_dimensions = [13, 9, 5, 23, 13, 8, 4, 4, 3, 3, 3, 17, 16, 3, 3, 3, 8, 3, 6, 3, 3, 3]
y_dimensions = [5, 5, 6, 4, 4, 4, 5, 4, 4, 23, 21, 3, 3, 11, 10, 9, 3, 7, 3, 5, 4, 3]
minimum_height = 186
----------
x_coordinates = [10, 17, 23, 4, 8, 17, 24, 1, 23, 21, 25, 5, 2, 25, 20, 18, 17, 15, 4, 22, 23, 24]
y_coordinates = [126, 144, 135, 89, 178, 153, 166, 179, 127, 157, 145, 182, 170, 174, 134, 169, 131, 163, 77, 180, 141, 171]
x_dimensions = [13, 5, 5, 23, 13, 8, 4, 4, 3, 3, 3, 17, 16, 3, 3, 3, 8, 3, 6, 3, 3, 3]
y_dimensions = [5, 9, 6, 4, 4, 4, 5, 4, 4, 23, 21, 3, 3, 11, 10, 9, 3, 7, 3, 5, 4, 3]
minimum_height = 185
----------
x_coordinates = [13, 9, 23, 2, 13, 12, 24, 22, 22, 0, 6, 6, 5, 21, 20, 17, 19, 14, 16, 23, 3, 3]
y_coordinates = [144, 168, 164, 83, 156, 164, 176, 149, 140, 159, 156, 181, 177, 170, 160, 168, 153, 170, 128, 181, 167, 180]
x_dimensions = [13, 5, 5, 23, 13, 8, 4, 4, 3, 3, 3, 17, 16, 3, 3, 3, 8, 3, 6, 5, 3, 3]
y_dimensions = [5, 9, 6, 4, 4, 4, 5, 4, 4, 23, 21, 3, 3, 11, 10, 9, 3, 7, 3, 3, 4, 3]
minimum_height = 184
----------
x_coordinates = [4, 4, 23, 1, 13, 12, 24, 20, 10, 2, 8, 4, 5, 21, 20, 11, 19, 14, 16, 25, 5, 5]
y_coordinates = [138, 146, 164, 83, 156, 164, 175, 152, 151, 157, 155, 180, 177, 170, 160, 168, 149, 174, 93, 170, 167, 174]
x_dimensions = [13, 5, 5, 23, 13, 8, 4, 4, 3, 3, 3, 17, 16, 3, 3, 3, 8, 7, 6, 3, 3, 3]
y_dimensions = [5, 9, 6, 4, 4, 4, 5, 4, 4, 23, 21, 3, 3, 11, 10, 9, 3, 3, 3, 5, 4, 3]
minimum_height = 183
----------
x_coordinates = [15, 23, 16, 5, 15, 14, 24, 22, 25, 2, 10, 6, 5, 25, 21, 13, 17, 20, 16, 23, 22, 7]
y_coordinates = [136, 150, 173, 83, 159, 166, 177, 132, 141, 157, 158, 155, 179, 166, 172, 170, 142, 163, 116, 145, 168, 176]
x_dimensions = [13, 5, 5, 23, 13, 8, 4, 4, 3, 3, 3, 17, 16, 3, 3, 3, 8, 7, 6, 3, 3, 3]
y_dimensions = [5, 9, 6, 4, 4, 4, 5, 4, 4, 23, 21, 3, 3, 11, 10, 9, 3, 3, 3, 5, 4, 3]
minimum_height = 182
----------
x_coordinates = [5, 2, 23, 4, 15, 15, 21, 22, 25, 7, 18, 6, 12, 22, 25, 13, 20, 16, 1, 24, 10, 2]
y_coordinates = [151, 170, 172, 85, 143, 174, 166, 126, 155, 158, 150, 123, 178, 155, 162, 165, 147, 171, 167, 150, 172, 164]
x_dimensions = [13, 5, 5, 23, 13, 8, 4, 4, 3, 3, 3, 17, 16, 3, 3, 3, 8, 7, 6, 3, 3, 3]
y_dimensions = [5, 9, 6, 4, 4, 4, 5, 4, 4, 23, 21, 3, 3, 11, 10, 9, 3, 3, 3, 5, 4, 3]
minimum_height = 181
----------
x_coordinates = [2, 3, 23, 5, 13, 13, 19, 22, 0, 8, 14, 7, 7, 22, 25, 11, 6, 17, 8, 5, 24, 0]
y_coordinates = [139, 171, 174, 85, 150, 176, 171, 129, 174, 157, 155, 144, 147, 156, 160, 166, 154, 168, 62, 166, 170, 170]
x_dimensions = [13, 5, 5, 23, 13, 8, 4, 4, 3, 3, 3, 17, 16, 3, 3, 3, 8, 7, 6, 3, 3, 3]
y_dimensions = [5, 9, 6, 4, 4, 4, 5, 4, 4, 23, 21, 3, 3, 11, 10, 9, 3, 3, 3, 5, 4, 3]
minimum_height = 180
----------
x_coordinates = [15, 20, 5, 0, 11, 13, 24, 22, 7, 2, 21, 9, 12, 24, 24, 18, 8, 17, 12, 25, 10, 9]
y_coordinates = [120, 125, 166, 85, 137, 169, 159, 141, 172, 176, 152, 145, 134, 148, 164, 158, 160, 173, 166, 174, 171, 163]
x_dimensions = [13, 5, 5, 23, 13, 8, 4, 4, 3, 23, 3, 17, 16, 3, 3, 3, 8, 7, 6, 3, 3, 3]
y_dimensions = [5, 9, 6, 4, 4, 4, 5, 4, 4, 3, 21, 3, 3, 11, 10, 9, 3, 3, 3, 5, 4, 3]
minimum_height = 179
----------
x_coordinates = [15, 1, 6, 5, 15, 14, 4, 24, 25, 11, 8, 11, 7, 25, 1, 22, 17, 18, 2, 25, 5, 19]
y_coordinates = [142, 149, 150, 85, 154, 171, 168, 147, 174, 155, 157, 151, 147, 158, 168, 166, 163, 175, 165, 169, 173, 168]
x_dimensions = [13, 5, 5, 23, 13, 8, 4, 4, 3, 3, 3, 17, 16, 3, 3, 3, 8, 7, 6, 3, 3, 3]
y_dimensions = [5, 9, 6, 4, 4, 4, 5, 4, 4, 23, 21, 3, 3, 11, 10, 9, 3, 3, 3, 5, 4, 3]
minimum_height = 178
----------
x_coordinates = [15, 23, 20, 11, 11, 18, 8, 23, 16, 25, 22, 6, 11, 24, 21, 19, 14, 12, 13, 24, 24, 7]
y_coordinates = [101, 114, 150, 87, 136, 123, 172, 109, 167, 149, 156, 112, 127, 130, 140, 168, 164, 174, 171, 141, 146, 139]
x_dimensions = [13, 5, 5, 4, 13, 8, 4, 4, 3, 3, 3, 17, 16, 3, 3, 3, 8, 7, 6, 3, 4, 3]
y_dimensions = [5, 9, 6, 23, 4, 4, 5, 4, 4, 23, 21, 3, 3, 11, 10, 9, 3, 3, 3, 5, 3, 3]
minimum_height = 177
----------
x_coordinates = [15, 21, 17, 5, 12, 16, 24, 24, 23, 14, 7, 7, 8, 25, 18, 18, 20, 21, 8, 25, 14, 25]
y_coordinates = [113, 160, 154, 85, 143, 126, 119, 125, 172, 153, 147, 123, 120, 133, 151, 167, 130, 169, 171, 155, 150, 144]
x_dimensions = [13, 5, 5, 23, 13, 8, 4, 4, 3, 3, 21, 17, 16, 3, 10, 3, 8, 7, 6, 3, 4, 3]
y_dimensions = [5, 9, 6, 4, 4, 4, 5, 4, 4, 23, 3, 3, 3, 11, 3, 9, 3, 3, 3, 5, 3, 3]
minimum_height = 176
----------
x_coordinates = [8, 17, 23, 2, 15, 0, 7, 19, 20, 25, 7, 8, 4, 22, 18, 10, 11, 0, 1, 15, 24, 25]
y_coordinates = [152, 158, 169, 86, 130, 164, 170, 171, 167, 146, 140, 149, 156, 156, 137, 167, 170, 172, 138, 135, 143, 134]
x_dimensions = [13, 5, 5, 23, 13, 4, 4, 4, 3, 3, 21, 17, 3, 3, 10, 9, 8, 7, 6, 3, 4, 3]
y_dimensions = [5, 9, 6, 4, 4, 8, 5, 4, 4, 23, 3, 3, 16, 11, 3, 3, 3, 3, 3, 5, 3, 3]
minimum_height = 175
----------
x_coordinates = [8, 16, 21, 5, 15, 15, 12, 21, 25, 25, 7, 6, 9, 4, 18, 0, 12, 6, 3, 19, 24, 25]
y_coordinates = [150, 162, 164, 83, 128, 157, 166, 170, 170, 141, 135, 120, 158, 131, 132, 170, 171, 155, 167, 123, 138, 125]
x_dimensions = [13, 5, 5, 23, 13, 8, 4, 4, 3, 3, 21, 17, 3, 3, 10, 9, 8, 7, 6, 3, 4, 3]
y_dimensions = [5, 9, 6, 4, 4, 4, 5, 4, 4, 23, 3, 3, 16, 11, 3, 3, 3, 3, 3, 5, 3, 3]
minimum_height = 174
----------
x_coordinates = [13, 14, 23, 2, 13, 13, 19, 24, 0, 25, 7, 10, 11, 22, 18, 19, 3, 21, 1, 25, 24, 25]
y_coordinates = [108, 164, 160, 85, 116, 124, 165, 166, 169, 137, 131, 7, 157, 149, 128, 170, 170, 125, 130, 120, 134, 113]
x_dimensions = [13, 5, 5, 23, 13, 8, 4, 4, 3, 3, 21, 17, 3, 3, 10, 9, 8, 7, 6, 3, 4, 3]
y_dimensions = [5, 9, 6, 4, 4, 4, 5, 4, 4, 23, 3, 3, 16, 11, 3, 3, 3, 3, 3, 5, 3, 3]
minimum_height = 173
----------
x_coordinates = [15, 16, 20, 3, 15, 16, 4, 0, 23, 24, 7, 11, 17, 21, 18, 8, 20, 7, 16, 25, 24, 25]
y_coordinates = [119, 136, 160, 83, 124, 152, 165, 168, 169, 137, 131, 43, 156, 136, 128, 168, 166, 151, 149, 161, 134, 68]
x_dimensions = [13, 5, 5, 23, 13, 8, 4, 4, 4, 3, 21, 17, 3, 3, 10, 9, 8, 7, 6, 3, 4, 3]
y_dimensions = [5, 9, 6, 4, 4, 4, 5, 4, 3, 23, 3, 3, 16, 11, 3, 3, 3, 3, 3, 5, 3, 3]
minimum_height = 172
----------
x_coordinates = [15, 16, 20, 5, 15, 16, 20, 7, 3, 24, 7, 6, 14, 17, 18, 11, 20, 11, 6, 17, 23, 25]
y_coordinates = [114, 132, 156, 84, 120, 148, 162, 166, 168, 133, 127, 145, 152, 157, 124, 168, 167, 161, 151, 152, 130, 156]
x_dimensions = [13, 5, 5, 23, 13, 8, 4, 4, 4, 3, 21, 17, 3, 3, 10, 9, 8, 3, 6, 3, 4, 3]
y_dimensions = [5, 9, 6, 4, 4, 4, 5, 4, 3, 23, 3, 3, 16, 11, 3, 3, 3, 7, 3, 5, 3, 3]
minimum_height = 171
----------
x_coordinates = [15, 22, 23, 4, 12, 16, 19, 13, 7, 25, 7, 6, 23, 8, 18, 14, 0, 3, 8, 25, 24, 25]
y_coordinates = [94, 99, 164, 84, 110, 124, 162, 159, 160, 125, 119, 156, 148, 163, 116, 167, 165, 158, 167, 111, 122, 108]
x_dimensions = [13, 5, 5, 23, 13, 8, 4, 4, 4, 3, 21, 17, 3, 11, 10, 9, 8, 3, 6, 3, 4, 3]
y_dimensions = [5, 9, 6, 4, 4, 4, 5, 4, 3, 23, 3, 3, 16, 3, 3, 3, 3, 7, 3, 5, 3, 3]
minimum_height = 170
----------
x_coordinates = [15, 20, 5, 5, 5, 20, 21, 9, 5, 5, 7, 9, 18, 10, 18, 13, 2, 25, 22, 25, 9, 25]
y_coordinates = [119, 130, 160, 83, 156, 145, 164, 138, 138, 142, 124, 116, 149, 165, 127, 139, 166, 162, 139, 157, 129, 154]
x_dimensions = [13, 5, 5, 23, 13, 8, 4, 4, 4, 23, 21, 17, 3, 11, 10, 9, 8, 3, 6, 3, 4, 3]
y_dimensions = [5, 9, 6, 4, 4, 4, 5, 4, 3, 3, 3, 3, 16, 3, 3, 3, 3, 7, 3, 5, 3, 3]
minimum_height = 169
----------
x_coordinates = [2, 0, 23, 0, 15, 1, 16, 15, 19, 5, 7, 8, 0, 20, 18, 11, 12, 21, 9, 22, 24, 25]
y_coordinates = [136, 153, 159, 83, 137, 147, 163, 147, 147, 151, 144, 27, 164, 154, 141, 160, 157, 165, 148, 132, 148, 134]
x_dimensions = [13, 5, 5, 23, 13, 8, 4, 4, 3, 23, 21, 17, 16, 3, 10, 9, 8, 7, 6, 3, 4, 3]
y_dimensions = [5, 9, 6, 4, 4, 4, 5, 4, 4, 3, 3, 3, 3, 11, 3, 3, 3, 3, 3, 5, 3, 3]
minimum_height = 168
----------
x_coordinates = [14, 10, 20, 1, 12, 14, 24, 17, 24, 7, 7, 9, 12, 21, 18, 11, 19, 25, 15, 15, 23, 25]
y_coordinates = [124, 155, 150, 82, 129, 143, 162, 157, 158, 144, 140, 27, 147, 156, 137, 152, 134, 151, 161, 133, 144, 131]
x_dimensions = [13, 5, 5, 23, 13, 8, 4, 4, 3, 3, 21, 17, 16, 3, 10, 9, 8, 3, 6, 3, 4, 3]
y_dimensions = [5, 9, 6, 4, 4, 4, 5, 4, 4, 23, 3, 3, 3, 11, 3, 3, 3, 7, 3, 5, 3, 3]
minimum_height = 167
----------
x_coordinates = [15, 23, 23, 2, 15, 12, 24, 24, 23, 20, 7, 11, 12, 22, 18, 14, 19, 15, 18, 25, 22, 25]
y_coordinates = [95, 142, 151, 82, 109, 150, 161, 125, 157, 143, 116, 100, 103, 129, 113, 140, 122, 124, 126, 137, 119, 106]
x_dimensions = [13, 5, 5, 23, 13, 8, 4, 4, 3, 3, 21, 17, 16, 3, 10, 9, 8, 3, 6, 3, 4, 3]
y_dimensions = [5, 9, 6, 4, 4, 4, 5, 4, 4, 23, 3, 3, 3, 11, 3, 3, 3, 7, 3, 5, 3, 3]
minimum_height = 166
----------
x_coordinates = [11, 12, 23, 5, 15, 16, 17, 24, 25, 9, 7, 6, 12, 22, 18, 0, 20, 25, 17, 8, 23, 25]
y_coordinates = [123, 156, 148, 76, 119, 143, 161, 144, 161, 142, 134, 137, 140, 154, 131, 160, 128, 154, 147, 127, 137, 125]
x_dimensions = [13, 5, 5, 23, 13, 8, 5, 4, 3, 3, 21, 17, 16, 3, 10, 9, 8, 3, 6, 3, 4, 3]
y_dimensions = [5, 9, 6, 4, 4, 4, 4, 4, 4, 23, 3, 3, 3, 11, 3, 3, 3, 7, 3, 5, 3, 3]
minimum_height = 165
----------
x_coordinates = [15, 16, 23, 5, 13, 6, 24, 12, 24, 20, 5, 11, 12, 21, 22, 14, 20, 3, 5, 22, 3, 25]
y_coordinates = [93, 152, 147, 46, 106, 151, 156, 160, 161, 126, 123, 90, 120, 153, 110, 149, 98, 152, 160, 101, 148, 103]
x_dimensions = [13, 5, 5, 23, 13, 8, 4, 4, 4, 3, 21, 17, 16, 3, 3, 9, 8, 3, 6, 3, 3, 3]
y_dimensions = [5, 9, 6, 4, 4, 4, 5, 4, 3, 23, 3, 3, 3, 11, 10, 3, 3, 7, 3, 5, 4, 3]
minimum_height = 164
----------
x_coordinates = [15, 17, 20, 13, 15, 11, 3, 13, 22, 8, 7, 10, 12, 25, 21, 19, 18, 0, 7, 25, 24, 25]
y_coordinates = [114, 154, 148, 54, 122, 144, 158, 159, 159, 137, 126, 111, 139, 152, 129, 142, 119, 153, 160, 105, 145, 149]
x_dimensions = [13, 5, 5, 4, 13, 8, 4, 4, 3, 3, 21, 17, 16, 3, 3, 9, 8, 3, 6, 3, 4, 3]
y_dimensions = [5, 9, 6, 23, 4, 4, 5, 4, 4, 23, 3, 3, 3, 11, 10, 3, 3, 7, 3, 5, 3, 3]
minimum_height = 163
----------
x_coordinates = [5, 23, 20, 2, 11, 10, 21, 24, 25, 4, 6, 6, 7, 25, 24, 14, 19, 17, 18, 8, 24, 25]
y_coordinates = [131, 135, 151, 57, 117, 145, 157, 131, 158, 139, 128, 136, 139, 147, 118, 143, 112, 155, 132, 114, 144, 115]
x_dimensions = [13, 5, 5, 23, 13, 4, 4, 4, 3, 3, 21, 17, 16, 3, 3, 9, 8, 3, 6, 3, 4, 3]
y_dimensions = [5, 9, 6, 4, 4, 8, 5, 4, 4, 23, 3, 3, 3, 11, 10, 3, 3, 7, 3, 5, 3, 3]
minimum_height = 162
----------
x_coordinates = [1, 18, 17, 5, 12, 11, 4, 24, 23, 15, 8, 10, 12, 22, 25, 9, 25, 0, 18, 5, 24, 2]
y_coordinates = [125, 134, 152, 76, 143, 148, 157, 131, 135, 120, 130, 114, 158, 147, 146, 152, 138, 154, 129, 145, 128, 145]
x_dimensions = [13, 5, 5, 23, 13, 8, 5, 4, 4, 3, 3, 17, 16, 3, 3, 3, 3, 3, 6, 3, 4, 3]
y_dimensions = [5, 9, 6, 4, 4, 4, 4, 4, 3, 23, 21, 3, 3, 11, 10, 9, 8, 7, 3, 5, 3, 3]
minimum_height = 161
----------
x_coordinates = [15, 19, 19, 4, 15, 17, 11, 20, 25, 16, 24, 6, 25, 2, 22, 8, 10, 8, 22, 5, 25, 25]
y_coordinates = [100, 139, 132, 76, 152, 156, 130, 148, 156, 129, 131, 118, 112, 127, 121, 133, 151, 126, 109, 130, 105, 128]
x_dimensions = [13, 5, 5, 23, 13, 8, 5, 4, 3, 3, 3, 17, 3, 3, 3, 3, 3, 3, 6, 3, 3, 3]
y_dimensions = [5, 9, 6, 4, 4, 4, 4, 4, 4, 23, 21, 3, 16, 11, 10, 9, 8, 7, 3, 5, 4, 3]
minimum_height = 160
----------
x_coordinates = [12, 19, 1, 4, 16, 20, 5, 15, 17, 6, 9, 4, 22, 25, 11, 2, 9, 2, 18, 12, 25, 24]
y_coordinates = [136, 146, 153, 54, 123, 155, 130, 150, 155, 134, 135, 120, 120, 133, 125, 133, 156, 126, 141, 149, 151, 148]
x_dimensions = [13, 5, 5, 23, 4, 8, 5, 4, 3, 3, 3, 17, 3, 3, 3, 3, 8, 3, 6, 3, 3, 3]
y_dimensions = [5, 9, 6, 4, 13, 4, 4, 4, 4, 23, 21, 3, 16, 11, 10, 9, 3, 7, 3, 5, 4, 3]
minimum_height = 159
----------
x_coordinates = [15, 19, 3, 3, 15, 16, 13, 15, 24, 12, 0, 6, 18, 6, 2, 9, 8, 6, 22, 25, 25, 2]
y_coordinates = [140, 149, 152, 61, 145, 154, 126, 149, 155, 130, 137, 121, 124, 136, 127, 129, 153, 127, 129, 123, 136, 124]
x_dimensions = [13, 9, 5, 23, 13, 8, 5, 4, 4, 3, 3, 17, 3, 3, 3, 3, 8, 3, 6, 3, 3, 3]
y_dimensions = [5, 5, 6, 4, 4, 4, 4, 4, 3, 23, 21, 3, 16, 11, 10, 9, 3, 7, 3, 5, 4, 3]
minimum_height = 158
----------
x_coordinates = [2, 13, 18, 5, 24, 17, 17, 19, 10, 7, 10, 9, 17, 22, 25, 14, 20, 21, 18, 4, 25, 25]
y_coordinates = [144, 148, 145, 38, 141, 117, 137, 150, 153, 134, 132, 114, 121, 130, 128, 129, 154, 123, 142, 136, 120, 138]
x_dimensions = [5, 5, 6, 23, 4, 8, 5, 4, 3, 3, 3, 17, 3, 3, 3, 3, 8, 3, 6, 3, 3, 3]
y_dimensions = [13, 9, 5, 4, 13, 4, 4, 4, 4, 23, 21, 3, 16, 11, 10, 9, 3, 7, 3, 5, 4, 3]
minimum_height = 157
----------
x_coordinates = [12, 15, 18, 2, 24, 19, 19, 18, 19, 6, 15, 5, 25, 22, 11, 3, 20, 9, 21, 10, 25, 13]
y_coordinates = [127, 113, 151, 74, 143, 122, 144, 140, 148, 131, 135, 49, 126, 132, 142, 137, 119, 131, 116, 121, 112, 124]
x_dimensions = [13, 5, 6, 23, 4, 8, 5, 4, 4, 3, 3, 17, 3, 3, 3, 3, 8, 3, 6, 3, 3, 3]
y_dimensions = [5, 9, 5, 4, 13, 4, 4, 4, 3, 23, 21, 3, 16, 11, 10, 9, 3, 7, 3, 5, 4, 3]
minimum_height = 156
----------
x_coordinates = [12, 17, 22, 1, 1, 20, 16, 21, 18, 25, 24, 8, 14, 25, 18, 6, 17, 9, 20, 25, 25, 25]
y_coordinates = [143, 131, 138, 76, 142, 124, 151, 151, 140, 98, 77, 106, 127, 143, 128, 146, 148, 147, 121, 133, 70, 74]
x_dimensions = [13, 5, 6, 23, 4, 8, 5, 4, 4, 3, 3, 17, 3, 3, 10, 3, 8, 3, 6, 3, 3, 3]
y_dimensions = [5, 9, 5, 4, 13, 4, 4, 4, 3, 23, 21, 3, 16, 11, 3, 9, 3, 7, 3, 5, 4, 3]
minimum_height = 155
----------
x_coordinates = [4, 16, 23, 2, 21, 20, 17, 17, 24, 13, 1, 9, 25, 25, 11, 14, 17, 22, 20, 9, 25, 20]
y_coordinates = [147, 126, 114, 48, 128, 120, 144, 140, 151, 110, 132, 75, 124, 140, 135, 138, 148, 141, 111, 143, 107, 151]
x_dimensions = [13, 5, 5, 23, 4, 8, 5, 4, 4, 3, 3, 17, 3, 3, 10, 3, 8, 3, 6, 5, 3, 3]
y_dimensions = [5, 9, 6, 4, 13, 4, 4, 4, 3, 23, 21, 3, 16, 11, 3, 9, 3, 7, 3, 3, 4, 3]
minimum_height = 154
----------
x_coordinates = [13, 6, 23, 3, 24, 20, 18, 18, 24, 14, 1, 9, 11, 4, 5, 15, 20, 23, 21, 14, 25, 20]
y_coordinates = [113, 135, 127, 60, 133, 137, 149, 145, 110, 118, 132, 13, 126, 144, 148, 144, 124, 146, 105, 141, 120, 132]
x_dimensions = [13, 5, 5, 23, 4, 4, 5, 4, 4, 3, 3, 17, 3, 11, 10, 3, 8, 3, 6, 5, 3, 3]
y_dimensions = [5, 9, 6, 4, 13, 8, 4, 4, 3, 23, 21, 3, 16, 3, 3, 9, 3, 7, 3, 3, 4, 3]
minimum_height = 153
----------
x_coordinates = [14, 16, 23, 5, 13, 9, 20, 21, 24, 14, 12, 9, 11, 17, 12, 17, 1, 25, 18, 13, 25, 25]
y_coordinates = [127, 115, 138, 64, 134, 143, 144, 148, 123, 92, 71, 56, 118, 132, 68, 140, 149, 145, 124, 149, 70, 135]
x_dimensions = [13, 5, 5, 23, 4, 4, 5, 4, 4, 3, 3, 17, 3, 11, 10, 3, 8, 3, 6, 5, 3, 3]
y_dimensions = [5, 9, 6, 4, 13, 8, 4, 4, 3, 23, 21, 3, 16, 3, 3, 9, 3, 7, 3, 3, 4, 3]
minimum_height = 152
----------
x_coordinates = [14, 11, 4, 1, 15, 19, 23, 21, 24, 23, 9, 8, 12, 1, 14, 24, 1, 25, 18, 14, 25, 15]
y_coordinates = [119, 95, 142, 17, 135, 143, 147, 134, 93, 96, 123, 44, 135, 148, 129, 124, 136, 137, 93, 132, 133, 148]
x_dimensions = [13, 5, 5, 23, 4, 4, 5, 4, 4, 3, 3, 17, 3, 11, 10, 3, 8, 3, 6, 5, 3, 3]
y_dimensions = [5, 9, 6, 4, 13, 8, 4, 4, 3, 23, 21, 3, 16, 3, 3, 9, 3, 7, 3, 3, 4, 3]
minimum_height = 151
----------
x_coordinates = [15, 16, 23, 3, 17, 13, 8, 24, 24, 20, 5, 9, 16, 6, 12, 22, 20, 21, 22, 18, 25, 3]
y_coordinates = [91, 119, 141, 54, 137, 142, 146, 130, 138, 96, 134, 45, 75, 139, 128, 79, 88, 147, 75, 131, 126, 141]
x_dimensions = [13, 5, 5, 23, 4, 4, 5, 4, 4, 3, 21, 17, 3, 11, 10, 3, 8, 7, 6, 5, 3, 3]
y_dimensions = [5, 9, 6, 4, 13, 8, 4, 4, 3, 23, 3, 3, 16, 3, 3, 9, 3, 3, 3, 3, 4, 3]
minimum_height = 150
----------
x_coordinates = [11, 15, 0, 4, 16, 19, 23, 24, 24, 8, 0, 9, 21, 5, 2, 12, 8, 23, 22, 15, 25, 20]
y_coordinates = [108, 121, 143, 21, 136, 113, 145, 128, 112, 106, 133, 26, 128, 146, 129, 124, 143, 120, 105, 130, 116, 146]
x_dimensions = [13, 5, 5, 23, 4, 4, 5, 4, 4, 3, 21, 17, 3, 11, 10, 3, 8, 3, 6, 5, 3, 3]
y_dimensions = [5, 9, 6, 4, 13, 8, 4, 4, 3, 23, 3, 3, 16, 3, 3, 9, 3, 7, 3, 3, 4, 3]
minimum_height = 149
----------
x_coordinates = [4, 20, 5, 3, 0, 19, 24, 24, 13, 21, 4, 9, 25, 10, 12, 16, 12, 23, 9, 22, 24, 21]
y_coordinates = [112, 125, 142, 33, 135, 117, 143, 139, 122, 90, 136, 53, 123, 145, 114, 122, 133, 116, 122, 113, 110, 145]
x_dimensions = [5, 5, 5, 23, 4, 4, 4, 4, 3, 3, 21, 17, 3, 11, 10, 3, 8, 3, 3, 5, 4, 3]
y_dimensions = [13, 9, 6, 4, 13, 8, 5, 4, 4, 23, 3, 3, 16, 3, 3, 9, 3, 7, 6, 3, 3, 3]
minimum_height = 148
----------
x_coordinates = [18, 23, 10, 3, 2, 24, 24, 23, 15, 22, 2, 11, 4, 13, 17, 20, 20, 24, 22, 19, 25, 15]
y_coordinates = [131, 138, 133, 49, 139, 117, 112, 108, 130, 85, 144, 79, 127, 122, 82, 111, 125, 131, 128, 76, 104, 137]
x_dimensions = [5, 5, 5, 23, 13, 4, 4, 4, 3, 3, 21, 17, 16, 11, 10, 3, 8, 3, 6, 5, 3, 3]
y_dimensions = [13, 9, 6, 4, 4, 8, 5, 4, 4, 23, 3, 3, 3, 3, 3, 9, 3, 7, 3, 3, 4, 3]
minimum_height = 147
----------
x_coordinates = [23, 14, 5, 4, 10, 20, 24, 23, 22, 20, 3, 9, 7, 11, 11, 25, 14, 24, 22, 21, 25, 2]
y_coordinates = [133, 141, 140, 65, 137, 118, 108, 104, 113, 78, 110, 62, 132, 126, 103, 124, 129, 117, 126, 101, 113, 139]
x_dimensions = [5, 9, 5, 23, 13, 4, 4, 4, 3, 3, 21, 17, 16, 11, 10, 3, 8, 3, 3, 5, 3, 3]
y_dimensions = [13, 5, 6, 4, 4, 8, 5, 4, 4, 23, 3, 3, 3, 3, 3, 9, 3, 7, 6, 3, 4, 3]
minimum_height = 146
----------
x_coordinates = [12, 0, 22, 4, 9, 20, 24, 23, 5, 19, 1, 10, 8, 7, 17, 25, 0, 25, 24, 22, 25, 23]
y_coordinates = [135, 140, 140, 2, 141, 127, 106, 114, 124, 98, 121, 78, 124, 110, 124, 131, 133, 118, 125, 120, 102, 111]
x_dimensions = [13, 9, 6, 23, 13, 4, 4, 4, 3, 3, 21, 17, 3, 11, 3, 3, 8, 3, 3, 3, 3, 3]
y_dimensions = [5, 5, 5, 4, 4, 8, 5, 4, 4, 23, 3, 3, 16, 3, 10, 9, 3, 7, 6, 5, 4, 3]
minimum_height = 145
----------
x_coordinates = [15, 3, 23, 10, 11, 20, 16, 7, 14, 6, 3, 10, 12, 0, 4, 25, 11, 24, 22, 0, 25, 23]
y_coordinates = [136, 139, 105, 62, 111, 122, 128, 125, 115, 96, 119, 98, 128, 132, 124, 125, 125, 118, 130, 121, 101, 141]
x_dimensions = [13, 9, 5, 4, 13, 4, 4, 4, 3, 3, 21, 17, 3, 3, 3, 3, 8, 3, 3, 3, 3, 3]
y_dimensions = [5, 5, 6, 23, 4, 8, 5, 4, 4, 23, 3, 3, 16, 11, 10, 9, 3, 7, 6, 5, 4, 3]
minimum_height = 144
----------
x_coordinates = [15, 16, 23, 3, 11, 21, 19, 15, 5, 20, 7, 4, 8, 12, 18, 2, 13, 25, 25, 23, 25, 24]
y_coordinates = [134, 129, 109, 51, 139, 121, 111, 112, 126, 79, 102, 76, 126, 114, 116, 126, 126, 127, 121, 115, 105, 140]
x_dimensions = [13, 9, 5, 23, 13, 4, 4, 4, 3, 3, 21, 17, 3, 3, 3, 3, 8, 3, 3, 3, 3, 3]
y_dimensions = [5, 5, 6, 4, 4, 8, 5, 4, 4, 23, 3, 3, 16, 11, 10, 9, 3, 7, 6, 5, 4, 3]
minimum_height = 143
----------
x_coordinates = [15, 3, 23, 4, 11, 22, 24, 17, 9, 20, 0, 6, 12, 11, 21, 0, 17, 3, 6, 25, 25, 25]
y_coordinates = [134, 137, 79, 62, 85, 126, 97, 96, 133, 103, 100, 82, 126, 89, 93, 133, 139, 130, 129, 102, 93, 139]
x_dimensions = [13, 9, 5, 23, 13, 4, 4, 4, 3, 3, 21, 17, 3, 3, 3, 3, 8, 3, 3, 3, 3, 3]
y_dimensions = [5, 5, 6, 4, 4, 8, 5, 4, 4, 23, 3, 3, 16, 11, 10, 9, 3, 7, 6, 5, 4, 3]
minimum_height = 142
----------
x_coordinates = [14, 15, 7, 4, 12, 24, 24, 20, 12, 25, 7, 8, 8, 13, 21, 8, 17, 5, 5, 17, 25, 11]
y_coordinates = [136, 131, 113, 40, 118, 128, 100, 104, 131, 105, 91, 122, 128, 103, 94, 132, 125, 134, 127, 103, 96, 138]
x_dimensions = [13, 9, 5, 23, 13, 4, 4, 4, 3, 3, 21, 17, 16, 3, 3, 3, 8, 3, 3, 3, 3, 3]
y_dimensions = [5, 5, 6, 4, 4, 8, 5, 4, 4, 23, 3, 3, 3, 11, 10, 9, 3, 7, 6, 5, 4, 3]
minimum_height = 141
----------
x_coordinates = [13, 3, 23, 2, 10, 24, 8, 21, 9, 12, 4, 9, 11, 7, 0, 21, 16, 15, 18, 25, 24, 23]
y_coordinates = [89, 127, 109, 29, 110, 125, 132, 133, 123, 114, 137, 86, 94, 112, 130, 121, 130, 119, 124, 135, 106, 117]
x_dimensions = [13, 9, 5, 23, 13, 4, 4, 4, 3, 3, 21, 17, 3, 3, 3, 3, 8, 3, 3, 3, 4, 3]
y_dimensions = [5, 5, 6, 4, 4, 8, 5, 4, 4, 23, 3, 3, 16, 11, 10, 9, 3, 7, 6, 5, 3, 3]
minimum_height = 140
----------
x_coordinates = [8, 7, 10, 3, 14, 24, 24, 23, 3, 25, 0, 6, 21, 0, 15, 4, 16, 18, 1, 25, 25, 7]
y_coordinates = [126, 134, 120, 34, 93, 125, 133, 89, 118, 102, 131, 87, 120, 114, 116, 122, 136, 119, 125, 97, 85, 123]
x_dimensions = [13, 9, 5, 23, 13, 4, 4, 4, 3, 3, 21, 17, 3, 3, 3, 3, 8, 3, 3, 3, 3, 3]
y_dimensions = [5, 5, 6, 4, 4, 8, 5, 4, 4, 23, 3, 3, 16, 11, 10, 9, 3, 7, 6, 5, 4, 3]
minimum_height = 139
----------
x_coordinates = [1, 1, 22, 5, 15, 9, 24, 24, 3, 8, 7, 8, 17, 6, 20, 14, 20, 23, 13, 12, 25, 21]
y_coordinates = [118, 129, 105, 56, 115, 127, 127, 111, 124, 95, 135, 84, 119, 124, 119, 119, 132, 120, 129, 111, 101, 129]
x_dimensions = [13, 5, 5, 23, 13, 4, 4, 4, 3, 3, 21, 17, 3, 3, 3, 3, 8, 3, 3, 3, 3, 3]
y_dimensions = [5, 9, 6, 4, 4, 8, 5, 4, 4, 23, 3, 3, 16, 11, 10, 9, 3, 7, 6, 5, 4, 3]
minimum_height = 138
----------
x_coordinates = [15, 4, 23, 4, 15, 11, 24, 23, 2, 5, 3, 11, 0, 12, 18, 12, 16, 25, 9, 13, 25, 25]
y_coordinates = [117, 129, 111, 61, 122, 98, 132, 97, 110, 126, 134, 90, 121, 115, 101, 106, 131, 104, 113, 129, 93, 129]
x_dimensions = [13, 9, 5, 23, 13, 4, 4, 4, 3, 23, 21, 17, 3, 3, 10, 3, 8, 3, 3, 3, 3, 3]
y_dimensions = [5, 5, 6, 4, 4, 8, 5, 4, 4, 3, 3, 3, 16, 11, 3, 9, 3, 7, 6, 5, 4, 3]
minimum_height = 137
----------
x_coordinates = [15, 7, 23, 2, 2, 19, 24, 22, 2, 20, 3, 10, 0, 23, 18, 25, 16, 24, 22, 17, 25, 22]
y_coordinates = [119, 128, 102, 49, 116, 76, 131, 68, 89, 96, 133, 37, 120, 108, 80, 92, 130, 83, 90, 114, 72, 127]
x_dimensions = [13, 9, 5, 4, 13, 8, 4, 4, 3, 3, 21, 17, 3, 3, 10, 3, 8, 3, 3, 3, 3, 3]
y_dimensions = [5, 5, 6, 23, 4, 4, 5, 4, 4, 23, 3, 3, 16, 11, 3, 9, 3, 7, 6, 5, 4, 3]
minimum_height = 136
----------
x_coordinates = [13, 9, 12, 5, 13, 20, 21, 24, 3, 5, 4, 10, 1, 25, 17, 25, 17, 19, 14, 24, 24, 14]
y_coordinates = [87, 123, 113, 57, 107, 120, 124, 95, 115, 104, 132, 37, 119, 124, 118, 111, 129, 111, 119, 99, 92, 127]
x_dimensions = [13, 5, 5, 23, 13, 8, 4, 4, 3, 23, 21, 17, 3, 3, 3, 3, 8, 3, 3, 3, 4, 3]
y_dimensions = [5, 9, 6, 4, 4, 4, 5, 4, 4, 3, 3, 3, 16, 11, 10, 9, 3, 7, 6, 5, 3, 3]
minimum_height = 135
----------
x_coordinates = [1, 2, 17, 2, 13, 24, 23, 24, 3, 14, 7, 11, 6, 22, 22, 25, 15, 19, 21, 25, 25, 21]
y_coordinates = [112, 89, 115, 65, 98, 123, 93, 86, 127, 111, 90, 8, 118, 102, 113, 112, 95, 121, 131, 107, 82, 128]
x_dimensions = [13, 5, 5, 23, 13, 4, 4, 4, 3, 3, 21, 17, 3, 3, 3, 3, 8, 3, 6, 3, 3, 3]
y_dimensions = [5, 9, 6, 4, 4, 8, 5, 4, 4, 23, 3, 3, 16, 11, 10, 9, 3, 7, 3, 5, 4, 3]
minimum_height = 134
----------
x_coordinates = [6, 2, 23, 3, 9, 24, 22, 11, 22, 5, 7, 10, 7, 23, 14, 25, 15, 23, 25, 22, 25, 21]
y_coordinates = [89, 114, 75, 13, 99, 122, 96, 117, 87, 130, 112, 61, 121, 101, 127, 81, 118, 115, 90, 91, 71, 124]
x_dimensions = [13, 5, 5, 23, 13, 4, 4, 4, 3, 23, 21, 17, 16, 3, 10, 3, 8, 3, 3, 3, 3, 3]
y_dimensions = [5, 9, 6, 4, 4, 8, 5, 4, 4, 3, 3, 3, 3, 11, 3, 9, 3, 7, 6, 5, 4, 3]
minimum_height = 133
----------
x_coordinates = [7, 3, 23, 5, 9, 24, 22, 22, 19, 0, 2, 6, 8, 23, 14, 25, 17, 25, 23, 23, 25, 11]
y_coordinates = [88, 117, 76, 3, 100, 124, 97, 113, 116, 103, 126, 81, 123, 102, 129, 82, 120, 117, 91, 71, 67, 129]
x_dimensions = [13, 5, 5, 23, 13, 4, 4, 4, 3, 3, 21, 17, 16, 3, 10, 3, 8, 3, 3, 3, 3, 3]
y_dimensions = [5, 9, 6, 4, 4, 8, 5, 4, 4, 23, 3, 3, 3, 11, 3, 9, 3, 7, 6, 5, 4, 3]
minimum_height = 132
----------
x_coordinates = [6, 2, 23, 4, 6, 11, 2, 24, 22, 6, 7, 9, 10, 25, 15, 25, 18, 25, 25, 8, 25, 5]
y_coordinates = [76, 93, 76, 24, 81, 123, 102, 105, 117, 103, 100, 66, 91, 110, 128, 82, 121, 124, 94, 126, 72, 128]
x_dimensions = [13, 5, 5, 23, 13, 4, 4, 4, 3, 3, 21, 17, 16, 3, 10, 3, 8, 3, 3, 3, 3, 3]
y_dimensions = [5, 9, 6, 4, 4, 8, 5, 4, 4, 23, 3, 3, 3, 11, 3, 9, 3, 7, 6, 5, 4, 3]
minimum_height = 131
----------
x_coordinates = [10, 18, 23, 5, 7, 17, 11, 24, 23, 21, 23, 6, 7, 15, 14, 15, 6, 25, 14, 24, 25, 25]
y_coordinates = [88, 94, 71, 17, 102, 126, 101, 105, 67, 103, 82, 84, 81, 102, 78, 93, 125, 120, 124, 77, 116, 127]
x_dimensions = [13, 5, 5, 23, 4, 8, 4, 4, 3, 3, 3, 17, 16, 3, 10, 3, 8, 3, 3, 3, 3, 3]
y_dimensions = [5, 9, 6, 4, 13, 4, 5, 4, 4, 23, 21, 3, 3, 11, 3, 9, 3, 7, 6, 5, 4, 3]
minimum_height = 130
----------
x_coordinates = [15, 23, 23, 5, 7, 10, 3, 17, 24, 21, 20, 9, 9, 24, 18, 25, 17, 24, 23, 7, 25, 4]
y_coordinates = [58, 94, 70, 8, 102, 125, 102, 106, 104, 103, 82, 63, 79, 108, 126, 78, 76, 119, 88, 124, 66, 126]
x_dimensions = [13, 5, 5, 23, 13, 8, 4, 4, 3, 3, 3, 17, 16, 3, 10, 3, 8, 3, 3, 3, 3, 3]
y_dimensions = [5, 9, 6, 4, 4, 4, 5, 4, 4, 23, 21, 3, 3, 11, 3, 9, 3, 7, 6, 5, 4, 3]
minimum_height = 129
----------
x_coordinates = [12, 23, 7, 3, 9, 9, 16, 24, 16, 21, 20, 10, 12, 13, 18, 13, 16, 17, 24, 15, 25, 6]
y_coordinates = [65, 94, 80, 4, 102, 124, 101, 103, 106, 105, 84, 61, 81, 104, 78, 95, 73, 121, 122, 76, 118, 125]
x_dimensions = [13, 5, 5, 23, 4, 8, 4, 4, 3, 3, 3, 17, 16, 3, 10, 3, 8, 3, 3, 3, 3, 3]
y_dimensions = [5, 9, 6, 4, 13, 4, 5, 4, 4, 23, 21, 3, 3, 11, 3, 9, 3, 7, 6, 5, 4, 3]
minimum_height = 128
----------
x_coordinates = [9, 23, 5, 3, 7, 9, 3, 8, 6, 22, 20, 9, 11, 25, 18, 25, 16, 17, 25, 15, 25, 3]
y_coordinates = [112, 94, 76, 18, 102, 123, 102, 106, 123, 104, 83, 64, 80, 103, 74, 85, 77, 120, 121, 72, 70, 124]
x_dimensions = [13, 5, 5, 23, 13, 8, 4, 4, 3, 3, 3, 17, 16, 3, 10, 3, 8, 3, 3, 3, 3, 3]
y_dimensions = [5, 9, 6, 4, 4, 4, 5, 4, 4, 23, 21, 3, 3, 11, 3, 9, 3, 7, 6, 5, 4, 3]
minimum_height = 127
----------
x_coordinates = [10, 23, 8, 4, 7, 11, 16, 24, 8, 21, 20, 10, 12, 11, 18, 13, 18, 8, 25, 9, 25, 6]
y_coordinates = [65, 94, 81, 18, 102, 121, 101, 104, 122, 103, 82, 70, 76, 102, 79, 93, 73, 115, 120, 76, 116, 75]
x_dimensions = [13, 5, 5, 23, 4, 8, 4, 4, 3, 3, 3, 17, 16, 3, 10, 3, 8, 3, 3, 3, 3, 3]
y_dimensions = [5, 9, 6, 4, 13, 4, 5, 4, 4, 23, 21, 3, 3, 11, 3, 9, 3, 7, 6, 5, 4, 3]
minimum_height = 126
----------
x_coordinates = [13, 23, 22, 11, 1, 19, 6, 10, 17, 5, 14, 8, 12, 2, 15, 25, 19, 20, 25, 22, 25, 9]
y_coordinates = [66, 113, 77, 7, 110, 106, 117, 118, 118, 122, 101, 85, 95, 114, 98, 83, 110, 115, 100, 92, 73, 94]
x_dimensions = [13, 5, 5, 4, 13, 8, 4, 4, 3, 23, 3, 17, 16, 3, 10, 3, 8, 3, 3, 5, 3, 3]
y_dimensions = [5, 9, 6, 23, 4, 4, 5, 4, 4, 3, 21, 3, 3, 11, 3, 9, 3, 7, 6, 3, 4, 3]
minimum_height = 125
----------
x_coordinates = [2, 23, 14, 5, 19, 15, 2, 8, 22, 1, 15, 9, 7, 23, 6, 22, 0, 24, 3, 16, 25, 12]
y_coordinates = [100, 107, 82, 29, 101, 117, 106, 106, 83, 121, 88, 67, 114, 96, 111, 87, 113, 116, 113, 109, 87, 108]
x_dimensions = [13, 5, 5, 23, 4, 8, 4, 4, 3, 23, 3, 17, 16, 3, 10, 3, 3, 3, 3, 3, 3, 3]
y_dimensions = [5, 9, 6, 4, 13, 4, 5, 4, 4, 3, 21, 3, 3, 11, 3, 9, 8, 7, 6, 5, 4, 3]
minimum_height = 124
----------
x_coordinates = [4, 23, 23, 5, 20, 24, 2, 13, 16, 0, 17, 11, 9, 6, 15, 25, 9, 22, 3, 25, 25, 5]
y_coordinates = [100, 114, 80, 29, 101, 106, 114, 115, 89, 120, 99, 48, 93, 105, 96, 97, 112, 86, 108, 92, 76, 92]
x_dimensions = [13, 5, 5, 23, 4, 4, 4, 4, 3, 23, 3, 17, 16, 3, 10, 3, 8, 3, 3, 3, 3, 3]
y_dimensions = [5, 9, 6, 4, 13, 8, 5, 4, 4, 3, 21, 3, 3, 11, 3, 9, 3, 7, 6, 5, 4, 3]
minimum_height = 123
----------
x_coordinates = [10, 23, 23, 3, 13, 24, 4, 14, 21, 1, 22, 9, 12, 8, 18, 25, 15, 23, 22, 11, 24, 25]
y_coordinates = [117, 71, 52, 3, 58, 107, 100, 104, 107, 111, 80, 11, 101, 100, 104, 62, 114, 115, 65, 104, 49, 98]
x_dimensions = [13, 5, 5, 23, 13, 4, 4, 4, 3, 23, 3, 17, 16, 3, 10, 3, 8, 3, 3, 3, 4, 3]
y_dimensions = [5, 9, 6, 4, 4, 8, 5, 4, 4, 3, 21, 3, 3, 11, 3, 9, 3, 7, 6, 5, 3, 3]
minimum_height = 122
----------
x_coordinates = [15, 23, 19, 7, 15, 21, 15, 24, 18, 2, 21, 11, 25, 17, 18, 19, 17, 17, 24, 15, 25, 22]
y_coordinates = [56, 71, 61, 11, 67, 110, 79, 83, 110, 104, 80, 15, 105, 86, 101, 71, 107, 114, 94, 99, 90, 118]
x_dimensions = [13, 5, 5, 4, 13, 4, 4, 4, 3, 23, 3, 17, 3, 3, 10, 3, 8, 3, 3, 3, 3, 3]
y_dimensions = [5, 9, 6, 23, 4, 8, 5, 4, 4, 3, 21, 3, 16, 11, 3, 9, 3, 7, 6, 5, 4, 3]
minimum_height = 121
----------
x_coordinates = [9, 23, 17, 5, 11, 8, 16, 24, 12, 5, 22, 11, 25, 11, 18, 25, 19, 15, 20, 12, 24, 17]
y_coordinates = [101, 77, 66, 11, 72, 108, 85, 86, 106, 117, 90, 17, 95, 76, 114, 68, 111, 109, 84, 110, 65, 106]
x_dimensions = [13, 5, 5, 23, 13, 4, 4, 4, 3, 23, 3, 17, 3, 3, 10, 3, 8, 3, 3, 3, 4, 3]
y_dimensions = [5, 9, 6, 4, 4, 8, 5, 4, 4, 3, 21, 3, 16, 11, 3, 9, 3, 7, 6, 5, 3, 3]
minimum_height = 120
----------
x_coordinates = [15, 23, 21, 2, 15, 13, 16, 24, 24, 24, 25, 9, 22, 16, 19, 16, 17, 25, 23, 21, 25, 25]
y_coordinates = [51, 72, 56, 20, 62, 102, 80, 84, 47, 24, 88, 17, 103, 85, 108, 71, 100, 109, 66, 81, 20, 116]
x_dimensions = [13, 5, 5, 23, 13, 4, 4, 4, 3, 3, 3, 17, 3, 3, 3, 3, 8, 3, 3, 5, 3, 3]
y_dimensions = [5, 9, 6, 4, 4, 8, 5, 4, 4, 23, 21, 3, 16, 11, 10, 9, 3, 7, 6, 3, 4, 3]
minimum_height = 119
----------
x_coordinates = [0, 4, 8, 1, 5, 21, 12, 16, 18, 24, 23, 6, 23, 1, 19, 1, 16, 25, 20, 23, 25, 22]
y_coordinates = [103, 86, 112, 53, 108, 110, 86, 86, 111, 44, 67, 82, 88, 87, 100, 78, 64, 109, 86, 104, 40, 107]
x_dimensions = [5, 5, 5, 23, 13, 4, 4, 4, 3, 3, 3, 17, 3, 3, 3, 3, 8, 3, 3, 5, 3, 3]
y_dimensions = [13, 9, 6, 4, 4, 8, 5, 4, 4, 23, 21, 3, 16, 11, 10, 9, 3, 7, 6, 3, 4, 3]
minimum_height = 118
----------
x_coordinates = [17, 1, 6, 10, 12, 4, 4, 23, 25, 11, 24, 7, 25, 23, 22, 5, 16, 24, 8, 23, 25, 23]
y_coordinates = [99, 104, 107, 11, 112, 113, 87, 91, 111, 87, 67, 32, 95, 46, 102, 92, 85, 60, 87, 57, 42, 88]
x_dimensions = [5, 5, 5, 4, 13, 8, 4, 4, 3, 3, 3, 3, 3, 3, 3, 3, 8, 3, 3, 5, 3, 3]
y_dimensions = [13, 9, 6, 23, 4, 4, 5, 4, 4, 23, 21, 17, 16, 11, 10, 9, 3, 7, 6, 3, 4, 3]
minimum_height = 117
----------
x_coordinates = [4, 8, 17, 4, 9, 0, 14, 18, 22, 1, 25, 8, 25, 24, 22, 7, 20, 19, 22, 21, 25, 17]
y_coordinates = [98, 111, 110, 48, 106, 111, 101, 101, 112, 88, 95, 59, 76, 62, 102, 72, 92, 83, 96, 73, 58, 91]
x_dimensions = [5, 9, 5, 23, 13, 8, 4, 4, 3, 3, 3, 17, 3, 3, 3, 3, 8, 3, 3, 5, 3, 3]
y_dimensions = [13, 5, 6, 4, 4, 4, 5, 4, 4, 23, 21, 3, 16, 11, 10, 9, 3, 7, 6, 3, 4, 3]
minimum_height = 116
----------
x_coordinates = [5, 9, 10, 2, 15, 2, 5, 20, 11, 2, 24, 10, 25, 25, 22, 13, 17, 16, 18, 23, 4, 14]
y_coordinates = [98, 89, 106, 50, 111, 111, 93, 92, 112, 88, 74, 62, 95, 63, 101, 73, 96, 62, 105, 60, 78, 94]
x_dimensions = [5, 5, 5, 4, 13, 8, 4, 4, 4, 3, 3, 3, 3, 3, 3, 3, 8, 3, 3, 5, 3, 3]
y_dimensions = [13, 9, 6, 23, 4, 4, 5, 4, 3, 23, 21, 17, 16, 11, 10, 9, 3, 7, 6, 3, 4, 3]
minimum_height = 115
----------
x_coordinates = [14, 17, 19, 0, 0, 23, 1, 16, 13, 11, 25, 22, 5, 25, 24, 8, 19, 25, 21, 23, 24, 25]
y_coordinates = [98, 85, 108, 11, 110, 53, 93, 94, 111, 87, 75, 82, 94, 42, 104, 97, 99, 64, 102, 61, 71, 96]
x_dimensions = [5, 5, 5, 23, 13, 4, 4, 4, 4, 3, 3, 3, 3, 3, 3, 3, 8, 3, 3, 5, 3, 3]
y_dimensions = [13, 9, 6, 4, 4, 8, 5, 4, 3, 23, 21, 17, 16, 11, 10, 9, 3, 7, 6, 3, 4, 3]
minimum_height = 114
----------
x_coordinates = [23, 16, 18, 5, 15, 22, 2, 16, 2, 6, 24, 20, 25, 25, 11, 9, 15, 16, 12, 23, 22, 14]
y_coordinates = [100, 67, 104, 17, 61, 53, 96, 96, 110, 90, 76, 84, 37, 65, 110, 96, 101, 52, 99, 97, 72, 107]
x_dimensions = [5, 9, 5, 23, 13, 4, 4, 4, 4, 3, 3, 3, 3, 3, 10, 3, 8, 3, 3, 5, 3, 3]
y_dimensions = [13, 5, 6, 4, 4, 8, 5, 4, 3, 23, 21, 17, 16, 11, 3, 9, 3, 7, 6, 3, 4, 3]
minimum_height = 113
----------
x_coordinates = [23, 16, 12, 2, 15, 22, 4, 12, 22, 20, 25, 22, 25, 25, 13, 19, 5, 22, 2, 23, 24, 20]
y_coordinates = [99, 54, 103, 26, 50, 30, 98, 96, 46, 59, 78, 82, 55, 19, 109, 97, 109, 39, 105, 75, 71, 106]
x_dimensions = [5, 9, 5, 23, 13, 4, 4, 4, 3, 3, 3, 3, 3, 3, 10, 3, 8, 3, 3, 5, 3, 3]
y_dimensions = [13, 5, 6, 4, 4, 8, 5, 4, 4, 23, 21, 17, 16, 11, 3, 9, 3, 7, 6, 3, 4, 3]
minimum_height = 112
----------
x_coordinates = [23, 16, 8, 5, 12, 22, 1, 11, 25, 5, 24, 20, 25, 25, 13, 17, 4, 22, 1, 23, 22, 20]
y_coordinates = [98, 68, 102, 11, 46, 31, 97, 96, 43, 85, 77, 87, 47, 66, 107, 97, 108, 39, 105, 63, 73, 104]
x_dimensions = [5, 9, 5, 23, 13, 4, 4, 4, 3, 3, 3, 3, 3, 3, 10, 3, 8, 3, 3, 5, 3, 3]
y_dimensions = [13, 5, 6, 4, 4, 8, 5, 4, 4, 23, 21, 17, 16, 11, 3, 9, 3, 7, 6, 3, 4, 3]
minimum_height = 111
----------
x_coordinates = [23, 16, 8, 5, 12, 22, 5, 10, 22, 17, 24, 20, 25, 25, 13, 14, 6, 20, 3, 23, 22, 20]
y_coordinates = [97, 64, 104, 32, 60, 38, 96, 96, 55, 84, 76, 86, 49, 65, 107, 96, 101, 48, 103, 46, 72, 103]
x_dimensions = [5, 9, 5, 23, 13, 4, 4, 4, 3, 3, 3, 3, 3, 3, 10, 3, 8, 3, 3, 5, 3, 3]
y_dimensions = [13, 5, 6, 4, 4, 8, 5, 4, 4, 23, 21, 17, 16, 11, 3, 9, 3, 7, 6, 3, 4, 3]
minimum_height = 110
----------
x_coordinates = [16, 19, 23, 5, 15, 22, 9, 21, 12, 21, 25, 22, 25, 25, 13, 13, 20, 12, 22, 23, 24, 22]
y_coordinates = [93, 19, 103, 11, 55, 35, 101, 99, 58, 59, 81, 82, 61, 24, 106, 97, 52, 51, 43, 49, 77, 16]
x_dimensions = [5, 9, 5, 23, 13, 4, 4, 4, 3, 3, 3, 3, 3, 3, 10, 3, 8, 3, 3, 5, 3, 3]
y_dimensions = [13, 5, 6, 4, 4, 8, 5, 4, 4, 23, 21, 17, 16, 11, 3, 9, 3, 7, 6, 3, 4, 3]
minimum_height = 109
----------
x_coordinates = [18, 15, 23, 5, 12, 24, 11, 23, 19, 15, 8, 22, 16, 25, 13, 10, 16, 5, 22, 24, 23, 21]
y_coordinates = [92, 48, 102, 13, 69, 81, 93, 95, 75, 82, 75, 59, 63, 65, 105, 98, 79, 78, 53, 76, 44, 41]
x_dimensions = [5, 9, 5, 23, 4, 4, 4, 4, 3, 3, 3, 3, 3, 3, 10, 3, 8, 3, 3, 3, 3, 3]
y_dimensions = [13, 5, 6, 4, 13, 8, 5, 4, 4, 23, 21, 17, 16, 11, 3, 9, 3, 7, 6, 5, 4, 3]
minimum_height = 108
----------
x_coordinates = [19, 15, 20, 1, 12, 23, 24, 2, 16, 25, 5, 23, 9, 25, 22, 6, 20, 3, 24, 16, 25, 24]
y_coordinates = [91, 33, 85, 11, 94, 50, 34, 96, 97, 75, 74, 58, 91, 39, 75, 97, 104, 100, 98, 102, 27, 31]
x_dimensions = [5, 9, 5, 23, 4, 4, 4, 4, 3, 3, 3, 3, 3, 3, 3, 3, 8, 3, 3, 3, 3, 3]
y_dimensions = [13, 5, 6, 4, 13, 8, 5, 4, 4, 23, 21, 17, 16, 11, 10, 9, 3, 7, 6, 5, 4, 3]
minimum_height = 107
----------
x_coordinates = [20, 15, 15, 4, 12, 23, 24, 5, 2, 25, 8, 24, 10, 25, 22, 9, 12, 5, 25, 2, 25, 24]
y_coordinates = [93, 73, 100, 11, 89, 46, 54, 98, 88, 76, 75, 59, 58, 35, 79, 97, 97, 91, 99, 97, 31, 28]
x_dimensions = [5, 9, 5, 23, 13, 4, 4, 4, 3, 3, 3, 3, 3, 3, 3, 3, 8, 3, 3, 3, 3, 3]
y_dimensions = [13, 5, 6, 4, 4, 8, 5, 4, 4, 23, 21, 17, 16, 11, 10, 9, 3, 7, 6, 5, 4, 3]
minimum_height = 106
----------
x_coordinates = [20, 16, 15, 13, 13, 24, 24, 16, 22, 7, 23, 19, 10, 25, 17, 25, 18, 4, 25, 25, 21, 16]
y_coordinates = [92, 32, 95, 50, 82, 37, 77, 101, 87, 81, 45, 65, 81, 66, 85, 85, 82, 81, 99, 94, 41, 44]
x_dimensions = [5, 9, 5, 4, 4, 4, 4, 4, 3, 3, 3, 3, 3, 3, 3, 3, 8, 3, 3, 3, 3, 3]
y_dimensions = [13, 5, 6, 23, 13, 8, 5, 4, 4, 23, 21, 17, 16, 11, 10, 9, 3, 7, 6, 5, 4, 3]
minimum_height = 105
----------
x_coordinates = [21, 19, 16, 5, 21, 24, 4, 4, 22, 8, 19, 25, 11, 25, 25, 11, 20, 5, 25, 14, 25, 17]
y_coordinates = [40, 35, 93, 23, 88, 27, 86, 100, 80, 81, 63, 68, 71, 53, 94, 87, 85, 79, 88, 86, 64, 86]
x_dimensions = [5, 9, 5, 23, 4, 4, 4, 4, 3, 3, 3, 3, 3, 3, 3, 3, 8, 3, 3, 3, 3, 3]
y_dimensions = [13, 5, 6, 4, 13, 8, 5, 4, 4, 23, 21, 17, 16, 11, 10, 9, 3, 7, 6, 5, 4, 3]
minimum_height = 104
----------
x_coordinates = [20, 16, 17, 2, 13, 23, 3, 3, 24, 7, 10, 0, 12, 25, 10, 18, 22, 4, 25, 25, 25, 21]
y_coordinates = [90, 67, 84, 30, 81, 59, 87, 98, 78, 80, 78, 83, 72, 48, 99, 75, 82, 80, 89, 83, 98, 79]
x_dimensions = [5, 9, 5, 23, 4, 4, 4, 4, 3, 3, 3, 3, 16, 3, 10, 3, 3, 3, 3, 3, 3, 3]
y_dimensions = [13, 5, 6, 4, 13, 8, 5, 4, 4, 23, 21, 17, 3, 11, 3, 9, 8, 7, 6, 5, 4, 3]
minimum_height = 103
----------
x_coordinates = [20, 18, 20, 1, 16, 24, 12, 15, 0, 3, 9, 6, 11, 25, 6, 0, 25, 13, 25, 25, 8, 25]
y_coordinates = [83, 75, 96, 11, 85, 56, 90, 98, 82, 79, 74, 74, 58, 64, 95, 90, 83, 79, 91, 97, 63, 80]
x_dimensions = [5, 9, 5, 23, 4, 4, 4, 4, 3, 3, 3, 3, 3, 3, 10, 3, 3, 3, 3, 3, 3, 3]
y_dimensions = [13, 5, 6, 4, 13, 8, 5, 4, 4, 23, 21, 17, 16, 11, 3, 9, 8, 7, 6, 5, 4, 3]
minimum_height = 102
----------
x_coordinates = [23, 16, 20, 5, 16, 22, 21, 19, 7, 0, 13, 5, 10, 25, 10, 3, 6, 3, 25, 25, 25, 9]
y_coordinates = [77, 72, 90, 12, 82, 54, 96, 78, 97, 78, 74, 66, 72, 62, 95, 85, 89, 94, 95, 90, 73, 89]
x_dimensions = [5, 9, 5, 23, 4, 4, 4, 4, 3, 3, 3, 3, 3, 3, 10, 3, 3, 3, 3, 3, 3, 3]
y_dimensions = [13, 5, 6, 4, 13, 8, 5, 4, 4, 23, 21, 17, 16, 11, 3, 9, 8, 7, 6, 5, 4, 3]
minimum_height = 101
----------
x_coordinates = [23, 17, 18, 7, 15, 22, 19, 4, 1, 8, 11, 22, 12, 25, 14, 2, 15, 20, 25, 5, 24, 25]
y_coordinates = [77, 55, 91, 49, 76, 47, 86, 95, 95, 77, 79, 60, 63, 66, 97, 85, 89, 79, 90, 88, 43, 96]
x_dimensions = [5, 9, 5, 4, 4, 4, 4, 4, 3, 3, 3, 3, 3, 3, 10, 3, 3, 3, 3, 3, 3, 3]
y_dimensions = [13, 5, 6, 23, 13, 8, 5, 4, 4, 23, 21, 17, 16, 11, 3, 9, 8, 7, 6, 5, 4, 3]
minimum_height = 100
----------
x_coordinates = [13, 17, 20, 5, 18, 24, 10, 9, 3, 7, 22, 25, 10, 25, 18, 1, 14, 17, 25, 4, 24, 24]
y_coordinates = [78, 37, 93, 11, 76, 53, 93, 72, 95, 76, 65, 69, 77, 42, 89, 85, 91, 92, 92, 88, 61, 86]
x_dimensions = [5, 9, 5, 23, 4, 4, 4, 4, 3, 3, 3, 3, 3, 3, 10, 3, 3, 3, 3, 3, 3, 3]
y_dimensions = [13, 5, 6, 4, 13, 8, 5, 4, 4, 23, 21, 17, 16, 11, 3, 9, 8, 7, 6, 5, 4, 3]
minimum_height = 99
----------
x_coordinates = [15, 19, 23, 2, 21, 22, 10, 16, 14, 8, 25, 5, 11, 25, 25, 12, 20, 19, 14, 14, 25, 25]
y_coordinates = [78, 34, 92, 30, 76, 50, 93, 91, 69, 70, 58, 77, 65, 39, 82, 81, 89, 69, 95, 73, 30, 79]
x_dimensions = [5, 9, 5, 23, 4, 4, 4, 4, 3, 3, 3, 3, 3, 3, 3, 3, 3, 3, 6, 3, 3, 3]
y_dimensions = [13, 5, 6, 4, 13, 8, 5, 4, 4, 23, 21, 17, 16, 11, 10, 9, 8, 7, 3, 5, 4, 3]
minimum_height = 98
----------
x_coordinates = [17, 16, 23, 5, 24, 23, 14, 10, 25, 22, 17, 25, 4, 2, 25, 8, 23, 21, 18, 14, 18, 25]
y_coordinates = [79, 53, 30, 47, 84, 19, 92, 91, 80, 61, 58, 53, 78, 50, 70, 83, 39, 36, 94, 78, 38, 27]
x_dimensions = [5, 9, 5, 23, 4, 4, 4, 4, 3, 3, 3, 3, 3, 3, 3, 9, 3, 7, 6, 3, 3, 3]
y_dimensions = [13, 5, 6, 4, 13, 8, 5, 4, 4, 23, 21, 17, 16, 11, 10, 3, 8, 3, 3, 5, 4, 3]
minimum_height = 97
----------
x_coordinates = [17, 11, 23, 2, 20, 20, 20, 20, 24, 23, 14, 24, 25, 9, 22, 16, 19, 22, 24, 25, 25, 25]
y_coordinates = [83, 35, 57, 43, 30, 13, 25, 21, 33, 63, 75, 3, 37, 40, 86, 47, 56, 50, 20, 91, 53, 88]
x_dimensions = [5, 9, 5, 23, 4, 4, 4, 4, 3, 3, 3, 3, 3, 11, 3, 9, 3, 3, 3, 3, 3, 3]
y_dimensions = [13, 5, 6, 4, 13, 8, 5, 4, 4, 23, 21, 17, 16, 3, 10, 3, 8, 7, 6, 5, 4, 3]
minimum_height = 96
----------
x_coordinates = [23, 16, 19, 13, 24, 22, 21, 19, 10, 23, 4, 25, 1, 7, 20, 15, 7, 16, 25, 23, 18, 13]
y_coordinates = [81, 37, 74, 46, 68, 37, 25, 91, 67, 45, 67, 9, 67, 57, 80, 70, 68, 75, 26, 32, 66, 80]
x_dimensions = [5, 5, 5, 4, 4, 4, 4, 4, 3, 3, 3, 3, 3, 3, 3, 9, 3, 3, 3, 3, 3, 3]
y_dimensions = [13, 9, 6, 23, 13, 8, 5, 4, 4, 23, 21, 17, 16, 11, 10, 3, 8, 7, 6, 5, 4, 3]
minimum_height = 95
----------
x_coordinates = [23, 8, 1, 13, 16, 16, 3, 6, 4, 7, 25, 25, 20, 13, 20, 7, 10, 13, 25, 19, 12, 25]
y_coordinates = [81, 55, 88, 46, 80, 72, 77, 90, 84, 64, 57, 34, 68, 75, 84, 87, 68, 69, 51, 63, 90, 78]
x_dimensions = [5, 5, 5, 4, 4, 4, 4, 4, 3, 3, 3, 3, 3, 3, 3, 9, 3, 7, 3, 3, 3, 3]
y_dimensions = [13, 9, 6, 23, 13, 8, 5, 4, 4, 23, 21, 17, 16, 11, 10, 3, 8, 3, 6, 5, 4, 3]
minimum_height = 94
----------
x_coordinates = [0, 0, 23, 5, 19, 19, 9, 12, 13, 16, 6, 25, 22, 25, 13, 16, 9, 3, 25, 18, 0, 22]
y_coordinates = [86, 48, 74, 45, 66, 79, 81, 72, 89, 67, 65, 51, 50, 80, 78, 90, 73, 78, 68, 61, 78, 87]
x_dimensions = [13, 5, 5, 23, 4, 4, 4, 4, 3, 3, 3, 3, 3, 3, 3, 9, 3, 3, 3, 3, 3, 3]
y_dimensions = [5, 9, 6, 4, 13, 8, 5, 4, 4, 23, 21, 17, 16, 11, 10, 3, 8, 7, 6, 5, 4, 3]
minimum_height = 93
----------
x_coordinates = [4, 16, 20, 5, 21, 20, 0, 16, 1, 17, 11, 25, 25, 14, 25, 19, 20, 24, 25, 23, 22, 23]
y_coordinates = [87, 57, 78, 45, 53, 84, 83, 32, 88, 69, 65, 17, 50, 76, 75, 66, 70, 85, 34, 40, 49, 72]
x_dimensions = [13, 5, 5, 23, 4, 4, 4, 4, 3, 3, 3, 3, 3, 3, 3, 9, 3, 3, 3, 3, 3, 3]
y_dimensions = [5, 9, 6, 4, 13, 8, 5, 4, 4, 23, 21, 17, 16, 11, 10, 3, 8, 7, 6, 5, 4, 3]
minimum_height = 92
----------
x_coordinates = [1, 15, 3, 2, 24, 20, 24, 13, 14, 17, 23, 25, 21, 0, 25, 8, 14, 24, 25, 11, 18, 8]
y_coordinates = [86, 54, 78, 44, 56, 83, 86, 72, 87, 68, 12, 33, 67, 75, 76, 76, 79, 69, 50, 81, 64, 82]
x_dimensions = [13, 9, 5, 23, 4, 4, 4, 4, 3, 3, 3, 3, 3, 3, 3, 9, 3, 3, 3, 3, 3, 3]
y_dimensions = [5, 5, 6, 4, 13, 8, 5, 4, 4, 23, 21, 17, 16, 11, 10, 3, 8, 7, 6, 5, 4, 3]
minimum_height = 91
----------
x_coordinates = [0, 17, 18, 8, 17, 20, 13, 12, 18, 22, 25, 25, 21, 23, 17, 18, 19, 22, 25, 16, 20, 18]
y_coordinates = [82, 43, 25, 44, 64, 86, 82, 60, 52, 40, 62, 9, 70, 26, 80, 37, 56, 63, 55, 59, 33, 77]
x_dimensions = [13, 5, 5, 4, 4, 8, 4, 4, 3, 3, 3, 3, 3, 3, 3, 9, 3, 3, 3, 3, 3, 3]
y_dimensions = [5, 9, 6, 23, 13, 4, 5, 4, 4, 23, 21, 17, 16, 11, 10, 3, 8, 7, 6, 5, 4, 3]
minimum_height = 90
----------
x_coordinates = [0, 16, 23, 2, 19, 20, 16, 12, 22, 25, 19, 25, 22, 24, 13, 14, 25, 25, 25, 16, 25, 12]
y_coordinates = [83, 58, 37, 43, 27, 85, 84, 65, 64, 43, 63, 1, 68, 19, 79, 40, 77, 70, 31, 78, 66, 76]
x_dimensions = [13, 9, 5, 23, 4, 8, 4, 4, 3, 3, 3, 3, 3, 3, 3, 9, 3, 3, 3, 3, 3, 3]
y_dimensions = [5, 5, 6, 4, 13, 4, 5, 4, 4, 23, 21, 17, 16, 11, 10, 3, 8, 7, 6, 5, 4, 3]
minimum_height = 89
----------
x_coordinates = [1, 0, 17, 9, 21, 20, 13, 21, 22, 25, 14, 25, 25, 22, 17, 16, 20, 18, 25, 17, 18, 15]
y_coordinates = [83, 44, 46, 43, 59, 84, 42, 80, 55, 45, 67, 15, 68, 41, 78, 52, 72, 65, 39, 73, 61, 64]
x_dimensions = [13, 9, 5, 4, 4, 8, 5, 4, 3, 3, 3, 3, 3, 3, 3, 9, 3, 3, 3, 3, 3, 3]
y_dimensions = [5, 5, 6, 23, 13, 4, 4, 4, 4, 23, 21, 17, 16, 11, 10, 3, 8, 7, 6, 5, 4, 3]
minimum_height = 88
----------
x_coordinates = [12, 15, 16, 5, 23, 21, 24, 8, 25, 24, 20, 17, 23, 25, 15, 12, 22, 25, 19, 16, 21, 19]
y_coordinates = [82, 56, 68, 42, 24, 0, 37, 81, 4, 46, 21, 22, 8, 76, 79, 7, 71, 69, 61, 74, 67, 75]
x_dimensions = [13, 9, 5, 23, 4, 4, 4, 4, 3, 3, 3, 3, 3, 3, 10, 9, 3, 3, 3, 3, 3, 3]
y_dimensions = [5, 5, 6, 4, 13, 8, 5, 4, 4, 23, 21, 17, 16, 11, 3, 3, 8, 7, 6, 5, 4, 3]
minimum_height = 87
----------
x_coordinates = [9, 15, 18, 5, 3, 21, 14, 3, 25, 25, 0, 22, 7, 10, 4, 10, 13, 19, 25, 25, 16, 18]
y_coordinates = [62, 55, 49, 42, 70, 77, 81, 66, 80, 46, 65, 60, 67, 78, 83, 75, 67, 70, 69, 75, 68, 81]
x_dimensions = [13, 9, 5, 23, 4, 4, 4, 4, 3, 3, 3, 3, 3, 11, 10, 9, 3, 3, 3, 3, 3, 3]
y_dimensions = [5, 5, 6, 4, 13, 8, 5, 4, 4, 23, 21, 17, 16, 3, 3, 3, 8, 7, 6, 5, 4, 3]
minimum_height = 86
----------
x_coordinates = [15, 18, 19, 0, 4, 24, 20, 11, 25, 18, 25, 23, 1, 8, 10, 15, 9, 12, 25, 25, 6, 14]
y_coordinates = [42, 37, 74, 11, 72, 73, 80, 46, 81, 48, 52, 14, 69, 79, 82, 71, 70, 69, 31, 47, 68, 76]
x_dimensions = [13, 9, 5, 23, 4, 4, 4, 4, 3, 3, 3, 3, 3, 11, 10, 9, 3, 3, 3, 3, 3, 3]
y_dimensions = [5, 5, 6, 4, 13, 8, 5, 4, 4, 23, 21, 17, 16, 3, 3, 3, 8, 7, 6, 5, 4, 3]
minimum_height = 85
----------
x_coordinates = [17, 16, 22, 0, 4, 24, 18, 13, 15, 25, 9, 23, 1, 4, 8, 12, 13, 21, 25, 17, 22, 18]
y_coordinates = [53, 66, 79, 41, 68, 71, 78, 60, 80, 48, 56, 31, 68, 81, 77, 72, 64, 71, 25, 47, 62, 75]
x_dimensions = [5, 9, 6, 23, 4, 4, 4, 4, 3, 3, 3, 3, 3, 11, 10, 9, 3, 3, 3, 3, 3, 3]
y_dimensions = [13, 5, 5, 4, 13, 8, 5, 4, 4, 23, 21, 17, 16, 3, 3, 3, 8, 7, 6, 5, 4, 3]
minimum_height = 84
----------
x_coordinates = [23, 19, 23, 3, 18, 5, 21, 12, 6, 9, 16, 2, 20, 10, 15, 0, 18, 13, 25, 25, 15, 25]
y_coordinates = [55, 68, 73, 23, 36, 72, 79, 65, 80, 50, 57, 66, 52, 78, 49, 63, 33, 71, 27, 46, 35, 51]
x_dimensions = [5, 9, 5, 23, 4, 4, 5, 4, 4, 3, 3, 3, 3, 11, 10, 9, 8, 3, 3, 3, 3, 3]
y_dimensions = [13, 5, 6, 4, 13, 8, 4, 4, 3, 23, 21, 17, 16, 3, 3, 3, 3, 7, 6, 5, 4, 3]
minimum_height = 83
----------
x_coordinates = [8, 19, 23, 5, 18, 9, 20, 21, 25, 6, 16, 3, 13, 12, 9, 19, 15, 25, 25, 25, 22, 12]
y_coordinates = [46, 69, 39, 35, 47, 73, 60, 78, 45, 59, 61, 58, 63, 43, 59, 66, 53, 74, 53, 59, 74, 59]
x_dimensions = [5, 9, 5, 23, 4, 4, 5, 4, 3, 3, 3, 3, 3, 11, 3, 9, 3, 3, 3, 3, 3, 3]
y_dimensions = [13, 5, 6, 4, 13, 8, 4, 4, 4, 23, 21, 17, 16, 3, 10, 3, 8, 7, 6, 5, 4, 3]
minimum_height = 82
----------
x_coordinates = [17, 9, 23, 5, 21, 10, 23, 21, 25, 18, 6, 11, 3, 12, 12, 9, 15, 25, 25, 25, 22, 22]
y_coordinates = [41, 72, 34, 11, 60, 77, 40, 73, 30, 58, 59, 54, 65, 38, 59, 69, 59, 68, 75, 59, 77, 57]
x_dimensions = [5, 9, 5, 23, 4, 8, 5, 4, 3, 3, 3, 17, 3, 11, 3, 9, 3, 3, 3, 3, 3, 3]
y_dimensions = [13, 5, 6, 4, 13, 4, 4, 4, 4, 23, 21, 3, 16, 3, 10, 3, 8, 7, 6, 5, 4, 3]
minimum_height = 81
----------
x_coordinates = [23, 18, 23, 5, 19, 15, 23, 14, 25, 19, 0, 3, 16, 17, 13, 7, 20, 19, 17, 25, 17, 22]
y_coordinates = [66, 44, 28, 5, 49, 27, 57, 48, 34, 12, 59, 70, 54, 41, 57, 67, 65, 73, 35, 61, 9, 62]
x_dimensions = [5, 9, 5, 23, 4, 4, 5, 4, 3, 3, 3, 17, 3, 11, 3, 9, 3, 3, 3, 3, 4, 3]
y_dimensions = [13, 5, 6, 4, 13, 8, 4, 4, 4, 23, 21, 3, 16, 3, 10, 3, 8, 7, 6, 5, 3, 3]
minimum_height = 80
----------
x_coordinates = [23, 23, 23, 0, 22, 15, 14, 22, 18, 22, 3, 6, 19, 12, 8, 18, 21, 0, 19, 18, 19, 11]
y_coordinates = [66, 40, 34, 35, 53, 75, 65, 49, 25, 3, 58, 72, 56, 39, 62, 0, 26, 71, 48, 30, 45, 65]
x_dimensions = [5, 5, 5, 23, 4, 8, 5, 4, 3, 3, 3, 17, 3, 11, 3, 9, 3, 3, 3, 3, 4, 3]
y_dimensions = [13, 9, 6, 4, 13, 4, 4, 4, 4, 23, 21, 3, 16, 3, 10, 3, 8, 7, 6, 5, 3, 3]
minimum_height = 79
----------
x_coordinates = [23, 23, 23, 5, 19, 16, 12, 16, 16, 18, 22, 2, 20, 11, 6, 10, 21, 9, 17, 16, 17, 6]
y_coordinates = [55, 69, 10, 5, 49, 16, 74, 70, 9, 22, 20, 48, 62, 13, 61, 61, 41, 69, 64, 45, 74, 73]
x_dimensions = [5, 5, 5, 23, 4, 8, 5, 4, 3, 3, 3, 17, 3, 11, 3, 9, 3, 3, 3, 5, 3, 3]
y_dimensions = [13, 9, 6, 4, 13, 4, 4, 4, 4, 23, 21, 3, 16, 3, 10, 3, 8, 7, 6, 3, 4, 3]
minimum_height = 78
----------
x_coordinates = [17, 13, 23, 0, 23, 16, 20, 21, 13, 24, 21, 0, 18, 16, 12, 19, 25, 10, 24, 22, 23, 25]
y_coordinates = [48, 68, 10, 11, 60, 41, 6, 73, 44, 19, 20, 60, 61, 16, 49, 3, 42, 70, 50, 45, 56, 74]
x_dimensions = [5, 5, 5, 23, 4, 8, 5, 4, 3, 3, 3, 17, 3, 11, 3, 9, 3, 3, 3, 3, 3, 3]
y_dimensions = [13, 9, 6, 4, 13, 4, 4, 4, 4, 23, 21, 3, 16, 3, 10, 3, 8, 7, 6, 5, 4, 3]
minimum_height = 77
----------
x_coordinates = [2, 18, 20, 5, 20, 16, 19, 24, 24, 25, 8, 3, 4, 8, 0, 11, 23, 10, 23, 22, 23, 17]
y_coordinates = [51, 34, 57, 11, 63, 48, 44, 72, 45, 49, 46, 67, 70, 43, 64, 62, 3, 73, 34, 52, 40, 73]
x_dimensions = [5, 5, 5, 23, 4, 8, 5, 4, 3, 3, 3, 17, 16, 11, 3, 9, 3, 7, 3, 3, 3, 3]
y_dimensions = [13, 9, 6, 4, 13, 4, 4, 4, 4, 23, 21, 3, 3, 3, 10, 3, 8, 3, 6, 5, 4, 3]
minimum_height = 76
----------
x_coordinates = [1, 12, 3, 5, 24, 20, 19, 15, 4, 7, 17, 7, 8, 16, 14, 19, 23, 8, 18, 6, 18, 18]
y_coordinates = [56, 53, 69, 24, 59, 55, 68, 71, 52, 34, 41, 65, 62, 21, 40, 72, 47, 71, 28, 57, 34, 38]
x_dimensions = [5, 5, 5, 23, 4, 8, 5, 4, 3, 3, 3, 17, 16, 11, 3, 9, 3, 7, 3, 3, 3, 3]
y_dimensions = [13, 9, 6, 4, 13, 4, 4, 4, 4, 23, 21, 3, 3, 3, 10, 3, 8, 3, 6, 5, 4, 3]
minimum_height = 75
----------
x_coordinates = [8, 12, 22, 3, 24, 20, 23, 3, 2, 5, 13, 11, 8, 12, 0, 19, 2, 7, 6, 16, 23, 21]
y_coordinates = [53, 32, 48, 11, 61, 54, 44, 70, 52, 47, 47, 41, 68, 44, 64, 58, 56, 71, 40, 55, 37, 71]
x_dimensions = [5, 5, 5, 23, 4, 8, 5, 4, 3, 3, 3, 17, 16, 11, 3, 9, 3, 7, 3, 3, 3, 3]
y_dimensions = [13, 9, 6, 4, 13, 4, 4, 4, 4, 23, 21, 3, 3, 3, 10, 3, 8, 3, 6, 5, 4, 3]
minimum_height = 74
----------
x_coordinates = [17, 19, 0, 4, 22, 24, 23, 24, 7, 17, 20, 8, 5, 4, 20, 21, 18, 24, 25, 15, 25, 22]
y_coordinates = [15, 6, 58, 5, 18, 61, 57, 69, 58, 36, 41, 3, 62, 55, 31, 63, 65, 7, 1, 59, 14, 15]
x_dimensions = [5, 5, 5, 4, 4, 4, 5, 4, 3, 3, 3, 17, 16, 11, 3, 3, 3, 3, 3, 5, 3, 3]
y_dimensions = [13, 9, 6, 23, 13, 8, 4, 4, 4, 23, 21, 3, 3, 3, 10, 9, 8, 7, 6, 3, 4, 3]
minimum_height = 73
----------
x_coordinates = [20, 20, 12, 5, 24, 17, 20, 21, 6, 11, 21, 10, 12, 12, 25, 0, 9, 25, 18, 22, 23, 25]
y_coordinates = [5, 36, 60, 32, 53, 58, 24, 28, 68, 37, 45, 2, 66, 21, 43, 65, 64, 22, 52, 69, 18, 29]
x_dimensions = [5, 5, 5, 23, 4, 4, 5, 4, 3, 3, 3, 17, 16, 11, 3, 9, 3, 3, 3, 5, 3, 3]
y_dimensions = [13, 9, 6, 4, 13, 8, 4, 4, 4, 23, 21, 3, 3, 3, 10, 3, 8, 7, 6, 3, 4, 3]
minimum_height = 72
----------
x_coordinates = [4, 20, 3, 9, 17, 23, 20, 21, 7, 25, 24, 11, 21, 16, 19, 16, 1, 19, 18, 23, 18, 17]
y_coordinates = [66, 30, 46, 33, 55, 39, 21, 26, 62, 16, 50, 5, 52, 2, 11, 47, 63, 8, 68, 13, 25, 29]
x_dimensions = [13, 5, 5, 4, 4, 4, 5, 4, 3, 3, 3, 17, 3, 11, 3, 9, 3, 7, 6, 5, 3, 3]
y_dimensions = [5, 9, 6, 23, 13, 8, 4, 4, 4, 23, 21, 3, 16, 3, 10, 3, 8, 3, 3, 3, 4, 3]
minimum_height = 71
----------
x_coordinates = [15, 16, 6, 9, 11, 21, 20, 23, 8, 24, 13, 25, 21, 14, 22, 19, 3, 25, 25, 23, 21, 18]
y_coordinates = [62, 36, 60, 32, 57, 31, 27, 1, 56, 39, 36, 9, 46, 24, 14, 67, 66, 26, 33, 6, 42, 45]
x_dimensions = [13, 5, 5, 4, 4, 4, 5, 4, 3, 3, 3, 3, 3, 11, 3, 9, 8, 3, 3, 5, 3, 3]
y_dimensions = [5, 9, 6, 23, 13, 8, 4, 4, 4, 23, 21, 17, 16, 3, 10, 3, 3, 7, 6, 3, 4, 3]
minimum_height = 70
----------
x_coordinates = [0, 16, 8, 1, 18, 21, 20, 24, 5, 25, 13, 9, 22, 15, 9, 4, 11, 12, 25, 23, 5, 19]
y_coordinates = [61, 44, 51, 33, 56, 44, 40, 36, 55, 40, 48, 24, 52, 33, 41, 66, 21, 35, 63, 23, 50, 53]
x_dimensions = [13, 5, 5, 4, 4, 4, 5, 4, 3, 3, 3, 3, 3, 11, 3, 9, 8, 3, 3, 5, 3, 3]
y_dimensions = [5, 9, 6, 23, 13, 8, 4, 4, 4, 23, 21, 17, 16, 3, 10, 3, 3, 7, 6, 3, 4, 3]
minimum_height = 69
----------
x_coordinates = [12, 23, 8, 8, 14, 18, 22, 22, 3, 6, 3, 10, 0, 9, 13, 17, 20, 11, 25, 17, 3, 20]
y_coordinates = [48, 53, 36, 13, 55, 60, 62, 40, 64, 45, 35, 44, 52, 50, 34, 34, 37, 61, 47, 41, 59, 57]
x_dimensions = [13, 5, 5, 4, 4, 4, 5, 4, 3, 3, 3, 17, 3, 3, 3, 9, 8, 3, 3, 5, 3, 3]
y_dimensions = [5, 9, 6, 23, 13, 8, 4, 4, 4, 23, 21, 3, 16, 11, 10, 3, 3, 7, 6, 3, 4, 3]
minimum_height = 68
----------
x_coordinates = [15, 23, 7, 12, 0, 24, 19, 23, 23, 1, 19, 10, 16, 22, 20, 19, 18, 18, 25, 21, 13, 23]
y_coordinates = [14, 47, 54, 32, 60, 59, 60, 25, 32, 64, 39, 11, 48, 36, 19, 5, 8, 29, 41, 0, 58, 56]
x_dimensions = [13, 5, 5, 4, 13, 4, 5, 4, 3, 23, 3, 17, 3, 3, 3, 9, 8, 7, 3, 5, 3, 3]
y_dimensions = [5, 9, 6, 23, 4, 8, 4, 4, 4, 3, 21, 3, 16, 11, 10, 3, 3, 3, 6, 3, 4, 3]
minimum_height = 67
----------
x_coordinates = [6, 23, 5, 3, 15, 24, 19, 23, 12, 1, 7, 11, 3, 23, 0, 20, 0, 23, 25, 20, 12, 23]
y_coordinates = [48, 49, 16, 22, 50, 58, 58, 29, 55, 63, 43, 46, 45, 10, 42, 49, 55, 36, 21, 21, 59, 33]
x_dimensions = [5, 5, 5, 4, 4, 4, 5, 4, 3, 23, 21, 17, 3, 3, 3, 3, 3, 3, 3, 5, 3, 3]
y_dimensions = [13, 9, 6, 23, 13, 8, 4, 4, 4, 3, 3, 3, 16, 11, 10, 9, 8, 7, 6, 3, 4, 3]
minimum_height = 66
----------
x_coordinates = [15, 4, 19, 8, 24, 0, 4, 24, 20, 3, 11, 11, 12, 22, 9, 19, 0, 16, 25, 3, 20, 3]
y_coordinates = [49, 51, 43, 28, 48, 57, 60, 44, 59, 25, 4, 62, 46, 29, 52, 40, 42, 42, 34, 45, 56, 48]
x_dimensions = [5, 5, 5, 4, 4, 4, 5, 4, 4, 23, 3, 17, 3, 3, 3, 9, 3, 3, 3, 5, 4, 3]
y_dimensions = [13, 9, 6, 23, 13, 8, 4, 4, 3, 3, 21, 3, 16, 11, 10, 3, 8, 7, 6, 3, 3, 3]
minimum_height = 65
----------
x_coordinates = [16, 11, 22, 11, 24, 15, 23, 23, 21, 19, 25, 8, 8, 22, 5, 7, 0, 24, 24, 18, 21, 15]
y_coordinates = [50, 52, 45, 29, 51, 16, 13, 9, 60, 27, 17, 24, 44, 27, 44, 61, 58, 38, 3, 12, 56, 47]
x_dimensions = [5, 5, 5, 4, 4, 4, 5, 4, 3, 3, 3, 17, 3, 3, 3, 9, 8, 3, 3, 5, 3, 3]
y_dimensions = [13, 9, 6, 23, 13, 8, 4, 4, 4, 23, 21, 3, 16, 11, 10, 3, 3, 7, 6, 3, 4, 3]
minimum_height = 64
----------
x_coordinates = [0, 11, 23, 10, 24, 20, 23, 23, 20, 20, 15, 11, 5, 22, 4, 8, 16, 24, 25, 20, 20, 21]
y_coordinates = [50, 54, 44, 28, 50, 24, 40, 36, 60, 28, 27, 21, 51, 10, 39, 54, 54, 29, 15, 6, 57, 51]
x_dimensions = [5, 5, 5, 4, 4, 8, 5, 4, 4, 3, 3, 17, 16, 3, 3, 3, 8, 3, 3, 5, 4, 3]
y_dimensions = [13, 9, 6, 23, 13, 4, 4, 4, 3, 23, 21, 3, 3, 11, 10, 9, 3, 7, 6, 3, 3, 3]
minimum_height = 63
----------
x_coordinates = [17, 12, 23, 13, 8, 20, 17, 23, 10, 22, 17, 0, 25, 24, 5, 13, 16, 25, 23, 19, 22, 25]
y_coordinates = [49, 53, 52, 28, 48, 25, 45, 10, 20, 29, 24, 24, 36, 14, 50, 15, 18, 29, 0, 21, 58, 59]
x_dimensions = [5, 5, 5, 4, 4, 8, 5, 4, 3, 3, 3, 17, 3, 3, 3, 3, 8, 3, 3, 5, 3, 3]
y_dimensions = [13, 9, 6, 23, 13, 4, 4, 4, 4, 23, 21, 3, 16, 11, 10, 9, 3, 7, 6, 3, 4, 3]
minimum_height = 62
----------
x_coordinates = [23, 14, 21, 13, 10, 4, 0, 24, 12, 22, 18, 5, 6, 24, 7, 15, 18, 25, 25, 7, 25, 19]
y_coordinates = [25, 52, 15, 14, 48, 29, 37, 21, 10, 38, 16, 40, 37, 1, 51, 5, 12, 39, 51, 26, 57, 58]
x_dimensions = [5, 5, 5, 4, 4, 4, 5, 4, 3, 3, 3, 17, 16, 3, 3, 3, 8, 3, 3, 5, 3, 3]
y_dimensions = [13, 9, 6, 23, 13, 8, 4, 4, 4, 23, 21, 3, 3, 11, 10, 9, 3, 7, 6, 3, 4, 3]
minimum_height = 61
----------
x_coordinates = [23, 11, 20, 13, 16, 21, 23, 20, 15, 25, 10, 8, 7, 24, 6, 16, 19, 4, 17, 17, 25, 13]
y_coordinates = [20, 0, 54, 9, 47, 40, 16, 12, 43, 33, 39, 36, 32, 5, 50, 0, 2, 34, 15, 29, 56, 55]
x_dimensions = [5, 5, 5, 4, 4, 4, 5, 4, 3, 3, 3, 17, 16, 3, 3, 3, 8, 3, 3, 5, 3, 3]
y_dimensions = [13, 9, 6, 23, 13, 8, 4, 4, 4, 23, 21, 3, 3, 11, 10, 9, 3, 7, 6, 3, 4, 3]
minimum_height = 60
----------
x_coordinates = [22, 9, 5, 13, 10, 19, 22, 22, 13, 23, 18, 2, 6, 25, 2, 14, 17, 9, 20, 20, 24, 21]
y_coordinates = [20, 0, 53, 9, 51, 43, 16, 1, 55, 33, 11, 41, 32, 5, 49, 0, 8, 44, 37, 5, 56, 56]
x_dimensions = [5, 5, 5, 4, 13, 4, 5, 4, 3, 3, 3, 17, 16, 3, 3, 3, 8, 3, 3, 5, 4, 3]
y_dimensions = [13, 9, 6, 23, 4, 8, 4, 4, 4, 23, 21, 3, 3, 11, 10, 9, 3, 7, 6, 3, 3, 3]
minimum_height = 59
----------
x_coordinates = [23, 11, 3, 13, 8, 21, 23, 22, 15, 25, 20, 6, 6, 17, 8, 16, 16, 22, 23, 23, 23, 21]
y_coordinates = [21, 43, 52, 10, 54, 47, 17, 0, 3, 35, 12, 7, 33, 13, 40, 41, 44, 34, 8, 14, 4, 55]
x_dimensions = [5, 5, 5, 4, 13, 4, 5, 4, 3, 3, 3, 17, 16, 3, 3, 9, 8, 3, 3, 5, 3, 3]
y_dimensions = [13, 9, 6, 23, 4, 8, 4, 4, 4, 23, 21, 3, 3, 11, 10, 3, 3, 7, 6, 3, 4, 3]
minimum_height = 58
----------
x_coordinates = [23, 12, 16, 3, 0, 21, 23, 22, 10, 25, 13, 6, 7, 16, 10, 19, 20, 24, 19, 22, 22, 22]
y_coordinates = [21, 13, 51, 12, 53, 46, 17, 0, 39, 34, 36, 36, 33, 40, 43, 11, 14, 4, 40, 41, 37, 54]
x_dimensions = [5, 5, 5, 4, 13, 4, 5, 4, 3, 3, 3, 3, 16, 3, 3, 9, 8, 3, 3, 3, 3, 3]
y_dimensions = [13, 9, 6, 23, 4, 8, 4, 4, 4, 23, 21, 17, 3, 11, 10, 3, 3, 7, 6, 5, 4, 3]
minimum_height = 57
----------
x_coordinates = [15, 10, 8, 13, 15, 7, 23, 22, 13, 24, 0, 16, 9, 3, 6, 1, 15, 25, 22, 0, 25, 21]
y_coordinates = [0, 4, 34, 22, 52, 51, 48, 8, 18, 12, 26, 5, 45, 44, 41, 12, 49, 41, 39, 47, 36, 34]
x_dimensions = [13, 5, 5, 4, 13, 8, 5, 4, 3, 3, 3, 3, 16, 3, 3, 9, 8, 3, 3, 3, 3, 3]
y_dimensions = [5, 9, 6, 23, 4, 4, 4, 4, 4, 23, 21, 17, 3, 11, 10, 3, 3, 7, 6, 5, 4, 3]
minimum_height = 56
----------
x_coordinates = [21, 19, 23, 13, 12, 14, 23, 19, 20, 10, 7, 25, 9, 11, 6, 0, 17, 24, 22, 9, 8, 21]
y_coordinates = [13, 26, 0, 12, 40, 51, 48, 5, 47, 9, 5, 31, 37, 44, 39, 30, 32, 6, 52, 32, 50, 10]
x_dimensions = [5, 9, 5, 4, 13, 8, 5, 4, 3, 3, 3, 3, 16, 3, 3, 9, 8, 3, 6, 3, 3, 3]
y_dimensions = [13, 5, 6, 23, 4, 4, 4, 4, 4, 23, 21, 17, 3, 11, 10, 3, 3, 7, 3, 5, 4, 3]
minimum_height = 55
----------
x_coordinates = [19, 20, 19, 13, 12, 6, 24, 23, 3, 10, 24, 17, 9, 25, 7, 1, 2, 25, 21, 16, 0, 14]
y_coordinates = [24, 44, 18, 26, 7, 50, 2, 14, 49, 27, 22, 37, 11, 43, 23, 42, 36, 7, 38, 21, 48, 49]
x_dimensions = [5, 5, 5, 4, 13, 8, 4, 4, 3, 3, 3, 3, 16, 3, 3, 9, 8, 3, 3, 3, 3, 3]
y_dimensions = [13, 9, 6, 23, 4, 4, 5, 4, 4, 23, 21, 17, 3, 11, 10, 3, 3, 7, 6, 5, 4, 3]
minimum_height = 54
----------
x_coordinates = [20, 23, 5, 13, 12, 1, 24, 6, 17, 17, 25, 0, 3, 9, 16, 1, 2, 10, 25, 25, 25, 25]
y_coordinates = [39, 10, 18, 22, 5, 46, 0, 36, 49, 22, 23, 50, 24, 46, 9, 43, 40, 39, 44, 5, 19, 50]
x_dimensions = [5, 5, 5, 4, 13, 8, 4, 4, 3, 3, 3, 17, 3, 11, 3, 9, 8, 3, 3, 3, 3, 3]
y_dimensions = [13, 9, 6, 23, 4, 4, 5, 4, 4, 23, 21, 3, 16, 3, 10, 3, 3, 7, 6, 5, 4, 3]
minimum_height = 53
----------
x_coordinates = [4, 23, 21, 13, 15, 7, 24, 24, 16, 17, 1, 5, 20, 11, 10, 2, 20, 25, 22, 25, 10, 20]
y_coordinates = [41, 33, 13, 18, 9, 12, 19, 29, 14, 23, 25, 49, 23, 46, 18, 46, 42, 45, 45, 24, 37, 39]
x_dimensions = [13, 5, 5, 4, 13, 8, 4, 4, 3, 3, 3, 17, 3, 11, 3, 9, 8, 3, 3, 3, 3, 3]
y_dimensions = [5, 9, 6, 23, 4, 4, 5, 4, 4, 23, 21, 3, 16, 3, 10, 3, 3, 7, 6, 5, 4, 3]
minimum_height = 52
----------
x_coordinates = [12, 3, 2, 13, 15, 20, 12, 2, 16, 8, 21, 11, 12, 15, 24, 6, 3, 0, 0, 10, 23, 25]
y_coordinates = [42, 34, 24, 8, 4, 0, 31, 30, 0, 25, 15, 39, 36, 47, 24, 48, 43, 34, 41, 20, 11, 44]
x_dimensions = [13, 5, 5, 4, 13, 8, 4, 4, 3, 3, 3, 17, 16, 11, 3, 9, 3, 3, 3, 3, 3, 3]
y_dimensions = [5, 9, 6, 23, 4, 4, 5, 4, 4, 23, 21, 3, 3, 3, 10, 3, 8, 7, 6, 5, 4, 3]
minimum_height = 51
----------
x_coordinates = [12, 5, 23, 13, 13, 7, 22, 24, 5, 0, 6, 11, 9, 14, 3, 5, 4, 9, 25, 20, 4, 3]
y_coordinates = [42, 10, 25, 8, 0, 4, 20, 38, 19, 27, 23, 34, 31, 47, 30, 47, 44, 37, 43, 26, 6, 41]
x_dimensions = [13, 5, 5, 4, 13, 8, 4, 4, 3, 3, 3, 17, 16, 11, 3, 9, 8, 3, 3, 3, 3, 3]
y_dimensions = [5, 9, 6, 23, 4, 4, 5, 4, 4, 23, 21, 3, 3, 3, 10, 3, 3, 7, 6, 5, 4, 3]
minimum_height = 50
----------
x_coordinates = [9, 9, 17, 13, 0, 4, 21, 14, 11, 25, 5, 8, 9, 17, 2, 16, 1, 2, 22, 18, 2, 22]
y_coordinates = [44, 31, 29, 0, 16, 12, 35, 36, 27, 23, 25, 40, 23, 19, 20, 26, 46, 39, 46, 35, 30, 43]
x_dimensions = [13, 5, 5, 4, 13, 8, 4, 4, 3, 3, 3, 17, 16, 11, 3, 9, 8, 3, 6, 3, 3, 3]
y_dimensions = [5, 9, 6, 23, 4, 4, 5, 4, 4, 23, 21, 3, 3, 3, 10, 3, 3, 7, 3, 5, 4, 3]
minimum_height = 49
----------
x_coordinates = [15, 7, 23, 3, 14, 20, 23, 24, 0, 12, 15, 11, 11, 14, 0, 3, 1, 0, 18, 21, 17, 9]
y_coordinates = [43, 31, 29, 18, 4, 25, 11, 39, 28, 25, 22, 19, 16, 8, 18, 41, 45, 38, 40, 35, 12, 44]
x_dimensions = [13, 5, 5, 4, 13, 8, 4, 4, 3, 3, 3, 17, 16, 11, 3, 9, 8, 3, 6, 3, 3, 3]
y_dimensions = [5, 9, 6, 23, 4, 4, 5, 4, 4, 23, 21, 3, 3, 3, 10, 3, 3, 7, 3, 5, 4, 3]
minimum_height = 48
----------
x_coordinates = [6, 5, 1, 13, 0, 17, 23, 5, 17, 18, 24, 5, 9, 12, 21, 6, 19, 15, 19, 21, 25, 25]
y_coordinates = [42, 17, 39, 12, 31, 10, 5, 35, 14, 18, 19, 4, 0, 7, 26, 39, 44, 35, 41, 36, 15, 40]
x_dimensions = [13, 5, 5, 4, 13, 8, 4, 4, 3, 3, 3, 17, 16, 11, 3, 9, 8, 3, 6, 3, 3, 3]
y_dimensions = [5, 9, 6, 23, 4, 4, 5, 4, 4, 23, 21, 3, 3, 3, 10, 3, 3, 7, 3, 5, 4, 3]
minimum_height = 47
----------
x_coordinates = [12, 0, 23, 13, 15, 5, 5, 21, 8, 25, 2, 9, 5, 6, 18, 14, 20, 24, 22, 22, 4, 21]
y_coordinates = [33, 6, 7, 10, 0, 27, 22, 26, 17, 16, 15, 21, 6, 35, 20, 7, 13, 39, 4, 20, 2, 38]
x_dimensions = [13, 5, 5, 4, 13, 4, 4, 4, 3, 3, 3, 3, 3, 3, 3, 9, 8, 3, 6, 3, 3, 3]
y_dimensions = [5, 9, 6, 23, 4, 8, 5, 4, 4, 23, 21, 17, 16, 11, 10, 3, 3, 7, 3, 5, 4, 3]
minimum_height = 46
----------
x_coordinates = [15, 5, 18, 13, 0, 7, 14, 24, 7, 23, 3, 0, 9, 6, 20, 13, 16, 25, 22, 22, 5, 20]
y_coordinates = [32, 15, 8, 7, 11, 30, 40, 5, 26, 9, 24, 28, 37, 34, 19, 1, 4, 38, 1, 40, 3, 29]
x_dimensions = [13, 5, 5, 4, 13, 8, 4, 4, 3, 3, 3, 3, 16, 3, 3, 9, 8, 3, 6, 3, 3, 3]
y_dimensions = [5, 9, 6, 23, 4, 4, 5, 4, 4, 23, 21, 17, 3, 11, 10, 3, 3, 7, 3, 5, 4, 3]
minimum_height = 45
----------
x_coordinates = [15, 4, 20, 0, 1, 16, 9, 21, 22, 25, 14, 17, 13, 16, 7, 10, 6, 8, 24, 22, 11, 21]
y_coordinates = [39, 31, 13, 13, 7, 32, 31, 24, 28, 12, 2, 15, 23, 36, 18, 22, 11, 41, 6, 19, 18, 10]
x_dimensions = [13, 5, 5, 4, 13, 8, 4, 4, 3, 3, 3, 3, 3, 11, 3, 3, 8, 7, 3, 3, 3, 3]
y_dimensions = [5, 9, 6, 23, 4, 4, 5, 4, 4, 23, 21, 17, 16, 3, 10, 9, 3, 3, 6, 5, 4, 3]
minimum_height = 44
----------
x_coordinates = [15, 17, 2, 10, 9, 17, 10, 4, 21, 7, 22, 25, 14, 17, 4, 19, 2, 8, 25, 19, 24, 1]
y_coordinates = [38, 19, 17, 11, 7, 31, 34, 39, 28, 16, 7, 18, 22, 35, 29, 4, 13, 40, 12, 14, 0, 38]
x_dimensions = [13, 5, 5, 4, 13, 8, 4, 4, 4, 3, 3, 3, 3, 11, 3, 9, 8, 7, 3, 3, 3, 3]
y_dimensions = [5, 9, 6, 23, 4, 4, 5, 4, 3, 23, 21, 17, 16, 3, 10, 3, 3, 3, 6, 5, 4, 3]
minimum_height = 43
----------
x_coordinates = [3, 10, 2, 3, 6, 17, 10, 13, 22, 7, 20, 24, 25, 14, 15, 19, 12, 0, 22, 24, 18, 16]
y_coordinates = [37, 28, 8, 14, 4, 35, 21, 9, 31, 12, 1, 5, 23, 22, 25, 39, 13, 34, 25, 0, 30, 39]
x_dimensions = [13, 5, 5, 4, 13, 8, 4, 4, 3, 3, 3, 3, 3, 11, 3, 9, 8, 3, 3, 3, 3, 3]
y_dimensions = [5, 9, 6, 23, 4, 4, 5, 4, 4, 23, 21, 17, 16, 3, 10, 3, 3, 7, 6, 5, 4, 3]
minimum_height = 42
----------
x_coordinates = [4, 5, 14, 13, 6, 20, 6, 5, 23, 10, 19, 22, 17, 17, 3, 24, 6, 1, 25, 21, 20, 3]
y_coordinates = [36, 27, 7, 13, 3, 37, 20, 16, 33, 12, 0, 4, 24, 21, 6, 24, 9, 31, 11, 27, 32, 3]
x_dimensions = [13, 5, 5, 4, 13, 8, 4, 4, 3, 3, 3, 3, 3, 11, 3, 3, 8, 3, 3, 3, 3, 3]
y_dimensions = [5, 9, 6, 23, 4, 4, 5, 4, 4, 23, 21, 17, 16, 3, 10, 9, 3, 7, 6, 5, 4, 3]
minimum_height = 41
----------
x_coordinates = [6, 4, 17, 12, 2, 20, 8, 5, 22, 25, 19, 22, 4, 1, 25, 22, 19, 15, 16, 16, 11, 9]
y_coordinates = [1, 13, 22, 14, 6, 36, 29, 22, 12, 0, 1, 16, 37, 34, 23, 3, 33, 7, 31, 15, 10, 21]
x_dimensions = [13, 5, 5, 4, 13, 8, 4, 4, 3, 3, 3, 3, 16, 11, 3, 3, 8, 3, 3, 3, 3, 3]
y_dimensions = [5, 9, 6, 23, 4, 4, 5, 4, 4, 23, 21, 17, 3, 3, 10, 9, 3, 7, 6, 5, 4, 3]
minimum_height = 40
----------
x_coordinates = [5, 8, 12, 13, 0, 21, 1, 8, 25, 19, 22, 25, 9, 1, 18, 25, 20, 6, 8, 25, 10, 17]
y_coordinates = [27, 0, 33, 0, 15, 26, 31, 32, 6, 0, 2, 19, 23, 36, 26, 10, 36, 20, 9, 1, 19, 36]
x_dimensions = [13, 5, 5, 4, 13, 4, 4, 4, 3, 3, 3, 3, 16, 11, 3, 3, 8, 3, 3, 3, 3, 3]
y_dimensions = [5, 9, 6, 23, 4, 8, 5, 4, 4, 23, 21, 17, 3, 3, 10, 9, 3, 7, 6, 5, 4, 3]
minimum_height = 39
----------
x_coordinates = [8, 17, 22, 13, 0, 24, 9, 17, 2, 22, 25, 5, 1, 2, 21, 8, 14, 14, 2, 9, 11, 19]
y_coordinates = [29, 10, 23, 0, 11, 30, 3, 34, 27, 0, 2, 18, 35, 8, 28, 20, 23, 26, 21, 15, 25, 19]
x_dimensions = [13, 5, 6, 4, 13, 4, 4, 4, 3, 3, 3, 3, 16, 11, 3, 3, 8, 7, 3, 3, 3, 3]
y_dimensions = [5, 9, 5, 23, 4, 8, 5, 4, 4, 23, 21, 17, 3, 3, 10, 9, 3, 3, 6, 5, 4, 3]
minimum_height = 38
----------
x_coordinates = [6, 17, 19, 13, 0, 0, 6, 8, 25, 22, 25, 10, 1, 2, 25, 7, 17, 12, 3, 4, 22, 19]
y_coordinates = [28, 10, 32, 1, 18, 33, 4, 33, 2, 0, 6, 1, 25, 22, 27, 9, 23, 34, 5, 13, 26, 20]
x_dimensions = [13, 5, 6, 4, 13, 8, 4, 4, 3, 3, 3, 3, 16, 11, 3, 3, 8, 7, 3, 3, 3, 3]
y_dimensions = [5, 9, 5, 23, 4, 4, 5, 4, 4, 23, 21, 17, 3, 3, 10, 9, 3, 3, 6, 5, 4, 3]
minimum_height = 37
----------
x_coordinates = [8, 1, 22, 13, 0, 0, 6, 16, 25, 25, 19, 10, 0, 1, 22, 7, 20, 15, 4, 22, 21, 22]
y_coordinates = [28, 3, 31, 1, 18, 32, 4, 24, 27, 0, 2, 1, 25, 22, 7, 9, 23, 33, 12, 17, 27, 4]
x_dimensions = [13, 5, 6, 4, 13, 8, 4, 4, 3, 3, 3, 3, 16, 11, 3, 3, 8, 7, 3, 3, 3, 3]
y_dimensions = [5, 9, 5, 23, 4, 4, 5, 4, 4, 23, 21, 17, 3, 3, 10, 9, 3, 3, 6, 5, 4, 3]
minimum_height = 36
----------
x_coordinates = [15, 5, 19, 13, 18, 6, 9, 18, 7, 25, 1, 10, 3, 6, 22, 6, 17, 25, 22, 4, 22, 18]
y_coordinates = [30, 18, 25, 4, 5, 31, 4, 21, 14, 0, 3, 10, 27, 1, 15, 4, 2, 23, 9, 13, 5, 18]
x_dimensions = [13, 5, 6, 4, 4, 8, 4, 4, 3, 3, 3, 3, 16, 11, 3, 3, 8, 3, 3, 3, 3, 3]
y_dimensions = [5, 9, 5, 23, 13, 4, 5, 4, 4, 23, 21, 17, 3, 3, 10, 9, 3, 7, 6, 5, 4, 3]
minimum_height = 35
----------
x_coordinates = [11, 5, 16, 13, 21, 5, 0, 7, 10, 25, 18, 2, 0, 2, 25, 9, 17, 22, 6, 4, 22, 4]
y_coordinates = [29, 13, 24, 1, 9, 22, 4, 30, 18, 1, 3, 9, 26, 1, 24, 4, 0, 22, 7, 29, 5, 4]
x_dimensions = [13, 5, 6, 4, 4, 8, 4, 4, 3, 3, 3, 3, 16, 11, 3, 3, 8, 3, 3, 3, 3, 3]
y_dimensions = [5, 9, 5, 23, 13, 4, 5, 4, 4, 23, 21, 17, 3, 3, 10, 9, 3, 7, 6, 5, 4, 3]
minimum_height = 34
----------
x_coordinates = [15, 17, 19, 13, 2, 17, 9, 18, 10, 25, 0, 6, 1, 2, 22, 10, 5, 22, 3, 25, 3, 19]
y_coordinates = [0, 20, 12, 5, 0, 29, 10, 6, 24, 5, 7, 11, 28, 4, 19, 15, 7, 5, 14, 28, 23, 17]
x_dimensions = [13, 5, 6, 4, 13, 8, 4, 4, 3, 3, 3, 3, 16, 11, 3, 3, 8, 3, 3, 3, 3, 3]
y_dimensions = [5, 9, 5, 23, 4, 4, 5, 4, 4, 23, 21, 17, 3, 3, 10, 9, 3, 7, 6, 5, 4, 3]
minimum_height = 33
----------
x_coordinates = [20, 20, 22, 13, 9, 1, 18, 9, 5, 3, 6, 17, 9, 9, 25, 25, 7, 0, 25, 0, 0, 0]
y_coordinates = [4, 17, 27, 9, 16, 24, 27, 11, 28, 1, 7, 10, 0, 6, 2, 18, 3, 7, 12, 14, 20, 2]
x_dimensions = [5, 5, 6, 4, 4, 4, 4, 4, 3, 3, 3, 3, 16, 11, 3, 3, 8, 3, 3, 3, 3, 3]
y_dimensions = [13, 9, 5, 23, 13, 8, 5, 4, 4, 23, 21, 17, 3, 3, 10, 9, 3, 7, 6, 5, 4, 3]
minimum_height = 32
----------
x_coordinates = [19, 23, 22, 13, 24, 3, 18, 9, 19, 3, 9, 6, 7, 12, 0, 0, 20, 0, 6, 0, 9, 17]
y_coordinates = [6, 22, 1, 2, 6, 23, 1, 3, 22, 0, 7, 6, 28, 25, 0, 22, 19, 10, 0, 17, 0, 19]
x_dimensions = [5, 5, 6, 4, 4, 4, 4, 4, 4, 3, 3, 3, 16, 11, 3, 3, 8, 3, 3, 3, 4, 3]
y_dimensions = [13, 9, 5, 23, 13, 8, 5, 4, 3, 23, 21, 17, 3, 3, 10, 9, 3, 7, 6, 5, 3, 3]
minimum_height = 31
----------
x_coordinates = [23, 0, 4, 13, 20, 0, 24, 24, 19, 10, 17, 7, 7, 12, 4, 0, 20, 5, 3, 20, 1, 25]
y_coordinates = [17, 21, 0, 1, 3, 0, 4, 13, 21, 1, 0, 7, 24, 27, 5, 12, 0, 27, 15, 16, 8, 10]
x_dimensions = [5, 5, 6, 4, 4, 4, 4, 4, 4, 3, 3, 3, 16, 11, 3, 3, 8, 7, 3, 3, 3, 3]
y_dimensions = [13, 9, 5, 23, 13, 8, 5, 4, 3, 23, 21, 17, 3, 3, 10, 9, 3, 3, 6, 5, 4, 3]
minimum_height = 30
----------
x_coordinates = [15, 3, 19, 11, 0, 24, 24, 4, 4, 8, 7, 15, 0, 14, 21, 18, 6, 25, 4, 3, 3, 18]
y_coordinates = [21, 4, 3, 3, 16, 13, 8, 16, 20, 3, 26, 3, 0, 0, 11, 12, 0, 1, 23, 13, 0, 9]
x_dimensions = [13, 5, 5, 4, 4, 4, 4, 4, 4, 3, 21, 3, 3, 11, 3, 3, 8, 3, 3, 5, 3, 3]
y_dimensions = [5, 9, 6, 23, 13, 8, 5, 4, 3, 23, 3, 17, 16, 3, 10, 9, 3, 7, 6, 3, 4, 3]
minimum_height = 29
----------
% Pruned 49996 learnt clauses
% Pruned 50000 learnt clauses
% Pruned 50000 learnt clauses
% Pruned 49958 learnt clauses
% Pruned 50000 learnt clauses
% Pruned 49983 learnt clauses
% Pruned 49956 learnt clauses
% Pruned 50000 learnt clauses
% Pruned 50000 learnt clauses
% Pruned 50000 learnt clauses
% Pruned 49955 learnt clauses
% Pruned 50000 learnt clauses
% Pruned 50000 learnt clauses
x_coordinates = [0, 13, 22, 5, 15, 0, 0, 11, 0, 5, 0, 11, 12, 17, 8, 3, 0, 21, 11, 0, 4, 0]
y_coordinates = [0, 0, 0, 5, 21, 18, 8, 21, 25, 9, 12, 25, 15, 18, 18, 15, 22, 12, 18, 5, 25, 15]
x_dimensions = [13, 9, 6, 23, 13, 8, 5, 4, 4, 23, 21, 17, 16, 11, 3, 9, 8, 7, 6, 5, 4, 3]
y_dimensions = [5, 5, 5, 4, 4, 4, 4, 4, 3, 3, 3, 3, 3, 3, 10, 3, 3, 3, 3, 3, 3, 3]
minimum_height = 28
----------
==========
%%%mzn-stat: nodes=1340235
%%%mzn-stat: failures=745686
%%%mzn-stat: restarts=12481
%%%mzn-stat: variables=13643
%%%mzn-stat: intVars=90
%%%mzn-stat: boolVariables=13551
%%%mzn-stat: propagators=1895
%%%mzn-stat: propagations=402767601
%%%mzn-stat: peakDepth=188
%%%mzn-stat: nogoods=745686
%%%mzn-stat: backjumps=244694
%%%mzn-stat: peakMem=0.00
%%%mzn-stat: time=213.666
%%%mzn-stat: initTime=0.027
%%%mzn-stat: solveTime=213.639
%%%mzn-stat: objective=28
%%%mzn-stat: optTime=213.638
%%%mzn-stat: baseMem=0.00
%%%mzn-stat: trailMem=0.02
%%%mzn-stat: randomSeed=1657541593
