x_coordinates = [12, 7, 0, 20, 20, 14, 17, 24, 13, 0, 11, 3, 2, 17, 14, 24, 13, 12, 15, 24, 0]
y_coordinates = [68, 183, 204, 209, 202, 204, 98, 201, 164, 208, 185, 214, 211, 196, 199, 205, 211, 137, 214, 213, 214]
x_dimensions = [4, 4, 14, 4, 4, 6, 4, 3, 3, 20, 3, 12, 11, 10, 9, 3, 7, 6, 5, 3, 3]
y_dimensions = [20, 19, 4, 8, 7, 4, 4, 4, 21, 3, 19, 3, 3, 3, 3, 8, 3, 3, 3, 4, 3]
minimum_height = 217
----------
x_coordinates = [1, 9, 6, 23, 23, 17, 13, 19, 22, 5, 17, 15, 8, 20, 18, 3, 20, 11, 16, 20, 0]
y_coordinates = [10, 185, 212, 196, 204, 205, 202, 209, 129, 8, 186, 177, 209, 195, 183, 208, 213, 206, 180, 174, 213]
x_dimensions = [4, 4, 14, 4, 4, 6, 4, 4, 3, 20, 3, 12, 11, 3, 9, 3, 7, 6, 5, 4, 3]
y_dimensions = [20, 19, 4, 8, 7, 4, 4, 3, 21, 3, 19, 3, 3, 10, 3, 8, 3, 3, 3, 3, 3]
minimum_height = 216
----------
x_coordinates = [9, 13, 13, 23, 23, 16, 15, 22, 23, 4, 17, 15, 5, 20, 8, 24, 10, 10, 16, 23, 7]
y_coordinates = [0, 184, 12, 197, 205, 211, 8, 212, 176, 20, 192, 24, 209, 201, 206, 16, 203, 212, 174, 173, 212]
x_dimensions = [4, 4, 14, 4, 4, 6, 4, 4, 3, 20, 3, 12, 11, 3, 9, 3, 7, 6, 5, 4, 3]
y_dimensions = [20, 19, 4, 8, 7, 4, 4, 3, 21, 3, 19, 3, 3, 10, 3, 8, 3, 3, 3, 3, 3]
minimum_height = 215
----------
x_coordinates = [5, 19, 10, 22, 20, 17, 20, 23, 22, 4, 16, 10, 6, 24, 11, 24, 17, 0, 16, 20, 2]
y_coordinates = [31, 184, 166, 176, 203, 210, 104, 211, 134, 170, 187, 181, 209, 201, 206, 168, 173, 210, 160, 163, 207]
x_dimensions = [4, 4, 14, 4, 4, 6, 4, 4, 3, 20, 3, 12, 11, 3, 9, 3, 7, 6, 5, 4, 3]
y_dimensions = [20, 19, 4, 8, 7, 4, 4, 3, 21, 3, 19, 3, 3, 10, 3, 8, 3, 3, 3, 3, 3]
minimum_height = 214
----------
x_coordinates = [2, 4, 10, 0, 23, 19, 16, 23, 3, 17, 24, 5, 7, 20, 8, 19, 21, 11, 19, 1, 0]
y_coordinates = [82, 194, 184, 199, 206, 172, 103, 203, 170, 193, 184, 191, 175, 202, 210, 176, 193, 207, 188, 192, 177]
x_dimensions = [4, 4, 14, 4, 4, 6, 4, 4, 3, 3, 3, 12, 11, 3, 9, 3, 3, 6, 3, 3, 3]
y_dimensions = [20, 19, 4, 8, 7, 4, 4, 3, 21, 20, 19, 3, 3, 10, 3, 8, 7, 3, 5, 4, 3]
minimum_height = 213
----------
x_coordinates = [10, 7, 13, 0, 3, 18, 23, 23, 22, 20, 21, 15, 11, 22, 11, 17, 23, 14, 22, 4, 3]
y_coordinates = [94, 191, 176, 191, 204, 180, 194, 208, 155, 192, 107, 184, 189, 97, 209, 198, 198, 206, 187, 191, 188]
x_dimensions = [4, 4, 14, 4, 4, 6, 4, 4, 3, 3, 3, 12, 11, 3, 9, 3, 3, 6, 3, 3, 3]
y_dimensions = [20, 19, 4, 8, 7, 4, 4, 3, 21, 20, 19, 3, 3, 10, 3, 8, 7, 3, 5, 4, 3]
minimum_height = 212
----------
x_coordinates = [8, 11, 10, 4, 17, 20, 20, 20, 24, 24, 17, 5, 14, 23, 15, 8, 21, 8, 23, 2, 7]
y_coordinates = [67, 192, 46, 203, 201, 182, 165, 196, 27, 191, 181, 189, 169, 172, 208, 203, 199, 171, 186, 190, 183]
x_dimensions = [4, 4, 14, 4, 4, 6, 4, 4, 3, 3, 3, 12, 11, 3, 9, 3, 3, 6, 3, 3, 3]
y_dimensions = [20, 19, 4, 8, 7, 4, 4, 3, 21, 20, 19, 3, 3, 10, 3, 8, 7, 3, 5, 4, 3]
minimum_height = 211
----------
x_coordinates = [8, 5, 13, 19, 23, 17, 10, 23, 22, 4, 18, 9, 8, 24, 9, 15, 16, 2, 14, 7, 24]
y_coordinates = [87, 176, 138, 202, 200, 198, 201, 207, 168, 195, 173, 192, 14, 189, 189, 181, 203, 16, 198, 202, 98]
x_dimensions = [4, 4, 14, 4, 4, 6, 4, 4, 3, 20, 3, 12, 11, 3, 9, 3, 3, 6, 3, 3, 3]
y_dimensions = [20, 19, 4, 8, 7, 4, 4, 3, 21, 3, 19, 3, 3, 10, 3, 8, 7, 3, 5, 4, 3]
minimum_height = 210
----------
x_coordinates = [13, 3, 13, 20, 10, 21, 17, 20, 23, 7, 0, 8, 13, 24, 18, 13, 14, 17, 0, 7, 13]
y_coordinates = [71, 190, 143, 191, 202, 205, 205, 185, 163, 199, 182, 196, 188, 184, 202, 180, 202, 182, 201, 205, 116]
x_dimensions = [4, 4, 14, 4, 4, 6, 4, 4, 3, 20, 3, 12, 11, 3, 9, 3, 3, 6, 3, 3, 3]
y_dimensions = [20, 19, 4, 8, 7, 4, 4, 3, 21, 3, 19, 3, 3, 10, 3, 8, 7, 3, 5, 4, 3]
minimum_height = 209
----------
x_coordinates = [9, 20, 3, 23, 0, 22, 19, 10, 2, 0, 22, 7, 7, 24, 13, 9, 4, 0, 20, 24, 13]
y_coordinates = [66, 180, 178, 200, 201, 174, 204, 175, 157, 198, 155, 202, 175, 183, 173, 205, 201, 178, 199, 196, 178]
x_dimensions = [4, 4, 4, 4, 4, 4, 4, 3, 3, 20, 3, 12, 3, 3, 9, 8, 3, 3, 3, 3, 3]
y_dimensions = [20, 19, 14, 8, 7, 6, 4, 4, 21, 3, 19, 3, 11, 10, 3, 3, 7, 6, 5, 4, 3]
minimum_height = 208
----------
x_coordinates = [1, 22, 8, 0, 14, 23, 0, 20, 4, 7, 20, 2, 10, 19, 18, 13, 23, 6, 22, 21, 2]
y_coordinates = [88, 182, 197, 195, 156, 176, 203, 151, 186, 201, 162, 162, 204, 181, 154, 194, 162, 180, 157, 204, 76]
x_dimensions = [4, 4, 14, 4, 4, 4, 4, 4, 3, 20, 3, 12, 11, 3, 9, 8, 3, 3, 3, 4, 3]
y_dimensions = [20, 19, 4, 8, 7, 6, 4, 3, 21, 3, 19, 3, 3, 10, 3, 3, 7, 6, 5, 3, 3]
minimum_height = 207
----------
x_coordinates = [0, 23, 7, 0, 14, 23, 3, 11, 20, 4, 24, 1, 13, 24, 15, 4, 21, 10, 8, 1, 0]
y_coordinates = [89, 150, 199, 194, 195, 169, 174, 194, 167, 203, 175, 191, 189, 194, 192, 195, 196, 184, 194, 202, 84]
x_dimensions = [4, 4, 14, 4, 7, 4, 4, 3, 3, 20, 3, 12, 11, 3, 9, 3, 3, 3, 3, 3, 3]
y_dimensions = [20, 19, 4, 8, 4, 6, 4, 4, 21, 3, 19, 3, 3, 10, 3, 8, 7, 6, 5, 4, 3]
minimum_height = 206
----------
x_coordinates = [4, 23, 4, 20, 16, 23, 4, 21, 13, 6, 24, 2, 14, 5, 15, 1, 2, 7, 10, 4, 3]
y_coordinates = [96, 149, 174, 187, 192, 177, 194, 195, 178, 202, 183, 171, 171, 199, 199, 190, 198, 188, 193, 190, 4]
x_dimensions = [20, 4, 14, 4, 4, 4, 4, 3, 3, 20, 3, 12, 11, 10, 9, 3, 3, 3, 3, 3, 3]
y_dimensions = [4, 19, 4, 8, 7, 6, 4, 4, 21, 3, 19, 3, 3, 3, 3, 8, 7, 6, 5, 4, 3]
minimum_height = 205
----------
x_coordinates = [4, 1, 7, 23, 16, 13, 6, 13, 20, 17, 3, 15, 5, 6, 16, 5, 20, 10, 0, 9, 4]
y_coordinates = [99, 166, 167, 192, 197, 190, 197, 196, 179, 177, 185, 171, 182, 201, 174, 173, 200, 195, 199, 191, 4]
x_dimensions = [20, 4, 14, 4, 4, 4, 4, 3, 3, 3, 3, 12, 11, 10, 9, 3, 7, 3, 3, 3, 3]
y_dimensions = [4, 19, 4, 8, 7, 6, 4, 4, 21, 20, 19, 3, 3, 3, 3, 8, 3, 6, 5, 4, 3]
minimum_height = 204
----------
x_coordinates = [8, 8, 6, 15, 16, 22, 23, 13, 20, 23, 3, 12, 9, 6, 18, 0, 16, 12, 0, 10, 18]
y_coordinates = [41, 166, 188, 177, 192, 172, 198, 196, 178, 178, 184, 166, 185, 200, 169, 187, 199, 179, 198, 196, 146]
x_dimensions = [4, 4, 14, 4, 4, 4, 4, 3, 3, 3, 3, 12, 11, 10, 9, 3, 7, 3, 3, 3, 3]
y_dimensions = [20, 19, 4, 8, 7, 6, 4, 4, 21, 20, 19, 3, 3, 3, 3, 8, 3, 6, 5, 4, 3]
minimum_height = 203
----------
x_coordinates = [8, 0, 10, 20, 22, 16, 23, 9, 24, 4, 7, 10, 15, 13, 18, 3, 2, 21, 18, 22, 22]
y_coordinates = [79, 180, 180, 184, 167, 186, 198, 198, 174, 192, 173, 171, 195, 199, 164, 172, 199, 174, 175, 160, 58]
x_dimensions = [4, 4, 14, 4, 4, 4, 4, 3, 3, 20, 3, 12, 11, 10, 9, 3, 7, 3, 3, 3, 3]
y_dimensions = [20, 19, 4, 8, 7, 6, 4, 4, 21, 3, 19, 3, 3, 3, 3, 8, 3, 6, 5, 4, 3]
minimum_height = 202
----------
x_coordinates = [6, 5, 4, 1, 20, 0, 6, 24, 4, 6, 24, 14, 13, 17, 6, 23, 10, 22, 21, 4, 21]
y_coordinates = [21, 190, 158, 193, 180, 186, 197, 162, 169, 194, 175, 172, 187, 198, 162, 153, 198, 166, 161, 165, 90]
x_dimensions = [20, 19, 14, 4, 4, 4, 4, 3, 3, 20, 3, 12, 11, 10, 9, 3, 7, 3, 3, 3, 3]
y_dimensions = [4, 4, 4, 8, 7, 6, 4, 4, 21, 3, 19, 3, 3, 3, 3, 8, 3, 6, 5, 4, 3]
minimum_height = 201
----------
x_coordinates = [6, 0, 0, 19, 23, 17, 23, 20, 24, 10, 7, 12, 13, 14, 4, 14, 16, 22, 21, 16, 8]
y_coordinates = [72, 196, 182, 195, 167, 180, 163, 192, 174, 176, 177, 83, 189, 186, 184, 173, 166, 157, 180, 192, 122]
x_dimensions = [4, 19, 4, 8, 4, 4, 4, 4, 3, 3, 3, 12, 11, 10, 3, 3, 7, 3, 3, 3, 3]
y_dimensions = [20, 4, 14, 4, 7, 6, 4, 3, 21, 20, 19, 3, 3, 3, 9, 8, 3, 6, 5, 4, 3]
minimum_height = 200
----------
x_coordinates = [6, 0, 23, 19, 19, 22, 17, 19, 21, 11, 8, 12, 0, 1, 14, 16, 14, 24, 8, 15, 18]
y_coordinates = [72, 195, 180, 194, 184, 147, 163, 191, 159, 175, 153, 156, 189, 192, 180, 183, 163, 158, 182, 191, 142]
x_dimensions = [20, 19, 4, 8, 4, 4, 4, 4, 3, 3, 19, 12, 11, 10, 9, 3, 3, 3, 3, 3, 3]
y_dimensions = [4, 4, 14, 4, 7, 6, 4, 3, 21, 20, 3, 3, 3, 3, 3, 8, 7, 6, 5, 4, 3]
minimum_height = 199
----------
x_coordinates = [8, 1, 4, 23, 20, 6, 20, 14, 23, 24, 8, 18, 13, 12, 1, 21, 15, 12, 10, 24, 14]
y_coordinates = [49, 194, 183, 160, 191, 187, 172, 191, 139, 173, 169, 176, 188, 166, 185, 180, 175, 175, 187, 193, 137]
x_dimensions = [4, 19, 14, 4, 4, 4, 4, 4, 3, 3, 19, 3, 11, 10, 3, 3, 3, 3, 3, 3, 3]
y_dimensions = [20, 4, 4, 8, 7, 6, 4, 3, 21, 20, 3, 12, 3, 3, 9, 8, 7, 6, 5, 4, 3]
minimum_height = 198
----------
x_coordinates = [7, 8, 7, 20, 21, 7, 17, 17, 23, 1, 8, 21, 16, 12, 4, 24, 14, 24, 13, 4, 20]
y_coordinates = [57, 193, 184, 170, 139, 189, 180, 176, 146, 177, 167, 178, 190, 136, 185, 182, 177, 175, 188, 194, 130]
x_dimensions = [4, 19, 14, 4, 4, 6, 4, 3, 3, 3, 19, 3, 11, 10, 3, 3, 3, 3, 3, 4, 3]
y_dimensions = [20, 4, 4, 8, 7, 4, 4, 4, 21, 20, 3, 12, 3, 3, 9, 8, 7, 6, 5, 3, 3]
minimum_height = 197
----------
x_coordinates = [2, 8, 10, 23, 23, 10, 14, 19, 23, 0, 8, 7, 16, 13, 0, 24, 9, 20, 3, 19, 23]
y_coordinates = [53, 192, 184, 166, 174, 188, 169, 170, 142, 177, 163, 180, 189, 173, 187, 181, 170, 176, 193, 166, 138]
x_dimensions = [4, 19, 14, 4, 4, 6, 4, 4, 3, 20, 19, 3, 11, 10, 3, 3, 3, 3, 5, 3, 3]
y_dimensions = [20, 4, 4, 8, 7, 4, 4, 3, 21, 3, 3, 12, 3, 3, 9, 8, 7, 6, 3, 4, 3]
minimum_height = 196
----------
x_coordinates = [3, 4, 7, 0, 0, 11, 20, 23, 24, 6, 21, 24, 9, 17, 18, 4, 21, 24, 22, 6, 3]
y_coordinates = [92, 179, 187, 180, 188, 171, 191, 178, 142, 175, 150, 182, 192, 172, 169, 183, 184, 163, 139, 191, 128]
x_dimensions = [4, 19, 14, 4, 4, 6, 4, 3, 3, 20, 3, 3, 11, 10, 9, 3, 3, 3, 5, 3, 3]
y_dimensions = [20, 4, 4, 8, 7, 4, 4, 4, 21, 3, 19, 12, 3, 3, 3, 8, 7, 6, 3, 4, 3]
minimum_height = 195
----------
x_coordinates = [0, 8, 10, 1, 22, 17, 22, 24, 9, 3, 7, 1, 13, 17, 12, 4, 23, 5, 22, 22, 24]
y_coordinates = [0, 190, 186, 186, 156, 173, 152, 185, 155, 177, 180, 183, 183, 167, 162, 162, 173, 188, 170, 163, 148]
x_dimensions = [4, 19, 14, 4, 4, 6, 4, 3, 3, 20, 19, 12, 11, 10, 9, 3, 3, 3, 5, 3, 3]
y_dimensions = [20, 4, 4, 8, 7, 4, 4, 4, 21, 3, 3, 3, 3, 3, 3, 8, 7, 6, 3, 4, 3]
minimum_height = 194
----------
x_coordinates = [3, 5, 13, 0, 0, 21, 23, 24, 0, 7, 8, 4, 16, 14, 15, 3, 4, 11, 6, 24, 24]
y_coordinates = [95, 189, 163, 185, 178, 175, 171, 188, 157, 179, 182, 186, 185, 168, 160, 168, 177, 170, 170, 167, 159]
x_dimensions = [4, 19, 14, 4, 4, 6, 4, 3, 3, 20, 19, 12, 11, 10, 9, 3, 3, 3, 5, 3, 3]
y_dimensions = [20, 4, 4, 8, 7, 4, 4, 4, 21, 3, 3, 3, 3, 3, 3, 8, 7, 6, 3, 4, 3]
minimum_height = 193
----------
x_coordinates = [13, 1, 10, 23, 23, 19, 3, 20, 24, 3, 8, 0, 12, 13, 11, 6, 0, 5, 0, 7, 9]
y_coordinates = [90, 188, 169, 184, 174, 149, 172, 187, 153, 176, 181, 185, 184, 173, 146, 164, 178, 179, 171, 172, 163]
x_dimensions = [4, 19, 14, 4, 4, 6, 4, 3, 3, 20, 19, 12, 11, 10, 9, 3, 3, 3, 3, 3, 3]
y_dimensions = [20, 4, 4, 8, 7, 4, 4, 4, 21, 3, 3, 3, 3, 3, 3, 8, 7, 6, 5, 4, 3]
minimum_height = 192
----------
x_coordinates = [12, 8, 11, 17, 23, 18, 15, 13, 22, 4, 16, 1, 16, 2, 9, 14, 20, 14, 24, 12, 17]
y_coordinates = [84, 135, 170, 162, 176, 139, 180, 187, 149, 184, 143, 188, 188, 181, 139, 162, 177, 174, 183, 180, 177]
x_dimensions = [4, 19, 14, 4, 4, 6, 4, 3, 3, 20, 3, 12, 11, 10, 9, 3, 3, 3, 3, 3, 3]
y_dimensions = [20, 4, 4, 8, 7, 4, 4, 4, 21, 3, 19, 3, 3, 3, 3, 8, 7, 6, 5, 4, 3]
minimum_height = 191
----------
x_coordinates = [6, 8, 11, 19, 12, 23, 15, 15, 5, 11, 20, 0, 16, 2, 9, 7, 22, 18, 14, 17, 24]
y_coordinates = [46, 153, 141, 145, 183, 174, 172, 149, 154, 163, 157, 187, 187, 184, 138, 175, 180, 176, 178, 182, 163]
x_dimensions = [4, 19, 14, 4, 4, 4, 4, 3, 3, 3, 3, 12, 11, 10, 9, 3, 3, 3, 3, 3, 3]
y_dimensions = [20, 4, 4, 8, 7, 6, 4, 4, 21, 20, 19, 3, 3, 3, 3, 8, 7, 6, 5, 4, 3]
minimum_height = 190
----------
x_coordinates = [10, 8, 12, 7, 17, 3, 16, 19, 0, 21, 11, 5, 13, 16, 16, 24, 2, 14, 8, 24, 24]
y_coordinates = [93, 159, 142, 175, 179, 175, 173, 155, 160, 166, 164, 183, 186, 163, 139, 176, 182, 177, 186, 185, 166]
x_dimensions = [4, 19, 14, 4, 4, 4, 4, 3, 3, 3, 3, 12, 11, 10, 9, 3, 3, 3, 5, 3, 3]
y_dimensions = [20, 4, 4, 8, 7, 6, 4, 4, 21, 20, 19, 3, 3, 3, 3, 8, 7, 6, 3, 4, 3]
minimum_height = 189
----------
x_coordinates = [13, 8, 13, 19, 20, 7, 22, 23, 5, 23, 22, 4, 16, 17, 14, 14, 17, 24, 24, 1, 11]
y_coordinates = [43, 143, 170, 132, 178, 178, 166, 116, 146, 123, 147, 184, 185, 120, 140, 176, 178, 174, 180, 183, 179]
x_dimensions = [4, 19, 14, 4, 4, 4, 4, 3, 3, 3, 3, 12, 11, 10, 9, 3, 3, 3, 3, 3, 3]
y_dimensions = [20, 4, 4, 8, 7, 6, 4, 4, 21, 20, 19, 3, 3, 3, 3, 8, 7, 6, 5, 4, 3]
minimum_height = 188
----------
x_coordinates = [1, 8, 13, 0, 23, 15, 21, 24, 0, 22, 18, 5, 16, 4, 7, 3, 3, 19, 17, 20, 14]
y_coordinates = [69, 156, 126, 179, 180, 175, 152, 130, 155, 160, 137, 184, 134, 181, 136, 151, 159, 176, 182, 183, 181]
x_dimensions = [4, 19, 14, 4, 4, 4, 4, 3, 3, 3, 3, 12, 11, 10, 9, 3, 3, 3, 3, 3, 3]
y_dimensions = [20, 4, 4, 8, 7, 6, 4, 4, 21, 20, 19, 3, 3, 3, 3, 8, 7, 6, 5, 4, 3]
minimum_height = 187
----------
x_coordinates = [5, 1, 1, 22, 23, 3, 21, 19, 3, 22, 24, 11, 15, 13, 13, 10, 19, 20, 22, 7, 22]
y_coordinates = [67, 176, 151, 116, 179, 180, 156, 152, 171, 124, 160, 183, 149, 180, 143, 159, 123, 174, 144, 183, 153]
x_dimensions = [4, 19, 14, 4, 4, 4, 4, 3, 21, 3, 3, 12, 11, 10, 9, 3, 3, 3, 3, 4, 3]
y_dimensions = [20, 4, 4, 8, 7, 6, 4, 4, 3, 20, 19, 3, 3, 3, 3, 8, 7, 6, 5, 3, 3]
minimum_height = 186
----------
x_coordinates = [5, 2, 8, 18, 20, 3, 23, 5, 21, 22, 24, 13, 14, 14, 13, 7, 15, 24, 20, 22, 11]
y_coordinates = [88, 173, 145, 133, 181, 177, 152, 148, 157, 129, 156, 122, 149, 178, 141, 177, 128, 175, 152, 125, 180]
x_dimensions = [4, 19, 14, 4, 7, 4, 4, 3, 3, 3, 3, 12, 11, 10, 9, 3, 3, 3, 3, 3, 3]
y_dimensions = [20, 4, 4, 8, 4, 6, 4, 4, 21, 20, 19, 3, 3, 3, 3, 8, 7, 6, 5, 4, 3]
minimum_height = 185
----------
x_coordinates = [5, 5, 4, 23, 20, 19, 23, 21, 22, 24, 1, 11, 18, 17, 16, 9, 21, 19, 22, 20, 17]
y_coordinates = [82, 170, 165, 114, 180, 149, 153, 166, 125, 157, 165, 119, 159, 122, 146, 181, 159, 174, 177, 155, 181]
x_dimensions = [20, 19, 14, 4, 7, 4, 4, 3, 3, 3, 3, 12, 3, 10, 9, 8, 3, 3, 5, 3, 3]
y_dimensions = [4, 4, 4, 8, 4, 6, 4, 4, 21, 20, 19, 3, 11, 3, 3, 3, 7, 6, 3, 4, 3]
minimum_height = 184
----------
x_coordinates = [13, 2, 8, 21, 23, 17, 23, 22, 21, 24, 14, 15, 20, 16, 6, 19, 23, 24, 22, 21, 20]
y_coordinates = [2, 176, 133, 106, 124, 170, 153, 131, 162, 157, 157, 138, 147, 144, 137, 114, 117, 177, 135, 158, 141]
x_dimensions = [4, 19, 14, 4, 4, 4, 4, 3, 3, 3, 3, 12, 3, 10, 9, 8, 3, 3, 5, 3, 3]
y_dimensions = [20, 4, 4, 8, 7, 6, 4, 4, 21, 20, 19, 3, 11, 3, 3, 3, 7, 6, 3, 4, 3]
minimum_height = 183
----------
x_coordinates = [9, 2, 13, 22, 23, 17, 23, 22, 21, 24, 2, 11, 12, 17, 16, 19, 23, 24, 23, 21, 22]
y_coordinates = [49, 175, 140, 105, 123, 169, 152, 133, 161, 156, 179, 146, 154, 149, 137, 113, 116, 176, 144, 157, 130]
x_dimensions = [4, 19, 14, 4, 4, 4, 4, 3, 3, 3, 19, 12, 11, 10, 9, 8, 3, 3, 3, 3, 3]
y_dimensions = [20, 4, 4, 8, 7, 6, 4, 4, 21, 20, 3, 3, 3, 3, 3, 3, 7, 6, 5, 4, 3]
minimum_height = 182
----------
x_coordinates = [4, 5, 12, 20, 23, 10, 1, 23, 24, 24, 2, 11, 13, 14, 13, 14, 18, 21, 23, 21, 22]
y_coordinates = [79, 158, 121, 113, 128, 173, 155, 109, 160, 140, 159, 139, 151, 171, 142, 127, 174, 175, 135, 154, 125]
x_dimensions = [4, 19, 14, 4, 4, 4, 4, 3, 3, 3, 3, 12, 11, 10, 9, 8, 3, 3, 3, 3, 3]
y_dimensions = [20, 4, 4, 8, 7, 6, 4, 4, 21, 20, 19, 3, 3, 3, 3, 3, 7, 6, 5, 4, 3]
minimum_height = 181
----------
x_coordinates = [7, 8, 14, 20, 23, 19, 4, 21, 22, 24, 1, 11, 21, 17, 11, 17, 18, 12, 23, 21, 22]
y_coordinates = [35, 156, 162, 130, 149, 150, 159, 175, 106, 160, 159, 140, 160, 146, 137, 127, 173, 177, 138, 171, 143]
x_dimensions = [4, 19, 4, 4, 4, 4, 4, 3, 3, 3, 3, 12, 3, 10, 9, 8, 3, 6, 3, 3, 3]
y_dimensions = [20, 4, 14, 8, 7, 6, 4, 4, 21, 20, 19, 3, 11, 3, 3, 3, 7, 3, 5, 4, 3]
minimum_height = 180
----------
x_coordinates = [4, 8, 11, 20, 23, 8, 0, 2, 24, 4, 7, 12, 5, 14, 15, 15, 18, 21, 23, 24, 24]
y_coordinates = [54, 166, 159, 134, 152, 147, 167, 173, 128, 148, 163, 145, 168, 148, 142, 151, 170, 176, 92, 170, 149]
x_dimensions = [4, 19, 14, 4, 4, 4, 4, 3, 3, 3, 19, 12, 3, 10, 9, 8, 3, 6, 3, 3, 3]
y_dimensions = [20, 4, 4, 8, 7, 6, 4, 4, 21, 20, 3, 3, 11, 3, 3, 3, 7, 3, 5, 4, 3]
minimum_height = 179
----------
x_coordinates = [12, 8, 13, 20, 9, 22, 4, 12, 24, 1, 5, 9, 16, 14, 13, 19, 21, 24, 23, 1, 21]
y_coordinates = [64, 170, 159, 139, 158, 153, 172, 174, 132, 153, 152, 166, 175, 150, 156, 129, 163, 164, 124, 173, 147]
x_dimensions = [4, 19, 14, 4, 4, 4, 4, 3, 3, 3, 3, 12, 11, 10, 9, 8, 3, 3, 3, 3, 3]
y_dimensions = [20, 4, 4, 8, 7, 6, 4, 4, 21, 20, 19, 3, 3, 3, 3, 3, 7, 6, 5, 4, 3]
minimum_height = 178
----------
x_coordinates = [5, 4, 3, 19, 3, 20, 23, 21, 22, 17, 24, 10, 6, 16, 13, 14, 21, 22, 23, 1, 23]
y_coordinates = [23, 172, 165, 115, 158, 155, 173, 168, 133, 152, 154, 149, 169, 130, 146, 127, 161, 124, 116, 171, 121]
x_dimensions = [20, 19, 14, 4, 4, 4, 4, 3, 3, 3, 3, 12, 11, 10, 9, 8, 3, 3, 3, 3, 3]
y_dimensions = [4, 4, 4, 8, 7, 6, 4, 4, 21, 20, 19, 3, 3, 3, 3, 3, 7, 6, 5, 4, 3]
minimum_height = 177
----------
x_coordinates = [6, 2, 10, 20, 14, 10, 3, 7, 24, 24, 0, 13, 10, 20, 13, 18, 21, 23, 23, 21, 15]
y_coordinates = [85, 172, 165, 132, 158, 156, 168, 168, 129, 156, 153, 67, 169, 145, 141, 155, 156, 150, 124, 171, 154]
x_dimensions = [4, 19, 14, 4, 4, 4, 4, 3, 3, 3, 3, 12, 11, 3, 9, 3, 3, 3, 3, 3, 3]
y_dimensions = [20, 4, 4, 8, 7, 6, 4, 4, 21, 20, 19, 3, 3, 10, 3, 8, 7, 6, 5, 4, 3]
minimum_height = 176
----------
x_coordinates = [12, 5, 6, 3, 4, 11, 20, 21, 24, 24, 18, 14, 10, 1, 14, 8, 2, 4, 23, 21, 15]
y_coordinates = [65, 171, 164, 141, 157, 156, 163, 167, 134, 155, 144, 54, 168, 156, 141, 156, 166, 151, 129, 156, 161]
x_dimensions = [4, 19, 14, 4, 4, 4, 4, 3, 3, 3, 3, 12, 11, 3, 9, 3, 3, 3, 3, 3, 3]
y_dimensions = [20, 4, 4, 8, 7, 6, 4, 4, 21, 20, 19, 3, 3, 10, 3, 8, 7, 6, 5, 4, 3]
minimum_height = 175
----------
x_coordinates = [5, 8, 9, 6, 3, 13, 23, 21, 24, 7, 24, 12, 16, 0, 5, 20, 9, 10, 23, 22, 17]
y_coordinates = [68, 122, 167, 139, 165, 161, 166, 155, 126, 147, 147, 146, 171, 164, 121, 159, 171, 161, 117, 113, 164]
x_dimensions = [4, 19, 14, 4, 4, 4, 4, 3, 3, 3, 3, 12, 11, 3, 3, 3, 7, 3, 3, 3, 3]
y_dimensions = [20, 4, 4, 8, 7, 6, 4, 4, 21, 20, 19, 3, 3, 10, 9, 8, 3, 6, 5, 4, 3]
minimum_height = 174
----------
x_coordinates = [5, 8, 9, 21, 20, 15, 23, 24, 24, 6, 22, 8, 14, 12, 5, 19, 24, 22, 23, 22, 16]
y_coordinates = [42, 131, 169, 87, 118, 160, 168, 139, 98, 153, 143, 118, 95, 159, 133, 161, 119, 162, 126, 135, 166]
x_dimensions = [4, 19, 14, 4, 4, 4, 4, 3, 3, 3, 3, 12, 11, 3, 3, 3, 3, 3, 3, 3, 3]
y_dimensions = [20, 4, 4, 8, 7, 6, 4, 4, 21, 20, 19, 3, 3, 10, 9, 8, 7, 6, 5, 4, 3]
minimum_height = 173
----------
x_coordinates = [6, 8, 11, 5, 19, 14, 22, 21, 24, 9, 24, 12, 0, 6, 5, 18, 24, 21, 23, 23, 21]
y_coordinates = [51, 125, 168, 140, 139, 160, 164, 151, 102, 147, 145, 146, 169, 159, 128, 160, 134, 155, 129, 141, 161]
x_dimensions = [4, 19, 14, 4, 4, 4, 4, 3, 3, 3, 3, 12, 11, 3, 3, 3, 3, 3, 3, 3, 3]
y_dimensions = [20, 4, 4, 8, 7, 6, 4, 4, 21, 20, 19, 3, 3, 10, 9, 8, 7, 6, 5, 4, 3]
minimum_height = 172
----------
x_coordinates = [5, 6, 7, 13, 17, 13, 23, 24, 24, 6, 21, 13, 13, 10, 3, 4, 24, 1, 23, 24, 3]
y_coordinates = [74, 133, 166, 151, 158, 159, 167, 156, 112, 143, 148, 142, 145, 156, 136, 163, 160, 164, 137, 145, 160]
x_dimensions = [4, 19, 14, 4, 4, 4, 4, 3, 3, 3, 3, 12, 11, 3, 3, 3, 3, 3, 3, 3, 3]
y_dimensions = [20, 4, 4, 8, 7, 6, 4, 4, 21, 20, 19, 3, 3, 10, 9, 8, 7, 6, 5, 4, 3]
minimum_height = 171
----------
x_coordinates = [6, 7, 9, 9, 8, 12, 23, 13, 24, 1, 19, 16, 11, 5, 15, 5, 22, 22, 23, 4, 16]
y_coordinates = [84, 143, 166, 148, 158, 160, 165, 149, 122, 146, 147, 151, 140, 152, 136, 162, 152, 159, 147, 146, 163]
x_dimensions = [4, 19, 14, 4, 4, 4, 4, 3, 3, 3, 3, 3, 11, 3, 9, 3, 3, 3, 3, 3, 3]
y_dimensions = [20, 4, 4, 8, 7, 6, 4, 4, 21, 20, 19, 12, 3, 10, 3, 8, 7, 6, 5, 4, 3]
minimum_height = 170
----------
x_coordinates = [4, 2, 7, 16, 20, 12, 3, 0, 24, 6, 21, 17, 16, 18, 10, 24, 24, 23, 6, 8, 18]
y_coordinates = [0, 145, 165, 139, 134, 161, 164, 164, 110, 147, 150, 119, 131, 152, 136, 161, 154, 141, 156, 161, 162]
x_dimensions = [4, 4, 14, 4, 4, 6, 4, 3, 3, 20, 3, 3, 11, 3, 9, 3, 3, 3, 3, 3, 3]
y_dimensions = [20, 19, 4, 8, 7, 4, 4, 4, 21, 3, 19, 12, 3, 10, 3, 8, 7, 6, 5, 4, 3]
minimum_height = 169
----------
x_coordinates = [1, 4, 10, 10, 23, 20, 9, 7, 0, 3, 24, 22, 8, 20, 14, 6, 23, 24, 23, 1, 17]
y_coordinates = [80, 141, 158, 146, 142, 162, 164, 146, 147, 148, 149, 107, 154, 148, 145, 157, 124, 136, 131, 143, 163]
x_dimensions = [4, 19, 14, 4, 4, 4, 4, 3, 3, 3, 3, 3, 11, 3, 9, 3, 3, 3, 3, 3, 3]
y_dimensions = [20, 4, 4, 8, 7, 6, 4, 4, 21, 20, 19, 12, 3, 10, 3, 8, 7, 6, 5, 4, 3]
minimum_height = 168
----------
x_coordinates = [1, 23, 12, 16, 6, 23, 22, 1, 13, 3, 1, 10, 16, 21, 7, 20, 24, 24, 23, 4, 22]
y_coordinates = [41, 142, 117, 159, 138, 161, 113, 160, 130, 153, 156, 138, 139, 129, 159, 158, 132, 126, 121, 160, 110]
x_dimensions = [4, 4, 14, 4, 4, 4, 4, 3, 3, 20, 19, 3, 11, 3, 9, 3, 3, 3, 3, 3, 3]
y_dimensions = [20, 19, 4, 8, 7, 6, 4, 4, 21, 3, 3, 12, 3, 10, 3, 8, 7, 6, 5, 4, 3]
minimum_height = 167
----------
x_coordinates = [3, 0, 11, 23, 5, 15, 22, 24, 24, 4, 4, 9, 12, 8, 0, 21, 12, 23, 23, 17, 24]
y_coordinates = [44, 143, 114, 150, 155, 162, 110, 159, 129, 147, 151, 154, 154, 144, 162, 158, 157, 123, 118, 157, 163]
x_dimensions = [4, 4, 14, 4, 4, 6, 4, 3, 3, 20, 19, 3, 11, 10, 9, 3, 3, 3, 3, 3, 3]
y_dimensions = [20, 19, 4, 8, 7, 4, 4, 4, 21, 3, 3, 12, 3, 3, 3, 8, 7, 6, 5, 4, 3]
minimum_height = 166
----------
x_coordinates = [7, 9, 5, 19, 23, 17, 22, 12, 21, 12, 0, 2, 1, 13, 13, 1, 14, 24, 14, 18, 22]
y_coordinates = [72, 143, 144, 161, 153, 157, 149, 139, 128, 119, 162, 146, 138, 154, 151, 159, 116, 141, 157, 140, 125]
x_dimensions = [4, 4, 4, 8, 4, 6, 4, 3, 3, 3, 19, 3, 11, 10, 9, 8, 7, 3, 3, 3, 3]
y_dimensions = [20, 19, 14, 4, 7, 4, 4, 4, 21, 20, 3, 12, 3, 3, 3, 3, 3, 6, 5, 4, 3]
minimum_height = 165
----------
x_coordinates = [4, 16, 3, 19, 23, 0, 22, 18, 22, 13, 0, 7, 16, 13, 14, 6, 20, 24, 10, 21, 5]
y_coordinates = [74, 123, 143, 160, 153, 157, 149, 142, 116, 134, 161, 146, 146, 154, 157, 158, 137, 140, 152, 141, 139]
x_dimensions = [4, 4, 4, 8, 4, 6, 4, 3, 3, 3, 19, 3, 11, 10, 9, 8, 7, 3, 3, 3, 3]
y_dimensions = [20, 19, 14, 4, 7, 4, 4, 4, 21, 20, 3, 12, 3, 3, 3, 3, 3, 6, 5, 4, 3]
minimum_height = 164
----------
x_coordinates = [3, 17, 17, 19, 23, 1, 22, 8, 21, 14, 0, 24, 0, 13, 14, 5, 1, 24, 21, 11, 4]
y_coordinates = [34, 134, 120, 159, 152, 154, 127, 147, 131, 133, 160, 140, 151, 156, 153, 157, 148, 121, 122, 150, 126]
x_dimensions = [4, 4, 4, 8, 4, 4, 4, 3, 3, 3, 19, 3, 11, 10, 9, 8, 7, 3, 3, 3, 3]
y_dimensions = [20, 19, 14, 4, 7, 6, 4, 4, 21, 20, 3, 12, 3, 3, 3, 3, 3, 6, 5, 4, 3]
minimum_height = 163
----------
x_coordinates = [4, 17, 20, 13, 3, 12, 22, 20, 23, 1, 10, 21, 24, 11, 9, 13, 4, 24, 20, 0, 14]
y_coordinates = [41, 134, 111, 145, 152, 131, 125, 102, 129, 156, 137, 150, 151, 159, 105, 153, 159, 110, 106, 159, 142]
x_dimensions = [4, 4, 4, 4, 7, 4, 4, 3, 3, 20, 3, 3, 3, 10, 9, 8, 7, 3, 3, 4, 3]
y_dimensions = [20, 19, 14, 8, 4, 6, 4, 4, 21, 3, 19, 12, 11, 3, 3, 3, 3, 6, 5, 3, 3]
minimum_height = 162
----------
x_coordinates = [6, 22, 20, 3, 17, 23, 21, 16, 0, 3, 19, 7, 18, 17, 10, 11, 18, 24, 24, 7, 21]
y_coordinates = [79, 136, 110, 150, 124, 155, 100, 148, 140, 158, 139, 152, 128, 104, 145, 155, 107, 127, 122, 147, 97]
x_dimensions = [4, 4, 4, 4, 7, 4, 4, 3, 3, 20, 3, 12, 3, 10, 9, 8, 7, 3, 3, 3, 3]
y_dimensions = [20, 19, 14, 8, 4, 6, 4, 4, 21, 3, 19, 3, 11, 3, 3, 3, 3, 6, 5, 4, 3]
minimum_height = 161
----------
x_coordinates = [6, 20, 19, 1, 13, 7, 1, 17, 18, 0, 24, 8, 24, 10, 8, 19, 19, 24, 5, 20, 5]
y_coordinates = [40, 138, 110, 152, 156, 156, 148, 146, 89, 143, 141, 153, 130, 150, 146, 124, 127, 118, 148, 157, 153]
x_dimensions = [20, 4, 4, 4, 7, 6, 4, 3, 3, 20, 3, 12, 3, 10, 9, 8, 7, 3, 3, 4, 3]
y_dimensions = [4, 19, 14, 8, 4, 4, 4, 4, 21, 3, 19, 3, 11, 3, 3, 3, 3, 6, 5, 3, 3]
minimum_height = 160
----------
x_coordinates = [5, 23, 6, 5, 19, 9, 9, 20, 20, 0, 4, 15, 1, 13, 0, 11, 3, 24, 0, 17, 8]
y_coordinates = [77, 137, 139, 151, 121, 155, 151, 152, 125, 143, 146, 156, 148, 149, 129, 124, 136, 126, 138, 152, 131]
x_dimensions = [20, 4, 14, 4, 7, 6, 4, 3, 3, 20, 19, 12, 3, 10, 3, 8, 3, 3, 3, 3, 3]
y_dimensions = [4, 19, 4, 8, 4, 4, 4, 4, 21, 3, 3, 3, 11, 3, 9, 3, 7, 6, 5, 4, 3]
minimum_height = 159
----------
x_coordinates = [11, 0, 10, 15, 20, 16, 6, 23, 24, 4, 5, 14, 4, 17, 15, 12, 10, 24, 7, 21, 21]
y_coordinates = [12, 139, 140, 154, 126, 136, 151, 154, 130, 144, 147, 112, 155, 151, 130, 125, 150, 120, 139, 122, 133]
x_dimensions = [4, 4, 14, 8, 7, 6, 4, 3, 3, 20, 19, 12, 11, 10, 9, 8, 7, 3, 3, 3, 3]
y_dimensions = [20, 19, 4, 4, 4, 4, 4, 4, 21, 3, 3, 3, 3, 3, 3, 3, 3, 6, 5, 4, 3]
minimum_height = 158
----------
x_coordinates = [3, 2, 7, 17, 14, 21, 0, 23, 21, 1, 1, 4, 16, 24, 15, 11, 20, 24, 4, 1, 14]
y_coordinates = [54, 139, 146, 119, 128, 125, 146, 121, 129, 143, 154, 151, 150, 140, 116, 124, 153, 131, 146, 150, 125]
x_dimensions = [4, 19, 14, 4, 7, 6, 4, 3, 3, 20, 19, 12, 11, 3, 9, 3, 7, 3, 3, 3, 3]
y_dimensions = [20, 4, 4, 8, 4, 4, 4, 4, 21, 3, 3, 3, 3, 10, 3, 8, 3, 6, 5, 4, 3]
minimum_height = 157
----------
x_coordinates = [7, 2, 11, 19, 16, 15, 8, 23, 21, 1, 2, 0, 8, 24, 11, 12, 12, 24, 24, 18, 24]
y_coordinates = [77, 140, 116, 152, 127, 136, 136, 126, 131, 144, 147, 153, 150, 142, 124, 129, 153, 120, 134, 132, 139]
x_dimensions = [20, 19, 14, 8, 7, 6, 4, 3, 3, 20, 19, 12, 11, 3, 9, 3, 7, 3, 3, 3, 3]
y_dimensions = [4, 4, 4, 4, 4, 4, 4, 4, 21, 3, 3, 3, 3, 10, 3, 8, 3, 6, 5, 4, 3]
minimum_height = 156
----------
x_coordinates = [7, 1, 7, 22, 17, 18, 20, 22, 24, 0, 2, 15, 21, 22, 16, 14, 20, 24, 2, 24, 20]
y_coordinates = [44, 140, 144, 119, 129, 133, 137, 109, 127, 151, 148, 113, 141, 99, 116, 132, 152, 93, 145, 148, 96]
x_dimensions = [20, 19, 14, 4, 7, 6, 4, 3, 3, 20, 19, 12, 3, 3, 9, 3, 7, 3, 5, 3, 3]
y_dimensions = [4, 4, 4, 8, 4, 4, 4, 4, 21, 3, 3, 3, 11, 10, 3, 8, 3, 6, 3, 4, 3]
minimum_height = 155
----------
x_coordinates = [6, 1, 7, 20, 14, 15, 20, 22, 21, 0, 6, 11, 1, 24, 12, 11, 22, 24, 1, 21, 4]
y_coordinates = [68, 144, 140, 117, 132, 136, 146, 110, 125, 148, 107, 114, 151, 143, 151, 132, 100, 135, 139, 150, 141]
x_dimensions = [20, 19, 14, 4, 7, 6, 4, 3, 3, 20, 19, 12, 11, 3, 9, 3, 3, 3, 3, 3, 3]
y_dimensions = [4, 4, 4, 8, 4, 4, 4, 4, 21, 3, 3, 3, 3, 10, 3, 8, 7, 6, 5, 4, 3]
minimum_height = 154
----------
x_coordinates = [13, 4, 13, 22, 2, 18, 23, 21, 0, 7, 4, 9, 3, 24, 14, 15, 21, 24, 10, 23, 21]
y_coordinates = [75, 140, 136, 110, 128, 125, 140, 129, 132, 144, 147, 117, 150, 124, 150, 123, 118, 118, 133, 149, 133]
x_dimensions = [4, 19, 14, 4, 7, 6, 4, 3, 3, 20, 19, 12, 11, 3, 9, 3, 3, 3, 3, 3, 3]
y_dimensions = [20, 4, 4, 8, 4, 4, 4, 4, 21, 3, 3, 3, 3, 10, 3, 8, 7, 6, 5, 4, 3]
minimum_height = 153
----------
x_coordinates = [13, 2, 13, 21, 16, 17, 19, 22, 23, 1, 8, 15, 16, 22, 7, 13, 21, 24, 15, 24, 19]
y_coordinates = [0, 138, 104, 96, 130, 134, 121, 89, 118, 143, 149, 93, 146, 108, 146, 129, 139, 83, 117, 141, 117]
x_dimensions = [4, 19, 14, 4, 7, 6, 4, 3, 3, 20, 19, 12, 11, 3, 9, 3, 3, 3, 3, 3, 3]
y_dimensions = [20, 4, 4, 8, 4, 4, 4, 4, 21, 3, 3, 3, 3, 10, 3, 8, 7, 6, 5, 4, 3]
minimum_height = 152
----------
x_coordinates = [7, 1, 8, 21, 17, 18, 23, 24, 24, 7, 1, 10, 16, 23, 12, 14, 22, 24, 23, 20, 21]
y_coordinates = [72, 144, 137, 92, 129, 133, 147, 110, 119, 83, 148, 141, 86, 100, 91, 129, 140, 77, 114, 147, 89]
x_dimensions = [20, 19, 14, 4, 7, 6, 4, 3, 3, 20, 19, 12, 11, 3, 9, 3, 3, 3, 3, 3, 3]
y_dimensions = [4, 4, 4, 8, 4, 4, 4, 4, 21, 3, 3, 3, 3, 10, 3, 8, 7, 6, 5, 4, 3]
minimum_height = 151
----------
x_coordinates = [5, 1, 10, 23, 17, 11, 20, 24, 24, 4, 2, 15, 13, 23, 1, 8, 24, 24, 23, 21, 19]
y_coordinates = [73, 142, 137, 99, 127, 127, 141, 92, 122, 134, 147, 96, 131, 107, 133, 121, 143, 86, 117, 145, 105]
x_dimensions = [4, 19, 14, 4, 7, 6, 4, 3, 3, 20, 19, 12, 11, 3, 3, 3, 3, 3, 3, 3, 3]
y_dimensions = [20, 4, 4, 8, 4, 4, 4, 4, 21, 3, 3, 3, 3, 10, 9, 8, 7, 6, 5, 4, 3]
minimum_height = 150
----------
x_coordinates = [5, 4, 8, 20, 4, 18, 23, 24, 24, 2, 8, 8, 11, 24, 22, 1, 23, 24, 24, 20, 21]
y_coordinates = [73, 141, 137, 109, 127, 124, 138, 125, 86, 134, 117, 146, 128, 107, 129, 124, 142, 80, 120, 145, 105]
x_dimensions = [4, 19, 14, 4, 7, 6, 4, 3, 3, 20, 19, 12, 11, 3, 3, 3, 3, 3, 3, 3, 3]
y_dimensions = [20, 4, 4, 8, 4, 4, 4, 4, 21, 3, 3, 3, 3, 10, 9, 8, 7, 6, 5, 4, 3]
minimum_height = 149
----------
x_coordinates = [4, 1, 7, 23, 11, 18, 20, 24, 24, 4, 5, 3, 1, 23, 21, 8, 24, 24, 23, 16, 19]
y_coordinates = [32, 141, 137, 92, 125, 125, 144, 110, 119, 132, 129, 145, 130, 100, 135, 121, 140, 86, 114, 145, 99]
x_dimensions = [4, 19, 14, 4, 7, 6, 4, 3, 3, 20, 19, 12, 3, 3, 3, 3, 3, 3, 3, 4, 3]
y_dimensions = [20, 4, 4, 8, 4, 4, 4, 4, 21, 3, 3, 3, 11, 10, 9, 8, 7, 6, 5, 3, 3]
minimum_height = 148
----------
x_coordinates = [11, 1, 13, 23, 14, 21, 20, 24, 24, 7, 8, 8, 3, 24, 0, 6, 24, 24, 23, 20, 21]
y_coordinates = [72, 143, 117, 78, 136, 136, 140, 126, 86, 133, 130, 140, 132, 107, 132, 137, 140, 72, 121, 144, 106]
x_dimensions = [4, 19, 14, 4, 7, 6, 4, 3, 3, 20, 19, 12, 3, 3, 3, 8, 3, 3, 3, 4, 3]
y_dimensions = [20, 4, 4, 8, 4, 4, 4, 4, 21, 3, 3, 3, 11, 10, 9, 3, 7, 6, 5, 3, 3]
minimum_height = 147
----------
x_coordinates = [6, 4, 12, 20, 14, 3, 23, 10, 24, 7, 0, 11, 13, 23, 1, 7, 7, 24, 3, 21, 22]
y_coordinates = [2, 121, 101, 126, 139, 138, 118, 136, 122, 143, 127, 117, 136, 108, 118, 132, 140, 95, 133, 139, 105]
x_dimensions = [4, 19, 14, 4, 7, 4, 4, 3, 3, 20, 3, 12, 11, 3, 3, 3, 7, 3, 3, 3, 3]
y_dimensions = [20, 4, 4, 8, 4, 6, 4, 4, 21, 3, 19, 3, 3, 10, 9, 8, 3, 6, 5, 4, 3]
minimum_height = 146
----------
x_coordinates = [2, 4, 13, 20, 3, 21, 23, 24, 24, 7, 3, 11, 0, 23, 1, 13, 22, 24, 23, 21, 22]
y_coordinates = [33, 126, 100, 118, 135, 136, 129, 104, 108, 133, 142, 130, 134, 90, 125, 138, 83, 74, 140, 107, 80]
x_dimensions = [4, 19, 14, 4, 4, 6, 4, 3, 3, 20, 19, 12, 3, 3, 3, 8, 3, 3, 3, 3, 3]
y_dimensions = [20, 4, 4, 8, 7, 4, 4, 4, 21, 3, 3, 3, 11, 10, 9, 3, 7, 6, 5, 4, 3]
minimum_height = 145
----------
x_coordinates = [8, 1, 9, 23, 3, 0, 22, 20, 24, 4, 5, 11, 24, 23, 20, 23, 22, 24, 3, 23, 20]
y_coordinates = [36, 128, 105, 113, 134, 138, 129, 112, 71, 141, 138, 109, 133, 99, 120, 121, 92, 65, 123, 109, 101]
x_dimensions = [4, 19, 14, 4, 7, 4, 4, 3, 3, 20, 19, 12, 3, 3, 3, 3, 3, 3, 3, 3, 3]
y_dimensions = [20, 4, 4, 8, 4, 6, 4, 4, 21, 3, 3, 3, 11, 10, 9, 8, 7, 6, 5, 4, 3]
minimum_height = 144
----------
x_coordinates = [10, 20, 12, 16, 6, 14, 19, 19, 13, 0, 1, 1, 3, 24, 24, 21, 18, 24, 15, 10, 24]
y_coordinates = [64, 123, 101, 122, 129, 139, 111, 107, 110, 136, 133, 114, 140, 124, 134, 115, 115, 110, 105, 121, 121]
x_dimensions = [4, 4, 14, 4, 7, 6, 4, 3, 3, 20, 19, 12, 11, 3, 3, 3, 3, 3, 3, 3, 3]
y_dimensions = [20, 19, 4, 8, 4, 4, 4, 4, 21, 3, 3, 3, 3, 10, 9, 8, 7, 6, 5, 4, 3]
minimum_height = 143
----------
x_coordinates = [1, 23, 9, 19, 6, 8, 22, 22, 16, 3, 8, 13, 0, 22, 14, 21, 22, 23, 22, 24, 12]
y_coordinates = [70, 123, 131, 123, 107, 138, 111, 84, 110, 135, 81, 105, 131, 88, 139, 115, 98, 75, 108, 119, 122]
x_dimensions = [4, 4, 14, 4, 7, 6, 4, 3, 3, 20, 19, 12, 3, 3, 9, 3, 3, 3, 5, 3, 3]
y_dimensions = [20, 19, 4, 8, 4, 4, 4, 4, 21, 3, 3, 3, 11, 10, 3, 8, 7, 6, 3, 4, 3]
minimum_height = 142
----------
x_coordinates = [13, 1, 11, 20, 9, 12, 0, 22, 16, 4, 8, 4, 1, 24, 18, 23, 20, 24, 19, 24, 1]
y_coordinates = [68, 130, 102, 126, 125, 137, 124, 111, 109, 134, 106, 122, 138, 128, 138, 115, 116, 96, 123, 123, 121]
x_dimensions = [4, 19, 14, 4, 7, 6, 4, 3, 3, 20, 19, 12, 11, 3, 9, 3, 3, 3, 5, 3, 3]
y_dimensions = [20, 4, 4, 8, 4, 4, 4, 4, 21, 3, 3, 3, 3, 10, 3, 8, 7, 6, 3, 4, 3]
minimum_height = 141
----------
x_coordinates = [1, 0, 10, 19, 6, 9, 0, 24, 7, 6, 5, 4, 6, 3, 18, 24, 0, 24, 19, 16, 13]
y_coordinates = [0, 125, 120, 130, 129, 97, 121, 118, 104, 134, 101, 113, 137, 129, 137, 122, 129, 100, 124, 129, 129]
x_dimensions = [4, 19, 14, 8, 7, 6, 4, 3, 3, 20, 19, 3, 11, 3, 9, 3, 3, 3, 5, 3, 3]
y_dimensions = [20, 4, 4, 4, 4, 4, 4, 4, 21, 3, 3, 12, 3, 10, 3, 8, 7, 6, 3, 4, 3]
minimum_height = 140
----------
x_coordinates = [10, 3, 13, 23, 20, 21, 20, 21, 0, 3, 7, 8, 12, 5, 18, 24, 24, 24, 22, 0, 18]
y_coordinates = [62, 129, 124, 131, 112, 98, 116, 120, 114, 136, 102, 115, 133, 111, 95, 116, 105, 89, 128, 135, 121]
x_dimensions = [4, 19, 14, 4, 7, 6, 4, 3, 3, 20, 19, 12, 11, 3, 9, 3, 3, 3, 5, 3, 3]
y_dimensions = [20, 4, 4, 8, 4, 4, 4, 4, 21, 3, 3, 3, 3, 10, 3, 8, 7, 6, 3, 4, 3]
minimum_height = 139
----------
x_coordinates = [2, 3, 13, 23, 17, 14, 17, 24, 5, 4, 8, 2, 12, 9, 18, 0, 24, 24, 21, 20, 22]
y_coordinates = [30, 131, 127, 119, 109, 123, 105, 134, 110, 135, 113, 112, 120, 118, 116, 130, 106, 97, 103, 123, 131]
x_dimensions = [4, 19, 14, 4, 7, 6, 4, 3, 3, 20, 19, 3, 11, 3, 9, 3, 3, 3, 5, 3, 3]
y_dimensions = [20, 4, 4, 8, 4, 4, 4, 4, 21, 3, 3, 12, 3, 10, 3, 8, 7, 6, 3, 4, 3]
minimum_height = 138
----------
x_coordinates = [11, 8, 12, 23, 4, 21, 18, 21, 24, 7, 4, 10, 10, 11, 0, 3, 1, 24, 22, 20, 24]
y_coordinates = [38, 126, 130, 114, 119, 86, 92, 122, 93, 134, 116, 103, 89, 121, 118, 123, 111, 80, 90, 112, 123]
x_dimensions = [4, 19, 14, 4, 7, 6, 4, 3, 3, 20, 19, 3, 11, 10, 3, 3, 3, 3, 5, 3, 3]
y_dimensions = [20, 4, 4, 8, 4, 4, 4, 4, 21, 3, 3, 12, 3, 3, 9, 8, 7, 6, 3, 4, 3]
minimum_height = 137
----------
x_coordinates = [9, 5, 10, 9, 13, 22, 19, 24, 8, 7, 0, 16, 11, 23, 20, 24, 12, 24, 21, 24, 7]
y_coordinates = [35, 127, 131, 119, 123, 103, 114, 132, 95, 92, 116, 104, 101, 110, 118, 124, 108, 86, 98, 120, 131]
x_dimensions = [4, 19, 14, 4, 7, 4, 4, 3, 3, 20, 19, 3, 11, 3, 3, 3, 3, 3, 5, 3, 3]
y_dimensions = [20, 4, 4, 8, 4, 6, 4, 4, 21, 3, 3, 12, 3, 10, 9, 8, 7, 6, 3, 4, 3]
minimum_height = 136
----------
x_coordinates = [7, 8, 10, 20, 13, 8, 4, 24, 7, 7, 1, 19, 12, 23, 24, 5, 2, 24, 21, 9, 24]
y_coordinates = [66, 127, 131, 119, 123, 114, 115, 104, 93, 90, 120, 104, 116, 108, 118, 126, 126, 95, 101, 123, 132]
x_dimensions = [20, 19, 14, 4, 7, 4, 4, 3, 3, 20, 19, 3, 11, 3, 3, 3, 3, 3, 5, 3, 3]
y_dimensions = [4, 4, 4, 8, 4, 6, 4, 4, 21, 3, 3, 12, 3, 10, 9, 8, 7, 6, 3, 4, 3]
minimum_height = 135
----------
x_coordinates = [8, 4, 18, 23, 12, 4, 21, 22, 2, 5, 0, 11, 9, 22, 19, 1, 9, 24, 21, 3, 20]
y_coordinates = [66, 130, 103, 126, 123, 124, 96, 112, 95, 100, 117, 105, 127, 116, 118, 125, 120, 106, 93, 120, 127]
x_dimensions = [4, 19, 4, 4, 7, 4, 4, 3, 3, 20, 19, 3, 11, 3, 3, 3, 3, 3, 5, 3, 3]
y_dimensions = [20, 4, 14, 8, 4, 6, 4, 4, 21, 3, 3, 12, 3, 10, 9, 8, 7, 6, 3, 4, 3]
minimum_height = 134
----------
x_coordinates = [7, 8, 20, 23, 20, 22, 13, 24, 16, 7, 3, 0, 2, 24, 20, 14, 17, 24, 21, 22, 13]
y_coordinates = [57, 112, 98, 124, 120, 92, 121, 98, 91, 86, 116, 111, 123, 102, 124, 125, 119, 80, 89, 116, 101]
x_dimensions = [20, 19, 4, 4, 7, 4, 4, 3, 3, 20, 19, 3, 11, 3, 3, 3, 3, 3, 5, 3, 3]
y_dimensions = [4, 4, 14, 8, 4, 6, 4, 4, 21, 3, 3, 12, 3, 10, 9, 8, 7, 6, 3, 4, 3]
minimum_height = 133
----------
x_coordinates = [2, 0, 19, 3, 11, 7, 20, 23, 3, 7, 6, 5, 16, 0, 24, 19, 18, 24, 20, 21, 21]
y_coordinates = [64, 117, 104, 124, 128, 126, 118, 114, 94, 101, 95, 121, 92, 121, 120, 129, 122, 108, 98, 125, 122]
x_dimensions = [4, 19, 4, 4, 7, 4, 4, 3, 3, 20, 19, 12, 11, 3, 3, 8, 3, 3, 5, 3, 3]
y_dimensions = [20, 4, 14, 8, 4, 6, 4, 4, 21, 3, 3, 3, 3, 10, 9, 3, 7, 6, 3, 4, 3]
minimum_height = 132
----------
x_coordinates = [9, 6, 19, 7, 11, 18, 22, 23, 3, 7, 0, 23, 16, 4, 24, 16, 18, 23, 20, 21, 15]
y_coordinates = [35, 91, 107, 123, 124, 101, 102, 106, 94, 88, 118, 110, 95, 121, 122, 128, 121, 82, 98, 124, 105]
x_dimensions = [4, 19, 4, 4, 7, 4, 4, 3, 3, 20, 19, 3, 11, 3, 3, 8, 3, 3, 5, 3, 3]
y_dimensions = [20, 4, 14, 8, 4, 6, 4, 4, 21, 3, 3, 12, 3, 10, 9, 3, 7, 6, 3, 4, 3]
minimum_height = 131
----------
x_coordinates = [6, 6, 19, 14, 7, 9, 23, 24, 3, 7, 0, 24, 13, 4, 21, 19, 18, 24, 19, 24, 23]
y_coordinates = [55, 103, 107, 122, 126, 97, 110, 99, 95, 91, 117, 114, 97, 120, 121, 94, 123, 84, 100, 126, 107]
x_dimensions = [4, 19, 4, 4, 7, 4, 4, 3, 3, 20, 19, 3, 11, 3, 3, 8, 3, 3, 5, 3, 3]
y_dimensions = [20, 4, 14, 8, 4, 6, 4, 4, 21, 3, 3, 12, 3, 10, 9, 3, 7, 6, 3, 4, 3]
minimum_height = 130
----------
x_coordinates = [9, 6, 22, 7, 11, 20, 19, 24, 3, 7, 1, 24, 13, 4, 21, 19, 18, 24, 23, 24, 22]
y_coordinates = [60, 109, 80, 121, 124, 113, 102, 105, 93, 97, 116, 113, 106, 119, 120, 94, 122, 71, 100, 125, 77]
x_dimensions = [4, 19, 4, 4, 7, 4, 4, 3, 3, 20, 19, 3, 11, 3, 3, 8, 3, 3, 3, 3, 3]
y_dimensions = [20, 4, 14, 8, 4, 6, 4, 4, 21, 3, 3, 12, 3, 10, 9, 3, 7, 6, 5, 4, 3]
minimum_height = 129
----------
x_coordinates = [6, 2, 21, 14, 7, 23, 19, 24, 12, 7, 6, 21, 16, 4, 24, 15, 18, 24, 23, 21, 24]
y_coordinates = [51, 114, 73, 120, 124, 105, 108, 111, 93, 90, 87, 112, 97, 118, 119, 104, 121, 67, 100, 124, 116]
x_dimensions = [20, 19, 4, 4, 7, 4, 4, 3, 3, 20, 19, 3, 11, 3, 3, 8, 3, 3, 3, 3, 3]
y_dimensions = [4, 4, 14, 8, 4, 6, 4, 4, 21, 3, 3, 12, 3, 10, 9, 3, 7, 6, 5, 4, 3]
minimum_height = 128
----------
x_coordinates = [9, 2, 22, 1, 11, 6, 23, 24, 0, 7, 5, 24, 10, 8, 21, 19, 18, 24, 16, 21, 3]
y_coordinates = [50, 113, 84, 119, 123, 107, 101, 108, 92, 98, 117, 115, 110, 120, 108, 105, 120, 78, 104, 123, 107]
x_dimensions = [4, 19, 4, 4, 7, 4, 4, 3, 3, 20, 19, 3, 11, 10, 3, 8, 3, 3, 3, 3, 3]
y_dimensions = [20, 4, 14, 8, 4, 6, 4, 4, 21, 3, 3, 12, 3, 3, 9, 3, 7, 6, 5, 4, 3]
minimum_height = 127
----------
x_coordinates = [4, 2, 23, 14, 7, 1, 23, 24, 2, 7, 5, 5, 21, 7, 24, 17, 18, 24, 21, 21, 24]
y_coordinates = [57, 102, 89, 107, 113, 117, 82, 109, 99, 86, 123, 117, 103, 120, 116, 115, 108, 103, 118, 114, 113]
x_dimensions = [4, 19, 4, 4, 7, 4, 4, 3, 21, 20, 19, 12, 3, 10, 3, 3, 3, 3, 3, 3, 3]
y_dimensions = [20, 4, 14, 8, 4, 6, 4, 4, 3, 3, 3, 3, 11, 3, 9, 8, 7, 6, 5, 4, 3]
minimum_height = 126
----------
x_coordinates = [0, 8, 20, 17, 1, 21, 23, 12, 24, 4, 8, 18, 21, 5, 2, 20, 21, 24, 20, 23, 15]
y_coordinates = [60, 116, 65, 96, 121, 79, 87, 112, 95, 62, 120, 104, 105, 111, 112, 88, 98, 72, 83, 83, 113]
x_dimensions = [4, 19, 4, 4, 7, 6, 4, 3, 3, 20, 19, 3, 3, 3, 3, 3, 3, 3, 3, 3, 3]
y_dimensions = [20, 4, 14, 8, 4, 4, 4, 4, 21, 3, 3, 12, 11, 10, 9, 8, 7, 6, 5, 4, 3]
minimum_height = 125
----------
x_coordinates = [13, 1, 22, 19, 20, 21, 10, 4, 24, 7, 6, 14, 21, 16, 13, 17, 20, 24, 7, 23, 4]
y_coordinates = [60, 120, 74, 98, 88, 70, 116, 113, 98, 95, 92, 108, 106, 98, 99, 112, 117, 64, 115, 119, 117]
x_dimensions = [4, 19, 4, 4, 7, 6, 4, 3, 3, 20, 19, 3, 3, 3, 3, 3, 3, 3, 3, 3, 3]
y_dimensions = [20, 4, 14, 8, 4, 4, 4, 4, 21, 3, 3, 12, 11, 10, 9, 8, 7, 6, 5, 4, 3]
minimum_height = 124
----------
x_coordinates = [3, 1, 20, 14, 13, 21, 3, 18, 24, 4, 8, 2, 21, 5, 1, 7, 20, 24, 0, 24, 19]
y_coordinates = [3, 108, 77, 115, 104, 91, 119, 116, 98, 99, 95, 85, 109, 89, 97, 115, 102, 85, 118, 119, 120]
x_dimensions = [4, 19, 4, 4, 7, 6, 4, 3, 3, 20, 19, 3, 3, 3, 3, 3, 3, 3, 3, 3, 3]
y_dimensions = [20, 4, 14, 8, 4, 4, 4, 4, 21, 3, 3, 12, 11, 10, 9, 8, 7, 6, 5, 4, 3]
minimum_height = 123
----------
x_coordinates = [13, 7, 22, 19, 1, 21, 20, 21, 24, 7, 8, 12, 23, 15, 9, 18, 21, 24, 6, 18, 20]
y_coordinates = [24, 69, 73, 89, 118, 65, 107, 100, 98, 62, 119, 107, 87, 109, 110, 111, 112, 56, 110, 97, 59]
x_dimensions = [4, 19, 4, 4, 7, 6, 4, 3, 3, 20, 19, 3, 3, 3, 3, 3, 3, 3, 3, 3, 3]
y_dimensions = [20, 4, 14, 8, 4, 4, 4, 4, 21, 3, 3, 12, 11, 10, 9, 8, 7, 6, 5, 4, 3]
minimum_height = 122
----------
x_coordinates = [4, 7, 23, 23, 11, 21, 23, 24, 5, 4, 18, 10, 21, 21, 8, 24, 24, 24, 20, 2, 17]
y_coordinates = [30, 78, 92, 63, 104, 74, 106, 110, 100, 71, 86, 109, 110, 82, 100, 83, 114, 57, 105, 109, 108]
x_dimensions = [4, 19, 4, 4, 7, 6, 4, 3, 3, 20, 3, 3, 3, 3, 3, 3, 3, 3, 3, 3, 3]
y_dimensions = [20, 4, 14, 8, 4, 4, 4, 4, 21, 3, 19, 12, 11, 10, 9, 8, 7, 6, 5, 4, 3]
minimum_height = 121
----------
x_coordinates = [0, 8, 4, 22, 16, 21, 23, 21, 7, 7, 13, 18, 21, 15, 24, 23, 24, 24, 20, 19, 23]
y_coordinates = [59, 77, 76, 88, 101, 73, 84, 116, 99, 70, 89, 107, 105, 110, 104, 96, 113, 64, 82, 87, 81]
x_dimensions = [4, 19, 4, 4, 7, 6, 4, 3, 3, 20, 3, 3, 3, 3, 3, 3, 3, 3, 3, 3, 3]
y_dimensions = [20, 4, 14, 8, 4, 4, 4, 4, 21, 3, 19, 12, 11, 10, 9, 8, 7, 6, 5, 4, 3]
minimum_height = 120
----------
x_coordinates = [13, 1, 10, 23, 14, 21, 23, 22, 0, 7, 19, 12, 24, 20, 21, 24, 24, 24, 20, 16, 21]
y_coordinates = [43, 95, 99, 98, 109, 66, 87, 83, 113, 63, 70, 116, 106, 97, 107, 75, 91, 57, 89, 86, 94]
x_dimensions = [4, 19, 4, 4, 7, 6, 4, 3, 21, 20, 3, 12, 3, 3, 3, 3, 3, 3, 3, 3, 3]
y_dimensions = [20, 4, 14, 8, 4, 4, 4, 4, 3, 3, 19, 3, 11, 10, 9, 8, 7, 6, 5, 4, 3]
minimum_height = 119
----------
x_coordinates = [12, 5, 6, 9, 15, 21, 23, 4, 3, 7, 21, 10, 22, 21, 7, 6, 24, 24, 19, 15, 20]
y_coordinates = [17, 94, 80, 101, 111, 61, 103, 109, 98, 58, 65, 115, 107, 84, 109, 101, 96, 83, 106, 106, 102]
x_dimensions = [4, 19, 4, 4, 7, 6, 4, 3, 21, 20, 3, 12, 3, 3, 3, 3, 3, 3, 3, 3, 3]
y_dimensions = [20, 4, 14, 8, 4, 4, 4, 4, 3, 3, 19, 3, 11, 10, 9, 8, 7, 6, 5, 4, 3]
minimum_height = 118
----------
x_coordinates = [11, 3, 17, 22, 20, 21, 23, 19, 16, 7, 19, 14, 4, 21, 15, 22, 1, 24, 10, 13, 24]
y_coordinates = [36, 64, 78, 102, 68, 87, 110, 111, 93, 75, 92, 72, 113, 54, 114, 91, 109, 62, 108, 109, 114]
x_dimensions = [4, 19, 4, 4, 7, 6, 4, 4, 3, 20, 3, 12, 11, 3, 9, 3, 3, 3, 3, 3, 3]
y_dimensions = [20, 4, 14, 8, 4, 4, 4, 3, 21, 3, 19, 3, 3, 10, 3, 8, 7, 6, 5, 4, 3]
minimum_height = 117
----------
x_coordinates = [2, 2, 23, 23, 16, 21, 20, 23, 24, 7, 9, 10, 12, 21, 15, 24, 21, 24, 24, 22, 22]
y_coordinates = [40, 89, 50, 102, 105, 64, 72, 110, 73, 43, 93, 113, 109, 82, 99, 94, 92, 37, 68, 46, 113]
x_dimensions = [4, 19, 4, 4, 7, 6, 4, 4, 3, 20, 3, 12, 11, 3, 9, 3, 3, 3, 3, 3, 3]
y_dimensions = [20, 4, 14, 8, 4, 4, 4, 3, 21, 3, 19, 3, 3, 10, 3, 8, 7, 6, 5, 4, 3]
minimum_height = 116
----------
x_coordinates = [8, 8, 22, 23, 20, 21, 20, 19, 24, 4, 24, 12, 16, 21, 15, 21, 21, 23, 24, 17, 23]
y_coordinates = [56, 48, 30, 104, 71, 44, 79, 103, 80, 52, 52, 68, 112, 55, 65, 85, 94, 24, 75, 82, 101]
x_dimensions = [4, 19, 4, 4, 7, 6, 4, 4, 3, 20, 3, 12, 11, 3, 9, 3, 3, 3, 3, 3, 3]
y_dimensions = [20, 4, 14, 8, 4, 4, 4, 3, 21, 3, 19, 3, 3, 10, 3, 8, 7, 6, 5, 4, 3]
minimum_height = 115
----------
x_coordinates = [3, 2, 21, 23, 4, 21, 20, 19, 24, 7, 11, 0, 12, 8, 15, 21, 21, 23, 5, 17, 22]
y_coordinates = [28, 66, 67, 106, 91, 63, 99, 107, 82, 60, 88, 111, 111, 98, 89, 81, 92, 54, 102, 98, 103]
x_dimensions = [4, 19, 4, 4, 7, 6, 4, 4, 3, 20, 3, 12, 11, 3, 9, 3, 3, 3, 3, 3, 3]
y_dimensions = [20, 4, 14, 8, 4, 4, 4, 3, 21, 3, 19, 3, 3, 10, 3, 8, 7, 6, 5, 4, 3]
minimum_height = 114
----------
x_coordinates = [11, 2, 23, 10, 8, 21, 22, 20, 24, 4, 24, 9, 14, 13, 15, 20, 21, 24, 14, 24, 23]
y_coordinates = [11, 41, 42, 103, 76, 38, 100, 104, 75, 71, 56, 98, 110, 55, 74, 85, 93, 32, 103, 96, 107]
x_dimensions = [4, 19, 4, 4, 7, 6, 4, 4, 3, 20, 3, 12, 11, 3, 9, 3, 3, 3, 3, 3, 3]
y_dimensions = [20, 4, 14, 8, 4, 4, 4, 3, 21, 3, 19, 3, 3, 10, 3, 8, 7, 6, 5, 4, 3]
minimum_height = 113
----------
x_coordinates = [4, 1, 14, 17, 4, 20, 8, 13, 12, 7, 13, 15, 15, 5, 16, 21, 24, 23, 2, 24, 24]
y_coordinates = [55, 51, 37, 104, 87, 50, 107, 109, 88, 34, 69, 101, 90, 100, 87, 104, 94, 44, 107, 104, 108]
x_dimensions = [4, 19, 4, 4, 7, 6, 4, 4, 3, 20, 3, 12, 11, 3, 9, 3, 3, 3, 3, 3, 3]
y_dimensions = [20, 4, 14, 8, 4, 4, 4, 3, 21, 3, 19, 3, 3, 10, 3, 8, 7, 6, 5, 4, 3]
minimum_height = 112
----------
x_coordinates = [3, 2, 11, 10, 2, 21, 14, 23, 12, 7, 9, 12, 14, 4, 15, 24, 8, 24, 7, 24, 7]
y_coordinates = [49, 73, 59, 103, 92, 72, 104, 105, 79, 56, 77, 100, 108, 101, 95, 97, 96, 87, 103, 93, 108]
x_dimensions = [4, 19, 4, 4, 7, 6, 4, 4, 3, 20, 3, 12, 11, 3, 9, 3, 3, 3, 3, 3, 3]
y_dimensions = [20, 4, 14, 8, 4, 4, 4, 3, 21, 3, 19, 3, 3, 10, 3, 8, 7, 6, 5, 4, 3]
minimum_height = 111
----------
x_coordinates = [4, 1, 20, 11, 8, 22, 19, 23, 22, 0, 24, 15, 0, 14, 15, 24, 5, 24, 7, 22, 2]
y_coordinates = [43, 76, 79, 102, 97, 71, 103, 104, 46, 81, 77, 107, 106, 85, 95, 96, 99, 40, 92, 67, 103]
x_dimensions = [4, 19, 4, 4, 7, 4, 4, 4, 3, 20, 3, 12, 11, 3, 9, 3, 3, 3, 3, 3, 3]
y_dimensions = [20, 4, 14, 8, 4, 6, 4, 3, 21, 3, 19, 3, 3, 10, 3, 8, 7, 6, 5, 4, 3]
minimum_height = 110
----------
x_coordinates = [9, 4, 0, 16, 0, 23, 23, 12, 12, 9, 24, 0, 16, 6, 15, 20, 13, 24, 7, 22, 10]
y_coordinates = [48, 73, 76, 98, 97, 73, 102, 105, 77, 78, 83, 105, 106, 87, 95, 98, 98, 67, 100, 79, 101]
x_dimensions = [4, 19, 4, 4, 7, 4, 4, 4, 3, 3, 3, 12, 11, 3, 9, 3, 3, 3, 3, 3, 3]
y_dimensions = [20, 4, 14, 8, 4, 6, 4, 3, 21, 20, 19, 3, 3, 10, 3, 8, 7, 6, 5, 4, 3]
minimum_height = 109
----------
x_coordinates = [9, 6, 3, 10, 20, 20, 23, 4, 17, 4, 24, 11, 15, 21, 7, 8, 22, 24, 20, 24, 22]
y_coordinates = [43, 74, 90, 89, 60, 91, 101, 104, 81, 78, 80, 102, 105, 81, 97, 100, 64, 50, 97, 56, 71]
x_dimensions = [4, 19, 4, 4, 7, 4, 4, 4, 3, 20, 3, 12, 11, 3, 9, 3, 3, 3, 3, 3, 3]
y_dimensions = [20, 4, 14, 8, 4, 6, 4, 3, 21, 3, 19, 3, 3, 10, 3, 8, 7, 6, 5, 4, 3]
minimum_height = 108
----------
x_coordinates = [10, 5, 17, 10, 17, 21, 23, 14, 24, 4, 0, 10, 3, 21, 2, 7, 22, 24, 18, 23, 4]
y_coordinates = [43, 76, 87, 89, 80, 90, 103, 104, 69, 84, 86, 101, 104, 66, 81, 96, 96, 63, 104, 58, 101]
x_dimensions = [4, 19, 4, 4, 7, 4, 4, 4, 3, 20, 3, 12, 11, 3, 9, 3, 3, 3, 5, 3, 3]
y_dimensions = [20, 4, 14, 8, 4, 6, 4, 3, 21, 3, 19, 3, 3, 10, 3, 8, 7, 6, 3, 4, 3]
minimum_height = 107
----------
x_coordinates = [10, 8, 18, 14, 2, 21, 23, 19, 21, 7, 23, 3, 4, 6, 9, 15, 24, 24, 22, 22, 0]
y_coordinates = [47, 67, 88, 59, 96, 71, 102, 102, 42, 77, 80, 100, 103, 86, 95, 98, 56, 50, 99, 63, 101]
x_dimensions = [4, 19, 4, 4, 7, 4, 4, 4, 3, 20, 3, 12, 11, 3, 9, 3, 3, 3, 5, 3, 3]
y_dimensions = [20, 4, 14, 8, 4, 6, 4, 3, 21, 3, 19, 3, 3, 10, 3, 8, 7, 6, 3, 4, 3]
minimum_height = 106
----------
x_coordinates = [4, 5, 20, 11, 20, 22, 23, 7, 24, 4, 23, 0, 12, 23, 8, 9, 24, 24, 22, 22, 6]
y_coordinates = [44, 66, 84, 70, 60, 71, 101, 76, 77, 81, 41, 102, 101, 31, 59, 94, 64, 20, 98, 27, 99]
x_dimensions = [4, 19, 4, 4, 7, 4, 4, 4, 3, 20, 3, 12, 11, 3, 9, 3, 3, 3, 5, 3, 3]
y_dimensions = [20, 4, 14, 8, 4, 6, 4, 3, 21, 3, 19, 3, 3, 10, 3, 8, 7, 6, 3, 4, 3]
minimum_height = 105
----------
x_coordinates = [7, 6, 20, 10, 11, 23, 13, 3, 24, 4, 24, 15, 4, 23, 2, 0, 11, 24, 7, 24, 12]
y_coordinates = [50, 46, 86, 86, 67, 54, 94, 101, 79, 78, 60, 100, 98, 36, 70, 96, 71, 26, 101, 32, 101]
x_dimensions = [4, 19, 4, 4, 7, 4, 4, 4, 3, 20, 3, 12, 11, 3, 9, 3, 3, 3, 5, 3, 3]
y_dimensions = [20, 4, 14, 8, 4, 6, 4, 3, 21, 3, 19, 3, 3, 10, 3, 8, 7, 6, 3, 4, 3]
minimum_height = 104
----------
x_coordinates = [13, 5, 19, 10, 17, 23, 14, 3, 0, 7, 1, 15, 4, 23, 4, 13, 3, 24, 16, 24, 14]
y_coordinates = [50, 74, 86, 87, 69, 97, 91, 81, 82, 80, 62, 83, 84, 86, 69, 95, 96, 65, 100, 71, 88]
x_dimensions = [4, 19, 4, 4, 7, 4, 4, 4, 3, 20, 3, 12, 11, 3, 9, 3, 3, 3, 5, 3, 3]
y_dimensions = [20, 4, 14, 8, 4, 6, 4, 3, 21, 3, 19, 3, 3, 10, 3, 8, 7, 6, 3, 4, 3]
minimum_height = 103
----------
x_coordinates = [12, 6, 23, 13, 15, 19, 14, 22, 0, 7, 2, 15, 3, 4, 6, 24, 24, 24, 22, 21, 12]
y_coordinates = [49, 45, 73, 37, 69, 81, 94, 42, 81, 87, 62, 98, 96, 86, 72, 90, 63, 57, 70, 94, 99]
x_dimensions = [4, 19, 4, 4, 7, 4, 4, 4, 3, 20, 3, 12, 11, 3, 9, 3, 3, 3, 5, 3, 3]
y_dimensions = [20, 4, 14, 8, 4, 6, 4, 3, 21, 3, 19, 3, 3, 10, 3, 8, 7, 6, 3, 4, 3]
minimum_height = 102
----------
x_coordinates = [13, 8, 22, 12, 23, 9, 20, 8, 24, 4, 1, 1, 13, 23, 11, 20, 22, 24, 22, 21, 24]
y_coordinates = [49, 30, 41, 40, 68, 53, 75, 40, 80, 94, 81, 78, 79, 58, 74, 67, 34, 24, 55, 97, 77]
x_dimensions = [4, 19, 4, 4, 4, 4, 4, 4, 3, 20, 3, 12, 11, 3, 9, 3, 3, 3, 5, 3, 3]
y_dimensions = [20, 4, 14, 8, 7, 6, 4, 3, 21, 3, 19, 3, 3, 10, 3, 8, 7, 6, 3, 4, 3]
minimum_height = 101
----------
x_coordinates = [13, 7, 21, 12, 14, 21, 23, 8, 3, 7, 23, 0, 13, 24, 18, 19, 23, 24, 22, 5, 16]
y_coordinates = [49, 44, 54, 92, 69, 48, 96, 95, 89, 80, 25, 87, 86, 83, 68, 92, 18, 74, 93, 96, 97]
x_dimensions = [4, 19, 4, 4, 4, 4, 4, 4, 21, 20, 3, 3, 11, 3, 9, 3, 3, 3, 5, 3, 3]
y_dimensions = [20, 4, 14, 8, 7, 6, 4, 3, 3, 3, 19, 12, 3, 10, 3, 8, 7, 6, 3, 4, 3]
minimum_height = 100
----------
x_coordinates = [12, 8, 21, 20, 13, 21, 15, 16, 24, 4, 0, 2, 8, 24, 3, 19, 23, 24, 22, 16, 21]
y_coordinates = [48, 34, 44, 68, 69, 38, 95, 66, 68, 82, 64, 87, 88, 89, 67, 88, 58, 28, 65, 91, 96]
x_dimensions = [4, 19, 4, 4, 7, 4, 4, 4, 3, 20, 3, 3, 11, 3, 9, 3, 3, 3, 5, 3, 3]
y_dimensions = [20, 4, 14, 8, 4, 6, 4, 3, 21, 3, 19, 12, 3, 10, 3, 8, 7, 6, 3, 4, 3]
minimum_height = 99
----------
x_coordinates = [12, 8, 22, 23, 13, 0, 15, 19, 17, 7, 4, 3, 6, 0, 4, 20, 24, 24, 22, 11, 24]
y_coordinates = [48, 50, 72, 87, 79, 68, 93, 94, 72, 69, 61, 86, 90, 85, 83, 86, 62, 53, 59, 93, 95]
x_dimensions = [4, 4, 4, 4, 4, 4, 4, 4, 3, 20, 3, 3, 11, 3, 9, 3, 3, 3, 5, 3, 3]
y_dimensions = [20, 19, 14, 8, 7, 6, 4, 3, 21, 3, 19, 12, 3, 10, 3, 8, 7, 6, 3, 4, 3]
minimum_height = 98
----------
x_coordinates = [13, 5, 23, 19, 20, 0, 6, 3, 10, 4, 16, 1, 16, 13, 1, 24, 24, 24, 22, 13, 0]
y_coordinates = [43, 63, 71, 78, 86, 66, 90, 90, 73, 67, 70, 94, 93, 83, 84, 85, 64, 54, 60, 93, 91]
x_dimensions = [4, 19, 4, 4, 4, 4, 4, 3, 3, 20, 3, 12, 11, 3, 9, 3, 3, 3, 5, 3, 3]
y_dimensions = [20, 4, 14, 8, 7, 6, 4, 4, 21, 3, 19, 3, 3, 10, 3, 8, 7, 6, 3, 4, 3]
minimum_height = 97
----------
x_coordinates = [13, 8, 21, 21, 22, 3, 23, 20, 14, 7, 16, 24, 13, 17, 16, 19, 22, 24, 22, 22, 13]
y_coordinates = [28, 24, 28, 66, 82, 23, 74, 74, 75, 21, 54, 53, 51, 73, 48, 88, 14, 8, 93, 44, 72]
x_dimensions = [4, 19, 4, 4, 4, 4, 4, 3, 3, 20, 3, 3, 11, 3, 9, 3, 3, 3, 5, 3, 3]
y_dimensions = [20, 4, 14, 8, 7, 6, 4, 4, 21, 3, 19, 12, 3, 10, 3, 8, 7, 6, 3, 4, 3]
minimum_height = 96
----------
x_coordinates = [13, 4, 23, 23, 22, 19, 23, 14, 11, 4, 20, 24, 13, 17, 18, 24, 22, 24, 22, 8, 11]
y_coordinates = [19, 39, 29, 84, 69, 33, 80, 82, 62, 54, 76, 46, 57, 75, 66, 58, 22, 16, 43, 81, 83]
x_dimensions = [4, 19, 4, 4, 4, 4, 4, 3, 3, 20, 3, 3, 11, 3, 9, 3, 3, 3, 5, 3, 3]
y_dimensions = [20, 4, 14, 8, 7, 6, 4, 4, 21, 3, 19, 12, 3, 10, 3, 8, 7, 6, 3, 4, 3]
minimum_height = 95
----------
x_coordinates = [13, 5, 21, 13, 23, 1, 23, 17, 10, 4, 24, 24, 13, 20, 12, 17, 22, 24, 24, 19, 12]
y_coordinates = [3, 46, 50, 80, 83, 45, 90, 87, 67, 64, 64, 33, 43, 81, 91, 79, 26, 20, 45, 75, 88]
x_dimensions = [4, 19, 4, 4, 4, 4, 4, 3, 3, 20, 3, 3, 11, 3, 9, 3, 3, 3, 3, 3, 3]
y_dimensions = [20, 4, 14, 8, 7, 6, 4, 4, 21, 3, 19, 12, 3, 10, 3, 8, 7, 6, 5, 4, 3]
minimum_height = 94
----------
x_coordinates = [13, 5, 22, 13, 23, 1, 23, 17, 10, 4, 24, 24, 13, 20, 12, 21, 22, 23, 24, 7, 14]
y_coordinates = [21, 45, 49, 81, 82, 44, 89, 88, 72, 66, 63, 32, 42, 81, 69, 71, 25, 19, 44, 89, 90]
x_dimensions = [4, 19, 4, 4, 4, 4, 4, 3, 3, 20, 3, 3, 11, 3, 9, 3, 3, 3, 3, 3, 3]
y_dimensions = [20, 4, 14, 8, 7, 6, 4, 4, 21, 3, 19, 12, 3, 10, 3, 8, 7, 6, 5, 4, 3]
minimum_height = 93
----------
x_coordinates = [13, 2, 21, 16, 23, 17, 23, 17, 11, 7, 24, 24, 13, 20, 13, 21, 22, 23, 22, 8, 14]
y_coordinates = [3, 47, 48, 80, 81, 61, 88, 88, 71, 23, 62, 33, 42, 80, 68, 72, 26, 17, 45, 87, 89]
x_dimensions = [4, 19, 4, 4, 4, 4, 4, 3, 3, 20, 3, 3, 11, 3, 9, 3, 3, 3, 5, 3, 3]
y_dimensions = [20, 4, 14, 8, 7, 6, 4, 4, 21, 3, 19, 12, 3, 10, 3, 8, 7, 6, 3, 4, 3]
minimum_height = 92
----------
x_coordinates = [13, 0, 23, 16, 23, 19, 23, 17, 11, 4, 24, 24, 13, 20, 13, 21, 16, 23, 13, 8, 14]
y_coordinates = [5, 56, 47, 79, 80, 58, 87, 87, 70, 64, 61, 35, 44, 78, 67, 70, 72, 28, 60, 86, 87]
x_dimensions = [4, 19, 4, 4, 4, 4, 4, 3, 3, 20, 3, 3, 11, 3, 9, 3, 3, 3, 5, 3, 3]
y_dimensions = [20, 4, 14, 8, 7, 6, 4, 4, 21, 3, 19, 12, 3, 10, 3, 8, 7, 6, 3, 4, 3]
minimum_height = 91
----------
x_coordinates = [13, 0, 23, 15, 0, 19, 23, 16, 10, 4, 23, 24, 13, 20, 1, 7, 15, 24, 12, 4, 13]
y_coordinates = [24, 62, 53, 79, 83, 65, 86, 87, 69, 47, 67, 41, 50, 80, 79, 82, 70, 35, 66, 85, 87]
x_dimensions = [4, 19, 4, 4, 4, 4, 4, 4, 3, 20, 3, 3, 11, 3, 9, 3, 3, 3, 5, 3, 3]
y_dimensions = [20, 4, 14, 8, 7, 6, 4, 3, 21, 3, 19, 12, 3, 10, 3, 8, 7, 6, 3, 4, 3]
minimum_height = 90
----------
x_coordinates = [13, 7, 23, 13, 23, 0, 23, 17, 11, 6, 8, 5, 4, 20, 4, 1, 20, 24, 16, 24, 14]
y_coordinates = [8, 56, 60, 81, 82, 58, 78, 78, 60, 53, 67, 73, 59, 79, 86, 80, 72, 47, 63, 74, 78]
x_dimensions = [4, 19, 4, 4, 4, 4, 4, 3, 3, 20, 3, 3, 3, 3, 9, 3, 3, 3, 5, 3, 3]
y_dimensions = [20, 4, 14, 8, 7, 6, 4, 4, 21, 3, 19, 12, 11, 10, 3, 8, 7, 6, 3, 4, 3]
minimum_height = 89
----------
x_coordinates = [13, 23, 19, 16, 23, 12, 23, 17, 11, 4, 5, 22, 1, 20, 2, 8, 2, 24, 16, 2, 14]
y_coordinates = [39, 58, 62, 80, 81, 59, 77, 76, 67, 36, 68, 46, 57, 78, 65, 76, 72, 40, 64, 79, 77]
x_dimensions = [4, 4, 4, 4, 4, 4, 4, 3, 3, 20, 3, 3, 11, 3, 9, 3, 3, 3, 3, 3, 3]
y_dimensions = [20, 19, 14, 8, 7, 6, 4, 4, 21, 3, 19, 12, 3, 10, 3, 8, 7, 6, 5, 4, 3]
minimum_height = 88
----------
x_coordinates = [13, 5, 20, 16, 20, 1, 23, 20, 12, 7, 1, 21, 24, 24, 7, 4, 3, 24, 15, 9, 17]
y_coordinates = [22, 59, 63, 79, 83, 62, 78, 77, 63, 44, 68, 47, 57, 68, 84, 77, 52, 51, 67, 76, 76]
x_dimensions = [4, 19, 4, 4, 7, 4, 4, 3, 3, 20, 3, 3, 3, 3, 9, 3, 3, 3, 5, 3, 3]
y_dimensions = [20, 4, 14, 8, 4, 6, 4, 4, 21, 3, 19, 12, 11, 10, 3, 8, 7, 6, 3, 4, 3]
minimum_height = 87
----------
x_coordinates = [13, 19, 23, 8, 1, 1, 23, 21, 16, 4, 5, 22, 10, 24, 15, 13, 7, 24, 11, 2, 21]
y_coordinates = [20, 67, 68, 81, 82, 67, 82, 60, 63, 40, 63, 46, 57, 58, 43, 62, 56, 40, 72, 78, 64]
x_dimensions = [4, 4, 4, 8, 7, 4, 4, 3, 3, 20, 3, 3, 3, 3, 9, 3, 3, 3, 5, 3, 3]
y_dimensions = [20, 19, 14, 4, 4, 6, 4, 4, 21, 3, 19, 12, 11, 10, 3, 8, 7, 6, 3, 4, 3]
minimum_height = 86
----------
x_coordinates = [13, 18, 23, 10, 14, 5, 5, 20, 17, 4, 2, 21, 14, 22, 9, 21, 4, 24, 9, 6, 8]
y_coordinates = [10, 62, 71, 81, 70, 69, 80, 81, 41, 38, 66, 49, 59, 61, 78, 41, 59, 55, 74, 76, 61]
x_dimensions = [4, 4, 4, 8, 4, 4, 4, 3, 3, 20, 3, 3, 3, 3, 9, 3, 3, 3, 5, 3, 3]
y_dimensions = [20, 19, 14, 4, 7, 6, 4, 4, 21, 3, 19, 12, 11, 10, 3, 8, 7, 6, 3, 4, 3]
minimum_height = 85
----------
x_coordinates = [13, 18, 23, 12, 14, 7, 8, 20, 14, 6, 4, 21, 1, 22, 17, 22, 6, 24, 11, 11, 11]
y_coordinates = [2, 61, 70, 80, 69, 69, 80, 80, 44, 34, 65, 48, 59, 60, 45, 37, 58, 54, 68, 75, 64]
x_dimensions = [4, 4, 4, 8, 4, 4, 4, 3, 3, 20, 3, 3, 3, 3, 9, 3, 3, 3, 3, 3, 3]
y_dimensions = [20, 19, 14, 4, 7, 6, 4, 4, 21, 3, 19, 12, 11, 10, 3, 8, 7, 6, 5, 4, 3]
minimum_height = 84
----------
x_coordinates = [13, 19, 23, 0, 22, 0, 3, 21, 16, 6, 4, 22, 10, 24, 7, 22, 15, 8, 11, 0, 1]
y_coordinates = [35, 64, 69, 70, 40, 64, 79, 60, 62, 32, 60, 47, 57, 59, 77, 24, 55, 68, 68, 78, 61]
x_dimensions = [4, 4, 4, 4, 4, 4, 4, 3, 3, 20, 3, 3, 3, 3, 9, 3, 3, 3, 5, 3, 3]
y_dimensions = [20, 19, 14, 8, 7, 6, 4, 4, 21, 3, 19, 12, 11, 10, 3, 8, 7, 6, 3, 4, 3]
minimum_height = 83
----------
x_coordinates = [13, 20, 17, 10, 23, 10, 23, 24, 21, 7, 14, 21, 6, 21, 13, 24, 24, 4, 24, 20, 7]
y_coordinates = [2, 3, 63, 74, 71, 68, 78, 67, 28, 22, 61, 49, 59, 61, 25, 54, 47, 70, 62, 77, 70]
x_dimensions = [4, 4, 4, 4, 4, 4, 4, 3, 3, 20, 3, 3, 3, 3, 9, 3, 3, 3, 3, 3, 3]
y_dimensions = [20, 19, 14, 8, 7, 6, 4, 4, 21, 3, 19, 12, 11, 10, 3, 8, 7, 6, 5, 4, 3]
minimum_height = 82
----------
x_coordinates = [13, 22, 20, 19, 10, 6, 23, 24, 2, 7, 1, 22, 0, 24, 14, 22, 3, 17, 12, 24, 3]
y_coordinates = [6, 13, 66, 35, 72, 75, 39, 77, 63, 32, 66, 51, 70, 67, 40, 43, 69, 75, 76, 63, 76]
x_dimensions = [4, 4, 4, 8, 7, 4, 4, 3, 21, 20, 19, 3, 3, 3, 9, 3, 3, 3, 5, 3, 3]
y_dimensions = [20, 19, 14, 4, 4, 6, 4, 4, 3, 3, 3, 12, 11, 10, 3, 8, 7, 6, 3, 4, 3]
minimum_height = 81
----------
x_coordinates = [13, 22, 20, 19, 9, 16, 23, 24, 3, 6, 1, 23, 4, 24, 14, 22, 2, 13, 8, 24, 0]
y_coordinates = [11, 12, 66, 42, 73, 71, 58, 72, 63, 31, 66, 46, 69, 62, 60, 34, 54, 71, 70, 76, 61]
x_dimensions = [4, 4, 4, 8, 4, 4, 4, 3, 21, 20, 19, 3, 3, 3, 9, 3, 3, 3, 5, 3, 3]
y_dimensions = [20, 19, 14, 4, 7, 6, 4, 4, 3, 3, 3, 12, 11, 10, 3, 8, 7, 6, 3, 4, 3]
minimum_height = 80
----------
x_coordinates = [13, 21, 21, 10, 23, 17, 22, 7, 3, 7, 1, 24, 0, 24, 13, 9, 22, 20, 18, 19, 4]
y_coordinates = [20, 25, 48, 71, 72, 57, 44, 71, 67, 10, 76, 13, 61, 62, 45, 43, 3, 73, 70, 63, 71]
x_dimensions = [4, 4, 4, 8, 4, 4, 4, 3, 21, 20, 19, 3, 3, 3, 9, 3, 3, 3, 5, 3, 3]
y_dimensions = [20, 19, 14, 4, 7, 6, 4, 4, 3, 3, 3, 12, 11, 10, 3, 8, 7, 6, 3, 4, 3]
minimum_height = 79
----------
x_coordinates = [13, 21, 22, 12, 17, 18, 23, 20, 3, 4, 5, 24, 0, 24, 18, 22, 14, 23, 17, 20, 14]
y_coordinates = [12, 2, 36, 63, 74, 49, 64, 60, 68, 33, 71, 24, 66, 68, 21, 50, 48, 58, 46, 64, 75]
x_dimensions = [4, 4, 4, 8, 7, 4, 4, 3, 21, 20, 19, 3, 3, 3, 9, 3, 3, 3, 5, 3, 3]
y_dimensions = [20, 19, 14, 4, 4, 6, 4, 4, 3, 3, 3, 12, 11, 10, 3, 8, 7, 6, 3, 4, 3]
minimum_height = 78
----------
x_coordinates = [13, 21, 23, 11, 16, 19, 22, 13, 3, 7, 1, 24, 21, 24, 14, 15, 14, 0, 17, 23, 15]
y_coordinates = [5, 7, 45, 58, 73, 53, 41, 73, 70, 26, 66, 29, 59, 63, 47, 50, 40, 69, 44, 73, 63]
x_dimensions = [4, 4, 4, 8, 7, 4, 4, 3, 21, 20, 19, 3, 3, 3, 9, 3, 3, 3, 5, 3, 3]
y_dimensions = [20, 19, 14, 4, 4, 6, 4, 4, 3, 3, 3, 12, 11, 10, 3, 8, 7, 6, 3, 4, 3]
minimum_height = 77
----------
x_coordinates = [13, 19, 23, 19, 17, 18, 2, 17, 3, 7, 1, 22, 20, 24, 15, 16, 16, 23, 17, 0, 14]
y_coordinates = [19, 31, 46, 14, 72, 50, 72, 61, 69, 9, 65, 18, 58, 66, 47, 39, 12, 60, 56, 68, 73]
x_dimensions = [4, 4, 4, 8, 7, 4, 4, 3, 21, 20, 19, 3, 3, 3, 3, 3, 3, 3, 3, 3, 3]
y_dimensions = [20, 19, 14, 4, 4, 6, 4, 4, 3, 3, 3, 12, 11, 10, 9, 8, 7, 6, 5, 4, 3]
minimum_height = 76
----------
x_coordinates = [13, 21, 22, 19, 18, 22, 4, 16, 3, 1, 0, 24, 24, 0, 19, 19, 15, 16, 18, 23, 2]
y_coordinates = [27, 9, 46, 67, 5, 40, 68, 59, 63, 24, 72, 28, 60, 62, 54, 41, 47, 66, 49, 71, 45]
x_dimensions = [4, 4, 4, 4, 7, 4, 4, 3, 21, 20, 19, 3, 3, 3, 3, 3, 3, 3, 3, 3, 3]
y_dimensions = [20, 19, 14, 8, 4, 6, 4, 4, 3, 3, 3, 12, 11, 10, 9, 8, 7, 6, 5, 4, 3]
minimum_height = 75
----------
x_coordinates = [13, 20, 19, 19, 20, 22, 14, 15, 0, 0, 2, 24, 24, 21, 16, 24, 10, 23, 18, 22, 11]
y_coordinates = [26, 30, 49, 12, 20, 24, 64, 60, 68, 46, 71, 36, 62, 63, 51, 48, 39, 56, 63, 16, 63]
x_dimensions = [4, 4, 4, 8, 7, 4, 4, 3, 21, 20, 19, 3, 3, 3, 3, 3, 3, 3, 3, 3, 3]
y_dimensions = [20, 19, 14, 4, 4, 6, 4, 4, 3, 3, 3, 12, 11, 10, 9, 8, 7, 6, 5, 4, 3]
minimum_height = 74
----------
x_coordinates = [13, 23, 20, 0, 19, 21, 8, 11, 6, 14, 2, 19, 21, 24, 12, 24, 11, 24, 17, 23, 7]
y_coordinates = [26, 28, 48, 69, 18, 22, 69, 61, 15, 46, 66, 36, 62, 63, 70, 47, 46, 57, 61, 11, 63]
x_dimensions = [4, 4, 4, 8, 7, 4, 4, 3, 21, 3, 19, 3, 3, 3, 9, 3, 3, 3, 3, 3, 3]
y_dimensions = [20, 19, 14, 4, 4, 6, 4, 4, 3, 20, 3, 12, 11, 10, 3, 8, 7, 6, 5, 4, 3]
minimum_height = 73
----------
x_coordinates = [13, 20, 23, 19, 19, 22, 16, 22, 3, 0, 5, 24, 24, 20, 2, 4, 1, 22, 0, 23, 13]
y_coordinates = [24, 28, 47, 0, 8, 22, 62, 12, 69, 45, 66, 34, 61, 56, 56, 27, 34, 16, 65, 4, 63]
x_dimensions = [4, 4, 4, 8, 7, 4, 4, 3, 21, 20, 19, 3, 3, 3, 3, 3, 3, 3, 3, 3, 3]
y_dimensions = [20, 19, 14, 4, 4, 6, 4, 4, 3, 3, 3, 12, 11, 10, 9, 8, 7, 6, 5, 4, 3]
minimum_height = 72
----------
x_coordinates = [13, 20, 20, 6, 20, 22, 10, 14, 0, 0, 2, 24, 24, 3, 17, 24, 14, 0, 21, 23, 0]
y_coordinates = [24, 31, 50, 57, 21, 25, 61, 58, 68, 48, 65, 40, 60, 55, 56, 52, 51, 59, 64, 17, 56]
x_dimensions = [4, 4, 4, 8, 7, 4, 4, 3, 21, 20, 19, 3, 3, 3, 3, 3, 3, 3, 3, 3, 3]
y_dimensions = [20, 19, 14, 4, 4, 6, 4, 4, 3, 3, 3, 12, 11, 10, 9, 8, 7, 6, 5, 4, 3]
minimum_height = 71
----------
x_coordinates = [3, 20, 4, 15, 20, 22, 19, 24, 3, 7, 8, 24, 23, 1, 7, 22, 17, 2, 0, 22, 3]
y_coordinates = [28, 29, 49, 59, 16, 20, 66, 12, 13, 26, 48, 36, 59, 50, 45, 51, 41, 64, 45, 3, 25]
x_dimensions = [4, 4, 4, 8, 7, 4, 4, 3, 21, 20, 19, 3, 3, 3, 9, 3, 3, 3, 3, 3, 3]
y_dimensions = [20, 19, 14, 4, 4, 6, 4, 4, 3, 3, 3, 12, 11, 10, 3, 8, 7, 6, 5, 4, 3]
minimum_height = 70
----------
x_coordinates = [13, 0, 20, 4, 6, 20, 6, 24, 4, 4, 5, 24, 23, 2, 24, 24, 16, 0, 24, 24, 4]
y_coordinates = [26, 34, 52, 26, 30, 30, 62, 31, 12, 46, 66, 35, 16, 59, 47, 56, 59, 26, 64, 27, 34]
x_dimensions = [4, 4, 4, 8, 7, 4, 4, 3, 21, 20, 19, 3, 3, 3, 3, 3, 3, 3, 3, 3, 3]
y_dimensions = [20, 19, 14, 4, 4, 6, 4, 4, 3, 3, 3, 12, 11, 10, 9, 8, 7, 6, 5, 4, 3]
minimum_height = 69
----------
x_coordinates = [3, 22, 23, 10, 17, 23, 19, 24, 5, 7, 4, 0, 7, 1, 11, 14, 20, 3, 3, 24, 17]
y_coordinates = [26, 18, 54, 43, 50, 44, 64, 40, 4, 37, 60, 39, 45, 53, 51, 50, 43, 47, 63, 50, 43]
x_dimensions = [4, 4, 4, 4, 7, 4, 4, 3, 21, 20, 19, 3, 3, 3, 3, 3, 3, 3, 3, 3, 3]
y_dimensions = [20, 19, 14, 8, 4, 6, 4, 4, 3, 3, 3, 12, 11, 10, 9, 8, 7, 6, 5, 4, 3]
minimum_height = 68
----------
x_coordinates = [4, 21, 23, 19, 20, 6, 18, 0, 5, 7, 4, 4, 24, 0, 22, 17, 11, 3, 1, 16, 14]
y_coordinates = [31, 12, 53, 41, 49, 48, 63, 48, 0, 35, 60, 36, 38, 52, 3, 51, 47, 48, 62, 47, 51]
x_dimensions = [20, 4, 4, 4, 7, 4, 4, 3, 21, 20, 19, 3, 3, 3, 3, 3, 3, 3, 3, 3, 3]
y_dimensions = [4, 19, 14, 8, 4, 6, 4, 4, 3, 3, 3, 12, 11, 10, 9, 8, 7, 6, 5, 4, 3]
minimum_height = 67
----------
x_coordinates = [7, 21, 22, 19, 20, 7, 2, 4, 3, 11, 8, 19, 24, 4, 18, 17, 14, 1, 6, 1, 4]
y_coordinates = [31, 6, 37, 58, 51, 51, 62, 53, 0, 46, 28, 38, 55, 30, 25, 50, 49, 48, 61, 54, 49]
x_dimensions = [4, 4, 4, 4, 7, 4, 4, 3, 21, 3, 19, 3, 3, 3, 9, 3, 3, 3, 3, 3, 3]
y_dimensions = [20, 19, 14, 8, 4, 6, 4, 4, 3, 20, 3, 12, 11, 10, 3, 8, 7, 6, 5, 4, 3]
minimum_height = 66
----------
x_coordinates = [13, 23, 11, 4, 23, 19, 1, 5, 4, 8, 7, 16, 2, 4, 18, 19, 15, 22, 5, 5, 2]
y_coordinates = [30, 33, 51, 38, 52, 48, 49, 53, 27, 45, 24, 50, 53, 17, 21, 54, 62, 59, 48, 58, 46]
x_dimensions = [4, 4, 4, 4, 4, 4, 4, 3, 21, 3, 19, 3, 3, 3, 9, 3, 7, 3, 3, 3, 3]
y_dimensions = [20, 19, 14, 8, 7, 6, 4, 4, 3, 20, 3, 12, 11, 10, 3, 8, 3, 6, 5, 4, 3]
minimum_height = 65
----------
x_coordinates = [7, 22, 22, 12, 23, 6, 13, 11, 9, 15, 5, 17, 10, 5, 18, 20, 14, 21, 22, 8, 3]
y_coordinates = [9, 13, 38, 23, 52, 58, 60, 49, 28, 31, 37, 51, 53, 27, 32, 53, 51, 61, 35, 49, 61]
x_dimensions = [20, 4, 4, 4, 4, 4, 4, 3, 3, 3, 3, 3, 3, 3, 9, 3, 3, 6, 5, 3, 3]
y_dimensions = [4, 19, 14, 8, 7, 6, 4, 4, 21, 20, 19, 12, 11, 10, 3, 8, 7, 3, 3, 4, 3]
minimum_height = 64
----------
x_coordinates = [0, 21, 0, 16, 23, 13, 19, 14, 7, 10, 4, 17, 3, 4, 18, 20, 17, 16, 21, 24, 0]
y_coordinates = [24, 30, 44, 33, 56, 49, 26, 55, 37, 38, 39, 41, 58, 29, 23, 52, 53, 60, 49, 52, 58]
x_dimensions = [4, 4, 4, 4, 4, 4, 4, 3, 3, 3, 3, 3, 11, 3, 9, 3, 3, 6, 5, 3, 3]
y_dimensions = [20, 19, 14, 8, 7, 6, 4, 4, 21, 20, 19, 12, 3, 10, 3, 8, 7, 3, 3, 4, 3]
minimum_height = 63
----------
x_coordinates = [7, 22, 13, 19, 17, 12, 22, 7, 4, 10, 7, 23, 1, 13, 16, 21, 24, 18, 20, 24, 9]
y_coordinates = [25, 6, 42, 43, 52, 56, 35, 50, 31, 34, 31, 39, 54, 31, 32, 51, 55, 59, 29, 51, 59]
x_dimensions = [20, 4, 4, 4, 4, 4, 4, 3, 3, 3, 3, 3, 11, 3, 9, 3, 3, 6, 5, 3, 3]
y_dimensions = [4, 19, 14, 8, 7, 6, 4, 4, 21, 20, 19, 12, 3, 10, 3, 8, 7, 3, 3, 4, 3]
minimum_height = 62
----------
x_coordinates = [3, 23, 10, 13, 14, 0, 14, 7, 7, 18, 1, 21, 3, 4, 24, 24, 18, 1, 5, 21, 4]
y_coordinates = [9, 25, 43, 35, 53, 49, 49, 54, 30, 34, 30, 45, 58, 38, 44, 53, 54, 55, 51, 57, 48]
x_dimensions = [4, 4, 4, 4, 4, 4, 4, 3, 3, 3, 3, 3, 11, 3, 3, 3, 3, 6, 5, 3, 3]
y_dimensions = [20, 19, 14, 8, 7, 6, 4, 4, 21, 20, 19, 12, 3, 10, 9, 8, 7, 3, 3, 4, 3]
minimum_height = 61
----------
x_coordinates = [12, 4, 11, 19, 20, 5, 19, 24, 23, 8, 1, 16, 9, 5, 18, 21, 15, 21, 19, 24, 22]
y_coordinates = [24, 23, 44, 33, 17, 56, 41, 50, 24, 36, 40, 39, 20, 43, 51, 52, 52, 45, 48, 55, 21]
x_dimensions = [4, 4, 4, 4, 7, 6, 4, 3, 3, 3, 3, 3, 11, 3, 3, 3, 3, 6, 5, 3, 3]
y_dimensions = [20, 19, 14, 8, 4, 4, 4, 4, 21, 20, 19, 12, 3, 10, 9, 8, 7, 3, 3, 4, 3]
minimum_height = 60
----------
x_coordinates = [13, 7, 23, 23, 0, 18, 19, 11, 22, 10, 8, 20, 8, 16, 16, 0, 5, 21, 17, 14, 24]
y_coordinates = [11, 37, 45, 37, 55, 24, 55, 52, 3, 9, 31, 43, 56, 1, 34, 33, 26, 28, 50, 52, 25]
x_dimensions = [4, 4, 4, 4, 7, 6, 4, 3, 3, 3, 19, 3, 11, 3, 9, 8, 3, 6, 3, 3, 3]
y_dimensions = [20, 19, 14, 8, 4, 4, 4, 4, 21, 20, 3, 12, 3, 10, 3, 3, 7, 3, 5, 4, 3]
minimum_height = 59
----------
x_coordinates = [13, 11, 12, 20, 4, 21, 0, 3, 20, 10, 6, 18, 16, 17, 17, 10, 15, 3, 22, 15, 24]
y_coordinates = [2, 35, 54, 34, 53, 47, 53, 50, 1, 8, 31, 42, 22, 12, 25, 28, 43, 46, 51, 50, 44]
x_dimensions = [4, 4, 14, 4, 7, 6, 4, 4, 3, 3, 19, 3, 11, 3, 9, 8, 3, 6, 5, 3, 3]
y_dimensions = [20, 19, 4, 8, 4, 4, 4, 3, 21, 20, 3, 12, 3, 10, 3, 3, 7, 3, 3, 4, 3]
minimum_height = 58
----------
x_coordinates = [13, 1, 7, 4, 12, 7, 20, 8, 20, 17, 0, 24, 17, 19, 11, 7, 14, 20, 5, 21, 24]
y_coordinates = [2, 38, 46, 27, 50, 23, 53, 52, 15, 4, 35, 45, 24, 36, 54, 43, 23, 12, 52, 49, 42]
x_dimensions = [4, 4, 14, 4, 7, 6, 4, 3, 3, 3, 19, 3, 3, 3, 9, 8, 3, 6, 3, 3, 3]
y_dimensions = [20, 19, 4, 8, 4, 4, 4, 4, 21, 20, 3, 12, 11, 10, 3, 3, 7, 3, 5, 4, 3]
minimum_height = 57
----------
x_coordinates = [13, 0, 13, 6, 6, 12, 23, 3, 5, 24, 8, 10, 21, 18, 14, 4, 2, 18, 1, 0, 24]
y_coordinates = [4, 26, 51, 44, 52, 35, 47, 49, 16, 27, 24, 40, 36, 36, 48, 37, 19, 33, 53, 49, 21]
x_dimensions = [4, 4, 14, 4, 7, 6, 4, 3, 3, 3, 19, 3, 3, 3, 9, 8, 3, 6, 5, 3, 3]
y_dimensions = [20, 19, 4, 8, 4, 4, 4, 4, 21, 20, 3, 12, 11, 10, 3, 3, 7, 3, 3, 4, 3]
minimum_height = 56
----------
x_coordinates = [13, 3, 7, 7, 1, 11, 20, 7, 17, 0, 8, 13, 24, 20, 15, 6, 23, 14, 11, 9, 24]
y_coordinates = [8, 32, 3, 45, 51, 41, 42, 40, 25, 30, 49, 52, 38, 32, 46, 29, 24, 35, 36, 52, 31]
x_dimensions = [4, 4, 14, 8, 7, 6, 4, 3, 3, 3, 19, 12, 3, 3, 9, 8, 3, 3, 3, 4, 3]
y_dimensions = [20, 19, 4, 4, 4, 4, 4, 4, 21, 20, 3, 3, 11, 10, 3, 3, 7, 6, 5, 3, 3]
minimum_height = 55
----------
x_coordinates = [13, 1, 9, 8, 17, 16, 4, 23, 5, 1, 8, 12, 24, 22, 15, 16, 12, 2, 12, 0, 24]
y_coordinates = [3, 6, 23, 46, 50, 30, 49, 20, 24, 31, 38, 41, 42, 28, 47, 44, 44, 25, 51, 51, 24]
x_dimensions = [4, 4, 14, 4, 7, 6, 4, 3, 3, 3, 19, 12, 3, 3, 9, 8, 3, 3, 5, 4, 3]
y_dimensions = [20, 19, 4, 8, 4, 4, 4, 4, 21, 20, 3, 3, 11, 10, 3, 3, 7, 6, 3, 3, 3]
minimum_height = 54
----------
x_coordinates = [13, 20, 11, 19, 18, 4, 5, 8, 24, 1, 5, 12, 9, 10, 18, 19, 16, 6, 15, 12, 24]
y_coordinates = [16, 20, 12, 48, 8, 35, 49, 11, 24, 33, 39, 42, 42, 29, 17, 45, 46, 43, 36, 50, 21]
x_dimensions = [4, 4, 14, 8, 7, 6, 4, 3, 3, 3, 19, 12, 3, 3, 9, 8, 3, 3, 5, 4, 3]
y_dimensions = [20, 19, 4, 4, 4, 4, 4, 4, 21, 20, 3, 3, 11, 10, 3, 3, 7, 6, 3, 3, 3]
minimum_height = 53
----------
x_coordinates = [4, 8, 10, 19, 0, 2, 3, 4, 12, 7, 8, 14, 0, 2, 7, 19, 16, 11, 15, 24, 24]
y_coordinates = [1, 7, 31, 48, 28, 24, 48, 34, 5, 29, 26, 42, 41, 14, 49, 45, 45, 43, 23, 31, 23]
x_dimensions = [20, 4, 14, 8, 7, 6, 4, 3, 3, 3, 19, 12, 3, 3, 9, 8, 3, 3, 5, 3, 3]
y_dimensions = [4, 19, 4, 4, 4, 4, 4, 4, 21, 20, 3, 3, 11, 10, 3, 3, 7, 6, 3, 4, 3]
minimum_height = 52
----------
x_coordinates = [13, 8, 12, 10, 1, 21, 6, 4, 16, 7, 8, 18, 23, 20, 4, 5, 23, 12, 19, 1, 24]
y_coordinates = [0, 26, 31, 20, 43, 26, 22, 47, 24, 48, 45, 12, 30, 30, 14, 17, 19, 25, 42, 47, 42]
x_dimensions = [4, 4, 4, 8, 7, 6, 4, 3, 3, 20, 19, 3, 3, 3, 9, 8, 3, 3, 5, 3, 3]
y_dimensions = [20, 19, 14, 4, 4, 4, 4, 4, 21, 3, 3, 12, 11, 10, 3, 3, 7, 6, 3, 4, 3]
minimum_height = 51
----------
x_coordinates = [13, 15, 23, 18, 0, 2, 11, 19, 21, 0, 4, 3, 0, 2, 18, 6, 24, 19, 14, 20, 24]
y_coordinates = [1, 21, 36, 9, 43, 24, 36, 47, 13, 40, 44, 33, 28, 12, 6, 47, 29, 34, 47, 40, 26]
x_dimensions = [4, 4, 4, 8, 4, 6, 4, 4, 3, 20, 19, 12, 3, 3, 9, 8, 3, 3, 5, 3, 3]
y_dimensions = [20, 19, 14, 4, 7, 4, 4, 3, 21, 3, 3, 3, 11, 10, 3, 3, 7, 6, 3, 4, 3]
minimum_height = 50
----------
x_coordinates = [13, 18, 5, 19, 0, 1, 11, 24, 24, 4, 3, 3, 10, 7, 18, 3, 0, 15, 22, 0, 24]
y_coordinates = [14, 22, 42, 41, 42, 27, 38, 45, 16, 46, 10, 35, 24, 25, 13, 39, 31, 34, 37, 38, 10]
x_dimensions = [4, 4, 14, 8, 4, 6, 4, 3, 3, 20, 19, 12, 3, 3, 9, 8, 3, 3, 5, 3, 3]
y_dimensions = [20, 19, 4, 4, 7, 4, 4, 4, 21, 3, 3, 3, 11, 10, 3, 3, 7, 6, 3, 4, 3]
minimum_height = 49
----------
x_coordinates = [0, 12, 6, 7, 1, 19, 8, 23, 5, 4, 4, 8, 23, 9, 18, 16, 20, 17, 24, 2, 24]
y_coordinates = [14, 22, 44, 18, 41, 27, 37, 45, 23, 15, 12, 41, 34, 27, 31, 21, 41, 38, 22, 36, 19]
x_dimensions = [4, 4, 14, 8, 4, 6, 4, 4, 3, 20, 19, 12, 3, 3, 9, 8, 3, 6, 3, 3, 3]
y_dimensions = [20, 19, 4, 4, 7, 4, 4, 3, 21, 3, 3, 3, 11, 10, 3, 3, 7, 3, 5, 4, 3]
minimum_height = 48
----------
x_coordinates = [3, 21, 7, 14, 3, 9, 18, 8, 0, 6, 6, 9, 10, 22, 14, 3, 2, 21, 1, 24, 23]
y_coordinates = [3, 5, 21, 36, 40, 13, 32, 17, 23, 28, 0, 44, 40, 31, 25, 23, 44, 41, 0, 42, 24]
x_dimensions = [4, 4, 14, 8, 7, 6, 4, 3, 3, 20, 19, 12, 11, 3, 9, 3, 7, 3, 5, 3, 3]
y_dimensions = [20, 19, 4, 4, 4, 4, 4, 4, 21, 3, 3, 3, 3, 10, 3, 8, 3, 6, 3, 4, 3]
minimum_height = 47
----------
x_coordinates = [4, 23, 8, 15, 19, 13, 10, 24, 0, 3, 10, 15, 12, 24, 18, 15, 3, 14, 22, 20, 5]
y_coordinates = [5, 27, 22, 32, 13, 13, 42, 23, 25, 36, 3, 10, 39, 0, 17, 26, 41, 43, 20, 42, 25]
x_dimensions = [4, 4, 14, 8, 7, 6, 4, 3, 3, 20, 3, 12, 11, 3, 9, 8, 7, 6, 5, 3, 3]
y_dimensions = [20, 19, 4, 4, 4, 4, 4, 4, 21, 3, 19, 3, 3, 10, 3, 3, 3, 3, 3, 4, 3]
minimum_height = 46
----------
x_coordinates = [4, 8, 13, 16, 19, 3, 15, 9, 1, 7, 7, 17, 16, 24, 18, 0, 20, 10, 2, 0, 24]
y_coordinates = [19, 32, 28, 24, 18, 39, 17, 27, 12, 39, 0, 5, 42, 5, 36, 33, 15, 42, 9, 41, 25]
x_dimensions = [4, 19, 14, 8, 7, 4, 4, 3, 3, 20, 3, 3, 11, 3, 9, 3, 7, 6, 5, 3, 3]
y_dimensions = [20, 4, 4, 4, 4, 6, 4, 4, 21, 3, 19, 12, 3, 10, 3, 8, 3, 3, 3, 4, 3]
minimum_height = 45
----------
x_coordinates = [5, 2, 13, 8, 3, 14, 14, 9, 21, 7, 10, 18, 16, 24, 24, 24, 14, 24, 16, 4, 2]
y_coordinates = [12, 36, 14, 40, 32, 27, 23, 13, 20, 1, 17, 21, 41, 4, 24, 33, 18, 18, 33, 40, 16]
x_dimensions = [4, 19, 14, 8, 7, 4, 4, 3, 3, 20, 3, 3, 11, 3, 3, 3, 7, 3, 5, 3, 3]
y_dimensions = [20, 4, 4, 4, 4, 6, 4, 4, 21, 3, 19, 12, 3, 10, 9, 8, 3, 6, 3, 4, 3]
minimum_height = 44
----------
x_coordinates = [8, 0, 19, 13, 1, 15, 17, 6, 23, 12, 21, 9, 18, 15, 18, 24, 16, 24, 17, 24, 3]
y_coordinates = [4, 36, 26, 0, 18, 30, 15, 32, 22, 14, 0, 24, 4, 5, 19, 11, 23, 5, 40, 1, 33]
x_dimensions = [4, 19, 4, 8, 7, 4, 4, 3, 3, 3, 3, 3, 3, 3, 9, 3, 7, 3, 5, 3, 3]
y_dimensions = [20, 4, 14, 4, 4, 6, 4, 4, 21, 20, 19, 12, 11, 10, 3, 8, 3, 6, 3, 4, 3]
minimum_height = 43
----------
x_coordinates = [12, 1, 20, 16, 5, 16, 8, 13, 3, 7, 24, 0, 24, 2, 18, 7, 17, 11, 19, 17, 10]
y_coordinates = [5, 38, 28, 10, 7, 32, 13, 31, 25, 2, 8, 26, 27, 4, 5, 30, 22, 28, 19, 28, 31]
x_dimensions = [4, 19, 4, 8, 7, 4, 4, 3, 21, 20, 3, 3, 3, 3, 9, 3, 7, 6, 5, 3, 3]
y_dimensions = [20, 4, 14, 4, 4, 6, 4, 4, 3, 3, 19, 12, 11, 10, 3, 8, 3, 3, 3, 4, 3]
minimum_height = 42
----------
x_coordinates = [13, 0, 23, 14, 20, 19, 12, 6, 2, 17, 7, 10, 21, 1, 18, 4, 20, 24, 22, 16, 20]
y_coordinates = [8, 37, 27, 4, 9, 35, 33, 33, 29, 8, 10, 3, 13, 7, 1, 7, 24, 14, 6, 33, 32]
x_dimensions = [4, 19, 4, 8, 7, 4, 4, 3, 21, 3, 3, 3, 3, 3, 9, 3, 7, 3, 5, 3, 3]
y_dimensions = [20, 4, 14, 4, 4, 6, 4, 4, 3, 20, 19, 12, 11, 10, 3, 8, 3, 6, 3, 4, 3]
minimum_height = 41
----------
x_coordinates = [12, 2, 20, 16, 4, 11, 16, 8, 0, 24, 24, 1, 21, 3, 15, 17, 17, 16, 19, 14, 18]
y_coordinates = [3, 36, 9, 1, 20, 23, 11, 28, 33, 1, 21, 21, 29, 8, 23, 15, 26, 5, 6, 29, 30]
x_dimensions = [4, 19, 4, 8, 7, 4, 4, 3, 21, 3, 3, 3, 3, 3, 9, 3, 7, 3, 5, 3, 3]
y_dimensions = [20, 4, 14, 4, 4, 6, 4, 4, 3, 20, 19, 12, 11, 10, 3, 8, 3, 6, 3, 4, 3]
minimum_height = 40
----------
x_coordinates = [13, 2, 23, 5, 6, 12, 19, 9, 2, 21, 2, 10, 24, 18, 16, 24, 16, 18, 12, 17, 20]
y_coordinates = [7, 3, 25, 23, 19, 30, 24, 29, 36, 4, 16, 7, 6, 8, 0, 17, 33, 18, 27, 29, 30]
x_dimensions = [4, 19, 4, 8, 7, 4, 4, 3, 21, 3, 3, 3, 3, 3, 9, 3, 7, 3, 5, 3, 3]
y_dimensions = [20, 4, 14, 4, 4, 6, 4, 4, 3, 20, 19, 12, 11, 10, 3, 8, 3, 6, 3, 4, 3]
minimum_height = 39
----------
x_coordinates = [13, 0, 22, 23, 0, 6, 19, 3, 2, 18, 10, 2, 21, 7, 15, 24, 17, 17, 8, 24, 5]
y_coordinates = [11, 31, 1, 30, 10, 17, 29, 14, 35, 0, 9, 19, 15, 7, 2, 22, 26, 20, 28, 17, 28]
x_dimensions = [4, 19, 4, 4, 7, 4, 4, 3, 21, 3, 3, 3, 3, 3, 3, 3, 7, 3, 5, 3, 3]
y_dimensions = [20, 4, 14, 8, 4, 6, 4, 4, 3, 20, 19, 12, 11, 10, 9, 8, 3, 6, 3, 4, 3]
minimum_height = 38
----------
x_coordinates = [3, 7, 20, 0, 11, 13, 9, 11, 6, 7, 0, 11, 24, 17, 18, 14, 2, 17, 24, 8, 24]
y_coordinates = [8, 5, 23, 30, 12, 33, 32, 28, 2, 9, 11, 16, 16, 17, 13, 25, 34, 27, 32, 28, 27]
x_dimensions = [4, 19, 4, 8, 7, 6, 4, 3, 21, 20, 3, 3, 3, 3, 9, 3, 7, 3, 3, 3, 3]
y_dimensions = [20, 4, 14, 4, 4, 4, 4, 4, 3, 3, 19, 12, 11, 10, 3, 8, 3, 6, 5, 4, 3]
minimum_height = 37
----------
x_coordinates = [12, 1, 16, 8, 5, 20, 8, 24, 24, 17, 5, 21, 11, 8, 8, 21, 5, 24, 24, 20, 21]
y_coordinates = [12, 15, 2, 15, 23, 18, 11, 0, 4, 16, 4, 24, 0, 1, 33, 7, 30, 25, 31, 3, 15]
x_dimensions = [4, 4, 4, 4, 7, 4, 4, 3, 3, 3, 3, 3, 3, 3, 9, 3, 7, 3, 3, 4, 3]
y_dimensions = [20, 19, 14, 8, 4, 6, 4, 4, 21, 20, 19, 12, 11, 10, 3, 8, 3, 6, 5, 3, 3]
minimum_height = 36
----------
x_coordinates = [13, 23, 22, 18, 14, 10, 6, 0, 20, 3, 10, 3, 0, 15, 6, 7, 3, 7, 17, 6, 3]
y_coordinates = [1, 2, 21, 22, 31, 29, 19, 31, 0, 6, 4, 26, 20, 21, 23, 5, 32, 13, 16, 29, 29]
x_dimensions = [4, 4, 4, 4, 7, 4, 4, 3, 3, 3, 3, 12, 3, 3, 9, 3, 7, 3, 3, 4, 3]
y_dimensions = [20, 19, 14, 8, 4, 6, 4, 4, 21, 20, 19, 3, 11, 10, 3, 8, 3, 6, 5, 3, 3]
minimum_height = 35
----------
x_coordinates = [13, 4, 6, 23, 20, 23, 20, 24, 1, 20, 8, 8, 10, 17, 18, 17, 10, 3, 0, 23, 24]
y_coordinates = [13, 0, 20, 26, 0, 17, 4, 4, 7, 14, 8, 3, 16, 24, 11, 16, 27, 28, 29, 23, 14]
x_dimensions = [4, 4, 4, 4, 7, 4, 4, 3, 3, 3, 19, 12, 3, 3, 9, 3, 3, 3, 3, 4, 3]
y_dimensions = [20, 19, 14, 8, 4, 6, 4, 4, 21, 20, 3, 3, 11, 10, 3, 8, 7, 6, 5, 3, 3]
minimum_height = 34
----------
x_coordinates = [13, 1, 9, 23, 8, 9, 19, 20, 6, 24, 2, 15, 17, 21, 9, 18, 21, 0, 5, 20, 3]
y_coordinates = [7, 2, 6, 3, 2, 21, 7, 3, 9, 13, 30, 0, 11, 21, 27, 22, 11, 21, 4, 18, 26]
x_dimensions = [4, 4, 4, 4, 7, 4, 4, 3, 3, 3, 19, 12, 3, 3, 9, 3, 3, 6, 3, 4, 3]
y_dimensions = [20, 19, 14, 8, 4, 6, 4, 4, 21, 20, 3, 3, 11, 10, 3, 8, 7, 3, 5, 3, 3]
minimum_height = 33
----------
x_coordinates = [13, 4, 20, 9, 8, 20, 9, 19, 24, 1, 5, 3, 17, 10, 0, 23, 17, 16, 0, 8, 2]
y_coordinates = [6, 5, 9, 18, 4, 23, 11, 0, 10, 5, 29, 1, 8, 26, 25, 1, 19, 3, 0, 15, 28]
x_dimensions = [4, 4, 4, 4, 4, 4, 4, 4, 3, 3, 19, 12, 3, 10, 9, 3, 3, 6, 3, 4, 3]
y_dimensions = [20, 19, 14, 8, 7, 6, 4, 3, 21, 20, 3, 3, 11, 3, 3, 8, 7, 3, 5, 3, 3]
minimum_height = 32
----------
x_coordinates = [3, 23, 6, 6, 7, 14, 4, 0, 2, 6, 8, 3, 1, 14, 0, 20, 4, 14, 24, 20, 0]
y_coordinates = [14, 9, 20, 24, 2, 24, 7, 27, 11, 28, 6, 19, 0, 0, 17, 20, 0, 3, 1, 3, 14]
x_dimensions = [20, 4, 14, 8, 7, 6, 4, 3, 21, 20, 19, 3, 3, 10, 3, 3, 3, 6, 3, 4, 3]
y_dimensions = [4, 19, 4, 4, 4, 4, 4, 4, 3, 3, 3, 12, 11, 3, 9, 8, 7, 3, 5, 3, 3]
minimum_height = 31
----------
x_coordinates = [0, 23, 3, 6, 13, 12, 2, 10, 20, 0, 1, 7, 24, 10, 21, 0, 18, 14, 17, 13, 10]
y_coordinates = [14, 11, 0, 26, 7, 3, 26, 7, 9, 18, 21, 2, 0, 11, 0, 6, 0, 24, 25, 0, 0]
x_dimensions = [20, 4, 4, 8, 7, 6, 4, 3, 3, 20, 19, 3, 3, 10, 3, 3, 3, 3, 3, 4, 3]
y_dimensions = [4, 19, 14, 4, 4, 4, 4, 4, 21, 3, 3, 12, 11, 3, 9, 8, 7, 6, 5, 3, 3]
minimum_height = 30
----------
x_coordinates = [0, 6, 20, 13, 10, 17, 16, 14, 0, 3, 8, 21, 11, 1, 24, 24, 24, 11, 17, 16, 10]
y_coordinates = [0, 7, 0, 22, 18, 16, 4, 11, 8, 9, 26, 14, 4, 4, 17, 9, 2, 15, 11, 8, 23]
x_dimensions = [20, 4, 4, 8, 7, 4, 4, 3, 3, 3, 19, 3, 3, 10, 3, 3, 3, 6, 3, 4, 3]
y_dimensions = [4, 19, 14, 4, 4, 6, 4, 4, 21, 20, 3, 12, 11, 3, 9, 8, 7, 3, 5, 3, 3]
minimum_height = 29
----------
x_coordinates = [13, 0, 4, 17, 17, 0, 20, 4, 7, 10, 8, 24, 21, 4, 17, 24, 4, 18, 3, 21, 17]
y_coordinates = [8, 3, 3, 17, 10, 22, 6, 7, 7, 8, 0, 5, 14, 11, 25, 17, 21, 3, 0, 10, 7]
x_dimensions = [4, 4, 14, 4, 4, 4, 4, 3, 3, 3, 19, 3, 3, 3, 9, 3, 3, 6, 5, 3, 3]
y_dimensions = [20, 19, 4, 8, 7, 6, 4, 4, 21, 20, 3, 12, 11, 10, 3, 8, 7, 3, 3, 4, 3]
minimum_height = 28
----------
% Pruned 49963 learnt clauses
% Pruned 50000 learnt clauses
% Pruned 49976 learnt clauses
% Pruned 49953 learnt clauses
% Pruned 49960 learnt clauses
% Pruned 49986 learnt clauses
x_coordinates = [7, 8, 13, 0, 6, 0, 3, 23, 6, 7, 8, 15, 12, 0, 6, 0, 0, 0, 7, 3, 3]
y_coordinates = [12, 23, 19, 23, 19, 19, 15, 16, 9, 6, 3, 0, 16, 9, 0, 3, 6, 0, 16, 12, 9]
x_dimensions = [20, 19, 14, 8, 7, 6, 4, 4, 21, 20, 19, 12, 11, 3, 9, 8, 7, 6, 5, 4, 3]
y_dimensions = [4, 4, 4, 4, 4, 4, 4, 3, 3, 3, 3, 3, 3, 10, 3, 3, 3, 3, 3, 3, 3]
minimum_height = 27
----------
==========
%%%mzn-stat: nodes=747658
%%%mzn-stat: failures=354496
%%%mzn-stat: restarts=6332
%%%mzn-stat: variables=12623
%%%mzn-stat: intVars=86
%%%mzn-stat: boolVariables=12535
%%%mzn-stat: propagators=1725
%%%mzn-stat: propagations=182520754
%%%mzn-stat: peakDepth=179
%%%mzn-stat: nogoods=354496
%%%mzn-stat: backjumps=198799
%%%mzn-stat: peakMem=0.00
%%%mzn-stat: time=89.055
%%%mzn-stat: initTime=0.036
%%%mzn-stat: solveTime=89.019
%%%mzn-stat: objective=27
%%%mzn-stat: optTime=89.019
%%%mzn-stat: baseMem=0.00
%%%mzn-stat: trailMem=0.02
%%%mzn-stat: randomSeed=1657541503
