x_coordinates = [9, 9, 7, 8, 13, 11, 10, 7, 7, 9, 5, 1, 0, 3, 9, 3, 12, 13, 11, 13, 8, 4, 2, 1, 0]
y_coordinates = [57, 139, 159, 168, 60, 165, 70, 72, 64, 155, 156, 175, 177, 179, 178, 188, 68, 173, 171, 167, 68, 189, 178, 168, 94]
x_dimensions = [3, 3, 3, 3, 2, 2, 5, 3, 1, 4, 10, 7, 2, 6, 6, 6, 3, 2, 2, 2, 2, 5, 7, 7, 12]
y_dimensions = [5, 16, 9, 10, 5, 4, 3, 16, 5, 1, 3, 2, 12, 9, 12, 1, 1, 5, 7, 6, 3, 1, 1, 7, 7]
minimum_height = 190
----------
x_coordinates = [0, 11, 2, 12, 8, 9, 8, 7, 14, 9, 5, 8, 13, 6, 2, 9, 11, 7, 8, 11, 0, 8, 2, 7, 4]
y_coordinates = [173, 50, 164, 155, 49, 176, 184, 120, 61, 183, 172, 187, 175, 149, 177, 145, 146, 144, 158, 175, 186, 179, 176, 165, 91]
x_dimensions = [5, 3, 3, 3, 2, 2, 5, 3, 1, 4, 10, 7, 2, 6, 6, 6, 3, 2, 2, 2, 2, 1, 7, 7, 7]
y_dimensions = [3, 16, 9, 10, 5, 4, 3, 16, 5, 1, 3, 2, 12, 9, 12, 1, 1, 5, 7, 6, 3, 5, 1, 7, 12]
minimum_height = 189
----------
x_coordinates = [10, 10, 12, 5, 11, 11, 6, 7, 9, 0, 12, 7, 0, 9, 0, 9, 11, 13, 3, 13, 4, 12, 4, 5, 0]
y_coordinates = [154, 23, 164, 149, 49, 184, 185, 26, 78, 187, 173, 152, 176, 139, 178, 108, 66, 183, 169, 158, 185, 159, 184, 169, 35]
x_dimensions = [3, 3, 3, 10, 2, 2, 5, 3, 5, 4, 3, 7, 12, 6, 12, 6, 3, 2, 2, 2, 2, 1, 7, 7, 7]
y_dimensions = [5, 16, 9, 3, 5, 4, 3, 16, 1, 1, 10, 2, 2, 9, 6, 1, 1, 5, 7, 6, 3, 5, 1, 7, 12]
minimum_height = 188
----------
x_coordinates = [9, 2, 10, 10, 0, 12, 2, 3, 5, 1, 3, 13, 13, 6, 4, 8, 9, 1, 0, 2, 0, 6, 3, 8, 1]
y_coordinates = [153, 130, 165, 174, 174, 154, 164, 148, 101, 146, 184, 166, 174, 105, 171, 165, 168, 182, 163, 169, 170, 156, 183, 158, 40]
x_dimensions = [3, 3, 3, 3, 2, 2, 5, 3, 1, 4, 10, 2, 2, 9, 6, 1, 1, 2, 2, 2, 2, 1, 7, 7, 12]
y_dimensions = [5, 16, 9, 10, 5, 4, 3, 16, 5, 1, 3, 7, 12, 6, 12, 6, 3, 5, 7, 6, 3, 5, 1, 7, 7]
minimum_height = 187
----------
x_coordinates = [10, 1, 2, 12, 13, 0, 4, 7, 9, 1, 10, 5, 1, 8, 6, 1, 6, 0, 13, 13, 13, 8, 8, 0, 0]
y_coordinates = [168, 102, 175, 98, 175, 180, 164, 167, 69, 174, 173, 177, 184, 155, 107, 161, 174, 175, 164, 180, 172, 183, 17, 167, 92]
x_dimensions = [3, 3, 3, 3, 2, 2, 5, 3, 5, 4, 3, 2, 12, 6, 6, 6, 1, 2, 2, 2, 2, 5, 7, 7, 12]
y_dimensions = [5, 16, 9, 10, 5, 4, 3, 16, 1, 1, 10, 7, 2, 9, 12, 1, 3, 5, 7, 6, 3, 1, 1, 7, 7]
minimum_height = 186
----------
x_coordinates = [11, 0, 4, 12, 4, 11, 10, 7, 14, 5, 0, 10, 2, 0, 6, 6, 7, 9, 13, 0, 2, 14, 12, 0, 1]
y_coordinates = [168, 134, 167, 153, 183, 163, 165, 160, 168, 137, 176, 173, 180, 150, 148, 182, 179, 183, 173, 179, 182, 180, 173, 160, 4]
x_dimensions = [3, 3, 3, 3, 5, 4, 5, 3, 1, 4, 10, 2, 12, 6, 6, 6, 3, 5, 2, 2, 2, 1, 1, 7, 12]
y_dimensions = [5, 16, 9, 10, 2, 2, 3, 16, 5, 1, 3, 7, 2, 9, 12, 1, 1, 2, 7, 6, 3, 5, 7, 7, 7]
minimum_height = 185
----------
x_coordinates = [12, 1, 5, 0, 9, 11, 10, 9, 5, 7, 2, 12, 2, 3, 9, 7, 9, 10, 0, 3, 7, 1, 14, 7, 1]
y_coordinates = [169, 132, 169, 161, 134, 148, 136, 162, 40, 149, 178, 174, 181, 160, 150, 183, 146, 146, 176, 170, 135, 183, 177, 139, 10]
x_dimensions = [3, 3, 3, 3, 5, 4, 5, 3, 1, 4, 10, 2, 12, 6, 6, 6, 1, 5, 2, 2, 2, 5, 1, 7, 12]
y_dimensions = [5, 16, 9, 10, 2, 2, 3, 16, 5, 1, 3, 7, 2, 9, 12, 1, 3, 2, 7, 6, 3, 1, 7, 7, 7]
minimum_height = 184
----------
x_coordinates = [11, 4, 1, 12, 9, 9, 0, 10, 1, 3, 12, 12, 2, 4, 0, 9, 11, 10, 10, 9, 13, 0, 14, 3, 3]
y_coordinates = [123, 130, 172, 164, 140, 128, 147, 148, 128, 127, 130, 174, 181, 172, 166, 145, 137, 146, 174, 134, 142, 178, 176, 159, 8]
x_dimensions = [3, 3, 3, 3, 5, 4, 5, 3, 1, 1, 3, 2, 12, 6, 12, 6, 1, 5, 2, 2, 2, 1, 1, 7, 12]
y_dimensions = [5, 16, 9, 10, 2, 2, 3, 16, 5, 4, 10, 7, 2, 9, 6, 1, 3, 2, 7, 6, 3, 5, 7, 7, 7]
minimum_height = 183
----------
x_coordinates = [11, 3, 8, 6, 6, 7, 6, 10, 10, 8, 11, 2, 3, 4, 9, 8, 11, 10, 13, 12, 10, 1, 6, 2, 3]
y_coordinates = [112, 147, 128, 154, 146, 137, 139, 165, 122, 127, 131, 174, 143, 172, 153, 142, 145, 151, 175, 145, 148, 181, 181, 164, 55]
x_dimensions = [3, 3, 3, 3, 5, 4, 5, 3, 1, 4, 3, 2, 12, 6, 6, 6, 1, 5, 2, 2, 2, 5, 7, 7, 12]
y_dimensions = [5, 16, 9, 10, 2, 2, 3, 16, 5, 1, 10, 7, 2, 9, 12, 1, 3, 2, 7, 6, 3, 1, 1, 7, 7]
minimum_height = 182
----------
x_coordinates = [11, 11, 12, 12, 1, 1, 0, 12, 8, 11, 9, 13, 2, 6, 6, 14, 5, 9, 11, 3, 0, 1, 5, 5, 2]
y_coordinates = [110, 58, 140, 171, 159, 177, 147, 149, 135, 81, 155, 133, 167, 127, 169, 165, 164, 165, 133, 161, 168, 163, 170, 148, 74]
x_dimensions = [3, 3, 3, 3, 5, 2, 5, 3, 1, 4, 3, 2, 12, 9, 6, 1, 1, 5, 2, 2, 2, 1, 1, 7, 12]
y_dimensions = [5, 16, 9, 10, 2, 4, 3, 16, 5, 1, 10, 7, 2, 6, 12, 6, 3, 2, 7, 6, 3, 5, 7, 7, 7]
minimum_height = 181
----------
x_coordinates = [12, 9, 2, 5, 10, 7, 4, 5, 13, 4, 10, 13, 2, 6, 1, 14, 13, 0, 0, 13, 13, 13, 1, 8, 7]
y_coordinates = [126, 126, 142, 177, 148, 167, 139, 150, 50, 112, 157, 135, 169, 142, 171, 170, 163, 162, 147, 157, 166, 172, 164, 150, 65]
x_dimensions = [3, 3, 3, 10, 5, 4, 5, 3, 1, 4, 3, 2, 12, 9, 12, 1, 1, 5, 2, 2, 2, 1, 1, 7, 7]
y_dimensions = [5, 16, 9, 3, 2, 2, 3, 16, 5, 1, 10, 7, 2, 6, 6, 6, 3, 2, 7, 6, 3, 5, 7, 7, 12]
minimum_height = 180
----------
x_coordinates = [11, 4, 7, 5, 13, 12, 10, 10, 0, 11, 11, 12, 2, 6, 0, 14, 9, 7, 13, 1, 13, 1, 9, 0, 2]
y_coordinates = [107, 152, 149, 176, 159, 172, 148, 152, 161, 113, 138, 124, 168, 132, 170, 167, 158, 160, 151, 157, 164, 164, 161, 145, 40]
x_dimensions = [3, 3, 3, 10, 2, 2, 5, 3, 1, 4, 3, 2, 12, 9, 12, 1, 1, 2, 2, 2, 2, 1, 1, 7, 12]
y_dimensions = [5, 16, 9, 3, 5, 4, 3, 16, 5, 1, 10, 7, 2, 6, 6, 6, 3, 5, 7, 6, 3, 5, 7, 7, 7]
minimum_height = 179
----------
x_coordinates = [11, 5, 9, 7, 13, 8, 12, 12, 3, 0, 9, 13, 3, 4, 0, 3, 14, 10, 3, 10, 11, 14, 6, 4, 3]
y_coordinates = [133, 154, 161, 135, 145, 157, 150, 160, 49, 120, 116, 138, 176, 127, 170, 144, 155, 158, 155, 152, 147, 116, 138, 145, 59]
x_dimensions = [3, 3, 3, 3, 2, 2, 3, 3, 1, 4, 3, 2, 12, 9, 12, 1, 1, 5, 2, 2, 2, 1, 1, 7, 12]
y_dimensions = [5, 16, 9, 10, 5, 4, 5, 16, 5, 1, 10, 7, 2, 6, 6, 6, 3, 2, 7, 6, 3, 5, 7, 7, 7]
minimum_height = 178
----------
x_coordinates = [11, 5, 9, 7, 12, 8, 12, 12, 8, 12, 9, 13, 3, 7, 0, 9, 13, 11, 3, 10, 11, 13, 14, 4, 3]
y_coordinates = [141, 160, 162, 137, 151, 173, 146, 161, 107, 32, 116, 134, 126, 128, 147, 4, 158, 156, 160, 171, 2, 118, 152, 153, 70]
x_dimensions = [3, 3, 3, 3, 2, 2, 3, 3, 5, 1, 3, 2, 12, 6, 12, 1, 1, 2, 2, 2, 2, 1, 1, 7, 12]
y_dimensions = [5, 16, 9, 10, 5, 4, 5, 16, 1, 4, 10, 7, 2, 9, 6, 6, 3, 5, 7, 6, 3, 5, 7, 7, 7]
minimum_height = 177
----------
x_coordinates = [12, 9, 12, 11, 13, 10, 12, 12, 2, 8, 11, 13, 3, 3, 1, 10, 14, 13, 11, 7, 11, 2, 2, 5, 2]
y_coordinates = [92, 155, 162, 97, 149, 173, 154, 133, 110, 43, 123, 116, 171, 142, 117, 106, 173, 111, 110, 158, 107, 170, 163, 148, 68]
x_dimensions = [3, 3, 3, 3, 2, 4, 3, 3, 5, 4, 3, 2, 12, 9, 12, 1, 1, 2, 2, 2, 2, 1, 1, 7, 12]
y_dimensions = [5, 16, 9, 10, 5, 2, 5, 16, 1, 1, 10, 7, 2, 6, 6, 6, 3, 5, 7, 6, 3, 5, 7, 7, 7]
minimum_height = 176
----------
x_coordinates = [11, 12, 9, 7, 13, 9, 6, 12, 1, 11, 10, 12, 3, 7, 0, 4, 14, 13, 11, 13, 5, 13, 13, 8, 0]
y_coordinates = [7, 159, 166, 139, 117, 157, 155, 124, 146, 23, 147, 47, 122, 94, 160, 141, 145, 140, 140, 153, 139, 146, 110, 103, 86]
x_dimensions = [3, 3, 3, 3, 2, 4, 3, 3, 1, 4, 3, 2, 12, 6, 12, 1, 1, 2, 2, 2, 2, 1, 1, 7, 7]
y_dimensions = [5, 16, 9, 10, 5, 2, 5, 16, 5, 1, 10, 7, 2, 9, 6, 6, 3, 5, 7, 6, 3, 5, 7, 7, 12]
minimum_height = 175
----------
x_coordinates = [10, 9, 12, 11, 5, 11, 6, 12, 11, 11, 11, 13, 2, 6, 0, 6, 14, 13, 9, 13, 7, 13, 14, 7, 3]
y_coordinates = [121, 158, 165, 128, 120, 154, 164, 138, 140, 23, 104, 15, 126, 98, 148, 137, 127, 160, 137, 154, 137, 121, 120, 114, 34]
x_dimensions = [3, 3, 3, 3, 2, 2, 3, 3, 1, 4, 3, 2, 12, 9, 12, 1, 1, 2, 2, 2, 2, 1, 1, 7, 12]
y_dimensions = [5, 16, 9, 10, 5, 4, 5, 16, 5, 1, 10, 7, 2, 6, 6, 6, 3, 5, 7, 6, 3, 5, 7, 7, 7]
minimum_height = 174
----------
x_coordinates = [12, 10, 9, 0, 13, 7, 12, 0, 1, 1, 11, 13, 3, 2, 3, 7, 14, 12, 13, 13, 8, 14, 14, 3, 2]
y_coordinates = [110, 147, 164, 146, 122, 167, 163, 156, 137, 138, 129, 115, 139, 128, 141, 149, 136, 168, 150, 157, 152, 168, 127, 155, 23]
x_dimensions = [3, 3, 3, 3, 2, 2, 3, 3, 5, 1, 3, 2, 12, 6, 12, 1, 1, 2, 2, 2, 2, 1, 1, 7, 12]
y_dimensions = [5, 16, 9, 10, 5, 4, 5, 16, 1, 4, 10, 7, 2, 9, 6, 6, 3, 5, 7, 6, 3, 5, 7, 7, 7]
minimum_height = 173
----------
x_coordinates = [11, 12, 10, 8, 13, 13, 1, 5, 5, 11, 12, 12, 2, 2, 7, 11, 14, 10, 4, 3, 10, 9, 4, 8, 3]
y_coordinates = [108, 156, 126, 162, 126, 131, 134, 128, 149, 162, 113, 10, 124, 161, 144, 166, 123, 135, 154, 143, 159, 132, 130, 137, 45]
x_dimensions = [3, 3, 3, 3, 2, 2, 3, 3, 1, 1, 3, 2, 12, 6, 6, 1, 1, 5, 2, 2, 2, 1, 1, 7, 12]
y_dimensions = [5, 16, 9, 10, 5, 4, 5, 16, 5, 4, 10, 7, 2, 9, 12, 6, 3, 2, 7, 6, 3, 5, 7, 7, 7]
minimum_height = 172
----------
x_coordinates = [11, 12, 12, 9, 13, 12, 0, 3, 10, 10, 12, 12, 2, 0, 5, 9, 14, 11, 10, 3, 7, 13, 2, 6, 2]
y_coordinates = [125, 146, 162, 154, 136, 142, 140, 125, 125, 138, 113, 88, 123, 162, 142, 165, 124, 137, 164, 141, 168, 131, 131, 130, 10]
x_dimensions = [3, 3, 3, 3, 2, 2, 3, 3, 1, 1, 3, 2, 12, 9, 6, 1, 1, 2, 2, 2, 2, 1, 1, 7, 12]
y_dimensions = [5, 16, 9, 10, 5, 4, 5, 16, 5, 4, 10, 7, 2, 6, 12, 6, 3, 5, 7, 6, 3, 5, 7, 7, 7]
minimum_height = 171
----------
x_coordinates = [11, 9, 12, 2, 13, 12, 11, 6, 10, 1, 11, 13, 3, 6, 0, 11, 7, 8, 5, 13, 0, 12, 14, 6, 3]
y_coordinates = [47, 148, 161, 160, 146, 156, 135, 147, 165, 143, 123, 99, 133, 117, 145, 164, 167, 165, 163, 140, 167, 150, 154, 140, 60]
x_dimensions = [3, 3, 3, 3, 2, 2, 3, 3, 1, 4, 3, 2, 12, 9, 6, 1, 1, 2, 2, 2, 2, 1, 1, 7, 12]
y_dimensions = [5, 16, 9, 10, 5, 4, 5, 16, 5, 1, 10, 7, 2, 6, 12, 6, 3, 5, 7, 6, 3, 5, 7, 7, 7]
minimum_height = 170
----------
x_coordinates = [12, 6, 9, 0, 1, 13, 12, 3, 9, 12, 8, 12, 3, 6, 9, 8, 9, 8, 8, 7, 9, 14, 14, 7, 2]
y_coordinates = [48, 153, 159, 157, 145, 160, 164, 145, 158, 160, 111, 131, 121, 105, 146, 126, 168, 127, 132, 146, 123, 141, 126, 139, 83]
x_dimensions = [3, 3, 3, 3, 2, 2, 3, 3, 5, 1, 3, 2, 12, 9, 6, 6, 3, 2, 2, 2, 2, 1, 1, 7, 12]
y_dimensions = [5, 16, 9, 10, 5, 4, 5, 16, 1, 4, 10, 7, 2, 6, 12, 1, 1, 5, 7, 6, 3, 5, 7, 7, 7]
minimum_height = 169
----------
x_coordinates = [12, 10, 4, 12, 13, 0, 4, 1, 8, 8, 11, 13, 3, 6, 4, 9, 12, 10, 2, 13, 0, 14, 14, 8, 3]
y_coordinates = [81, 146, 162, 136, 155, 161, 165, 145, 138, 143, 117, 103, 127, 111, 150, 166, 167, 141, 161, 160, 165, 150, 120, 129, 71]
x_dimensions = [3, 3, 9, 3, 2, 2, 5, 3, 1, 1, 3, 2, 12, 9, 6, 6, 3, 2, 2, 2, 2, 1, 1, 7, 12]
y_dimensions = [5, 16, 3, 10, 5, 4, 3, 16, 5, 4, 10, 7, 2, 6, 12, 1, 1, 5, 7, 6, 3, 5, 7, 7, 7]
minimum_height = 168
----------
x_coordinates = [11, 12, 6, 2, 5, 0, 11, 9, 1, 4, 4, 12, 7, 6, 7, 1, 1, 1, 5, 13, 7, 0, 0, 8, 0]
y_coordinates = [111, 148, 164, 156, 157, 163, 134, 146, 152, 152, 142, 103, 147, 128, 116, 157, 133, 145, 162, 122, 159, 158, 151, 139, 76]
x_dimensions = [3, 3, 9, 3, 2, 2, 3, 3, 1, 1, 3, 2, 2, 9, 6, 1, 1, 2, 7, 2, 2, 1, 1, 7, 12]
y_dimensions = [5, 16, 3, 10, 5, 4, 5, 16, 5, 4, 10, 7, 12, 6, 12, 6, 3, 5, 2, 6, 3, 5, 7, 7, 7]
minimum_height = 167
----------
x_coordinates = [0, 0, 5, 3, 9, 4, 12, 12, 4, 9, 2, 12, 9, 9, 3, 3, 4, 0, 8, 10, 6, 11, 11, 8, 3]
y_coordinates = [124, 150, 122, 156, 159, 152, 126, 148, 150, 127, 140, 91, 147, 131, 127, 151, 124, 145, 164, 125, 163, 159, 151, 140, 2]
x_dimensions = [3, 3, 9, 3, 2, 2, 3, 3, 5, 1, 3, 2, 2, 6, 6, 6, 1, 2, 7, 2, 2, 1, 1, 7, 7]
y_dimensions = [5, 16, 3, 10, 5, 4, 5, 16, 1, 4, 10, 7, 12, 9, 12, 1, 3, 5, 2, 6, 3, 5, 7, 7, 12]
minimum_height = 166
----------
x_coordinates = [5, 10, 6, 4, 13, 6, 3, 7, 6, 4, 1, 12, 12, 1, 0, 6, 7, 9, 6, 6, 12, 14, 13, 8, 1]
y_coordinates = [117, 149, 122, 155, 149, 125, 138, 149, 148, 119, 155, 115, 125, 129, 143, 147, 136, 128, 145, 139, 147, 160, 154, 138, 7]
x_dimensions = [3, 3, 9, 3, 2, 2, 3, 3, 5, 1, 3, 2, 2, 6, 6, 6, 1, 2, 7, 2, 3, 1, 1, 7, 12]
y_dimensions = [5, 16, 3, 10, 5, 4, 5, 16, 1, 4, 10, 7, 12, 9, 12, 1, 3, 5, 2, 6, 2, 5, 7, 7, 7]
minimum_height = 165
----------
x_coordinates = [12, 11, 6, 5, 11, 11, 12, 11, 0, 14, 2, 13, 8, 6, 0, 11, 9, 12, 4, 9, 13, 12, 11, 2, 3]
y_coordinates = [59, 132, 114, 161, 121, 117, 156, 98, 163, 143, 158, 91, 97, 148, 146, 126, 157, 151, 131, 142, 125, 93, 91, 139, 64]
x_dimensions = [3, 3, 9, 10, 2, 2, 3, 3, 5, 1, 10, 2, 2, 6, 6, 1, 3, 2, 7, 2, 2, 1, 1, 7, 12]
y_dimensions = [5, 16, 3, 3, 5, 4, 5, 16, 1, 4, 3, 7, 12, 9, 12, 6, 1, 5, 2, 6, 3, 5, 7, 7, 7]
minimum_height = 164
----------
x_coordinates = [8, 11, 2, 5, 1, 1, 0, 12, 0, 0, 2, 13, 13, 9, 3, 13, 12, 11, 7, 0, 12, 1, 14, 2, 2]
y_coordinates = [119, 108, 135, 160, 152, 148, 157, 134, 162, 149, 145, 12, 96, 150, 148, 126, 159, 127, 124, 142, 132, 131, 125, 138, 61]
x_dimensions = [3, 3, 9, 10, 2, 2, 3, 3, 5, 1, 10, 2, 2, 6, 6, 1, 3, 2, 7, 2, 3, 1, 1, 7, 12]
y_dimensions = [5, 16, 3, 3, 5, 4, 5, 16, 1, 4, 3, 7, 12, 9, 12, 6, 1, 5, 2, 6, 2, 5, 7, 7, 7]
minimum_height = 163
----------
x_coordinates = [12, 11, 0, 10, 3, 6, 6, 0, 9, 6, 5, 13, 2, 0, 9, 14, 3, 6, 8, 13, 12, 8, 8, 7, 2]
y_coordinates = [66, 119, 149, 109, 144, 153, 157, 133, 161, 141, 146, 106, 118, 152, 149, 129, 161, 134, 135, 113, 137, 152, 128, 139, 69]
x_dimensions = [3, 3, 9, 3, 2, 2, 3, 3, 5, 1, 10, 2, 2, 6, 6, 1, 3, 2, 7, 2, 3, 1, 1, 7, 7]
y_dimensions = [5, 16, 3, 10, 5, 4, 5, 16, 1, 4, 3, 7, 12, 9, 12, 6, 1, 5, 2, 6, 2, 5, 7, 7, 12]
minimum_height = 162
----------
x_coordinates = [9, 12, 0, 10, 7, 8, 6, 0, 5, 8, 3, 12, 4, 0, 9, 13, 9, 10, 6, 2, 11, 6, 6, 3, 2]
y_coordinates = [133, 129, 148, 117, 151, 129, 156, 132, 125, 134, 145, 65, 126, 152, 148, 123, 160, 140, 127, 124, 115, 151, 129, 138, 79]
x_dimensions = [3, 3, 9, 3, 2, 2, 3, 3, 5, 1, 10, 2, 2, 6, 6, 1, 3, 2, 7, 2, 3, 1, 1, 7, 12]
y_dimensions = [5, 16, 3, 10, 5, 4, 5, 16, 1, 4, 3, 7, 12, 9, 12, 6, 1, 5, 2, 6, 2, 5, 7, 7, 7]
minimum_height = 161
----------
x_coordinates = [9, 12, 5, 11, 2, 10, 12, 2, 3, 11, 2, 13, 1, 4, 7, 14, 3, 10, 8, 0, 5, 7, 1, 5, 0]
y_coordinates = [134, 139, 130, 120, 152, 156, 155, 132, 129, 102, 148, 113, 120, 151, 108, 131, 157, 151, 137, 147, 138, 133, 136, 141, 2]
x_dimensions = [5, 3, 9, 3, 2, 2, 3, 3, 5, 1, 10, 2, 2, 6, 6, 1, 1, 2, 7, 2, 3, 1, 1, 7, 12]
y_dimensions = [3, 16, 3, 10, 5, 4, 5, 16, 1, 4, 3, 7, 12, 9, 12, 6, 3, 5, 2, 6, 2, 5, 7, 7, 7]
minimum_height = 160
----------
x_coordinates = [8, 3, 6, 10, 11, 13, 9, 10, 13, 14, 0, 12, 12, 0, 4, 10, 13, 11, 13, 13, 11, 12, 10, 6, 3]
y_coordinates = [139, 134, 130, 120, 103, 102, 156, 87, 125, 153, 150, 50, 108, 153, 118, 133, 151, 149, 138, 145, 154, 134, 149, 142, 3]
x_dimensions = [5, 3, 9, 3, 2, 2, 5, 3, 1, 1, 10, 2, 2, 9, 6, 1, 1, 2, 2, 2, 3, 1, 1, 7, 12]
y_dimensions = [3, 16, 3, 10, 5, 4, 3, 16, 5, 4, 3, 7, 12, 6, 12, 6, 3, 5, 7, 6, 2, 5, 7, 7, 7]
minimum_height = 159
----------
x_coordinates = [10, 2, 6, 0, 6, 12, 12, 11, 3, 12, 5, 12, 10, 4, 4, 12, 3, 13, 5, 13, 7, 14, 6, 7, 6]
y_coordinates = [140, 142, 131, 111, 112, 111, 106, 115, 120, 151, 155, 99, 103, 103, 119, 134, 110, 150, 139, 134, 141, 145, 150, 143, 78]
x_dimensions = [5, 3, 9, 3, 2, 2, 3, 3, 1, 1, 10, 2, 2, 6, 6, 1, 1, 2, 2, 2, 3, 1, 7, 7, 7]
y_dimensions = [3, 16, 3, 10, 5, 4, 5, 16, 5, 4, 3, 7, 12, 9, 12, 6, 3, 5, 7, 6, 2, 5, 1, 7, 12]
minimum_height = 158
----------
x_coordinates = [8, 0, 6, 1, 12, 13, 2, 12, 0, 12, 3, 12, 10, 9, 4, 7, 13, 13, 11, 13, 6, 2, 6, 8, 2]
y_coordinates = [140, 141, 135, 113, 114, 110, 100, 119, 122, 110, 154, 88, 113, 101, 119, 143, 98, 152, 138, 139, 150, 136, 153, 145, 60]
x_dimensions = [3, 3, 9, 3, 2, 2, 3, 3, 1, 1, 10, 2, 2, 6, 6, 1, 1, 2, 2, 2, 2, 1, 7, 7, 12]
y_dimensions = [5, 16, 3, 10, 5, 4, 5, 16, 5, 4, 3, 7, 12, 9, 12, 6, 3, 5, 7, 6, 3, 5, 1, 7, 7]
minimum_height = 157
----------
x_coordinates = [9, 11, 0, 1, 13, 13, 3, 12, 4, 12, 0, 12, 11, 6, 5, 13, 14, 13, 13, 13, 10, 12, 12, 5, 3]
y_coordinates = [141, 89, 143, 111, 115, 108, 138, 121, 119, 105, 153, 75, 109, 132, 119, 137, 140, 84, 143, 150, 153, 142, 149, 146, 25]
x_dimensions = [3, 3, 9, 3, 2, 2, 3, 3, 1, 1, 10, 2, 2, 6, 6, 1, 1, 2, 2, 2, 2, 1, 1, 7, 7]
y_dimensions = [5, 16, 3, 10, 5, 4, 5, 16, 5, 4, 3, 7, 12, 9, 12, 6, 3, 5, 7, 6, 3, 5, 7, 7, 12]
minimum_height = 156
----------
x_coordinates = [10, 1, 6, 10, 13, 2, 12, 11, 3, 14, 5, 13, 13, 3, 4, 14, 3, 13, 13, 4, 11, 13, 3, 6, 3]
y_coordinates = [141, 134, 138, 112, 105, 150, 100, 122, 119, 151, 92, 85, 110, 109, 121, 132, 104, 95, 141, 147, 153, 148, 154, 146, 52]
x_dimensions = [3, 3, 9, 3, 2, 2, 3, 3, 1, 1, 10, 2, 2, 6, 6, 1, 1, 2, 2, 2, 3, 1, 7, 7, 12]
y_dimensions = [5, 16, 3, 10, 5, 4, 5, 16, 5, 4, 3, 7, 12, 9, 12, 6, 3, 5, 7, 6, 2, 5, 1, 7, 7]
minimum_height = 155
----------
x_coordinates = [11, 11, 12, 4, 13, 4, 2, 11, 3, 1, 2, 13, 2, 6, 7, 1, 5, 13, 13, 13, 12, 1, 5, 6, 7]
y_coordinates = [49, 102, 132, 121, 125, 146, 135, 81, 117, 149, 132, 118, 140, 138, 118, 131, 136, 97, 141, 148, 130, 153, 131, 147, 56]
x_dimensions = [3, 3, 3, 3, 2, 2, 3, 3, 1, 1, 10, 2, 2, 6, 6, 1, 1, 2, 2, 2, 3, 5, 7, 7, 7]
y_dimensions = [5, 16, 9, 10, 5, 4, 5, 16, 5, 4, 3, 7, 12, 9, 12, 6, 3, 5, 7, 6, 2, 1, 1, 7, 12]
minimum_height = 154
----------
x_coordinates = [12, 2, 8, 12, 6, 12, 11, 0, 5, 14, 4, 12, 3, 2, 6, 14, 5, 13, 0, 1, 12, 1, 5, 8, 7]
y_coordinates = [141, 107, 137, 114, 148, 132, 136, 123, 119, 135, 124, 99, 127, 139, 112, 100, 149, 106, 145, 101, 130, 152, 131, 146, 63]
x_dimensions = [3, 3, 3, 3, 2, 2, 3, 3, 1, 1, 10, 2, 2, 6, 6, 1, 1, 2, 2, 2, 3, 5, 7, 7, 7]
y_dimensions = [5, 16, 9, 10, 5, 4, 5, 16, 5, 4, 3, 7, 12, 9, 12, 6, 3, 5, 7, 6, 2, 1, 1, 7, 12]
minimum_height = 153
----------
x_coordinates = [11, 0, 12, 4, 13, 13, 3, 0, 3, 13, 5, 13, 5, 6, 7, 14, 12, 13, 3, 3, 12, 5, 5, 8, 7]
y_coordinates = [52, 120, 135, 111, 144, 129, 140, 136, 120, 125, 149, 37, 122, 139, 120, 123, 144, 118, 145, 134, 133, 138, 134, 45, 73]
x_dimensions = [3, 3, 3, 3, 2, 2, 3, 3, 1, 1, 10, 2, 2, 6, 6, 1, 1, 2, 2, 2, 3, 5, 7, 7, 7]
y_dimensions = [5, 16, 9, 10, 5, 4, 5, 16, 5, 4, 3, 7, 12, 9, 12, 6, 3, 5, 7, 6, 2, 1, 1, 7, 12]
minimum_height = 152
----------
x_coordinates = [11, 12, 12, 2, 11, 13, 11, 2, 1, 11, 5, 13, 12, 6, 5, 14, 5, 13, 11, 4, 12, 14, 5, 5, 5]
y_coordinates = [96, 122, 138, 116, 91, 118, 101, 135, 119, 117, 148, 86, 106, 139, 120, 76, 145, 71, 84, 90, 82, 100, 83, 132, 64]
x_dimensions = [3, 3, 3, 3, 2, 2, 3, 3, 1, 1, 10, 2, 2, 6, 6, 1, 1, 2, 2, 2, 3, 1, 7, 7, 7]
y_dimensions = [5, 16, 9, 10, 5, 4, 5, 16, 5, 4, 3, 7, 12, 9, 12, 6, 3, 5, 7, 6, 2, 5, 1, 7, 12]
minimum_height = 151
----------
x_coordinates = [11, 0, 0, 8, 12, 13, 2, 3, 7, 14, 2, 13, 5, 8, 7, 14, 7, 13, 13, 6, 10, 1, 9, 6, 5]
y_coordinates = [123, 124, 140, 117, 118, 130, 119, 134, 123, 126, 114, 100, 122, 141, 102, 143, 141, 113, 134, 144, 132, 119, 127, 134, 74]
x_dimensions = [3, 3, 3, 3, 2, 2, 3, 3, 1, 1, 10, 2, 2, 6, 6, 1, 1, 2, 2, 2, 3, 1, 1, 7, 7]
y_dimensions = [5, 16, 9, 10, 5, 4, 5, 16, 5, 4, 3, 7, 12, 9, 12, 6, 3, 5, 7, 6, 2, 5, 7, 7, 12]
minimum_height = 150
----------
x_coordinates = [11, 12, 0, 11, 13, 6, 7, 9, 1, 8, 5, 12, 7, 9, 8, 14, 1, 13, 8, 11, 12, 2, 10, 2, 6]
y_coordinates = [109, 124, 139, 114, 104, 135, 103, 124, 121, 135, 98, 21, 123, 140, 86, 114, 146, 81, 108, 103, 101, 107, 108, 142, 58]
x_dimensions = [3, 3, 9, 3, 2, 2, 3, 3, 1, 1, 10, 2, 2, 6, 6, 1, 1, 2, 2, 2, 3, 5, 1, 7, 7]
y_dimensions = [5, 16, 3, 10, 5, 4, 5, 16, 5, 4, 3, 7, 12, 9, 12, 6, 3, 5, 7, 6, 2, 1, 7, 7, 12]
minimum_height = 149
----------
x_coordinates = [4, 10, 4, 7, 7, 13, 4, 12, 14, 6, 2, 13, 13, 7, 8, 14, 14, 13, 9, 12, 12, 13, 11, 7, 5]
y_coordinates = [110, 125, 139, 127, 111, 124, 115, 91, 119, 126, 106, 49, 128, 116, 79, 140, 115, 74, 109, 107, 113, 115, 109, 141, 57]
x_dimensions = [3, 3, 3, 3, 2, 2, 3, 3, 1, 1, 10, 2, 2, 6, 6, 1, 1, 2, 2, 2, 3, 1, 1, 7, 7]
y_dimensions = [5, 16, 9, 10, 5, 4, 5, 16, 5, 4, 3, 7, 12, 9, 12, 6, 3, 5, 7, 6, 2, 5, 7, 7, 12]
minimum_height = 148
----------
x_coordinates = [12, 5, 5, 7, 6, 13, 3, 2, 10, 7, 4, 13, 8, 8, 7, 4, 14, 13, 10, 13, 12, 12, 11, 8, 6]
y_coordinates = [110, 126, 144, 106, 116, 118, 120, 125, 115, 121, 103, 90, 116, 128, 91, 141, 134, 98, 120, 122, 115, 119, 113, 137, 64]
x_dimensions = [3, 3, 9, 3, 2, 2, 3, 3, 1, 1, 10, 2, 2, 6, 6, 1, 1, 2, 2, 2, 3, 1, 1, 7, 7]
y_dimensions = [5, 16, 3, 10, 5, 4, 5, 16, 5, 4, 3, 7, 12, 9, 12, 6, 3, 5, 7, 6, 2, 5, 7, 7, 12]
minimum_height = 147
----------
x_coordinates = [11, 6, 0, 0, 6, 11, 8, 3, 5, 11, 5, 12, 9, 9, 7, 8, 2, 13, 13, 13, 12, 12, 12, 8, 7]
y_coordinates = [114, 127, 143, 120, 120, 126, 120, 125, 118, 122, 106, 31, 125, 137, 87, 114, 135, 109, 130, 124, 119, 121, 130, 99, 70]
x_dimensions = [3, 3, 9, 3, 2, 2, 3, 3, 1, 1, 10, 2, 2, 6, 6, 1, 1, 2, 2, 2, 3, 1, 1, 7, 7]
y_dimensions = [5, 16, 3, 10, 5, 4, 5, 16, 5, 4, 3, 7, 12, 9, 12, 6, 3, 5, 7, 6, 2, 5, 7, 7, 12]
minimum_height = 146
----------
x_coordinates = [12, 9, 12, 3, 13, 1, 12, 11, 14, 14, 0, 13, 6, 7, 7, 5, 5, 10, 13, 13, 13, 13, 8, 1, 7]
y_coordinates = [140, 129, 131, 121, 109, 130, 114, 80, 122, 127, 118, 57, 126, 102, 56, 132, 108, 118, 96, 103, 119, 126, 133, 138, 68]
x_dimensions = [3, 3, 3, 3, 2, 2, 3, 3, 1, 1, 10, 2, 2, 6, 6, 1, 1, 2, 2, 2, 2, 1, 1, 7, 7]
y_dimensions = [5, 16, 9, 10, 5, 4, 5, 16, 5, 4, 3, 7, 12, 9, 12, 6, 3, 5, 7, 6, 3, 5, 7, 7, 12]
minimum_height = 145
----------
x_coordinates = [10, 12, 9, 0, 13, 0, 0, 3, 14, 14, 2, 13, 7, 6, 8, 7, 3, 4, 12, 0, 5, 0, 8, 1, 7]
y_coordinates = [116, 128, 135, 115, 114, 111, 125, 110, 119, 124, 131, 107, 110, 122, 95, 104, 127, 126, 121, 131, 134, 139, 136, 137, 71]
x_dimensions = [3, 3, 3, 3, 2, 2, 3, 3, 1, 1, 10, 2, 2, 6, 6, 1, 1, 2, 2, 2, 2, 1, 1, 7, 7]
y_dimensions = [5, 16, 9, 10, 5, 4, 5, 16, 5, 4, 3, 7, 12, 9, 12, 6, 3, 5, 7, 6, 3, 5, 7, 7, 12]
minimum_height = 144
----------
x_coordinates = [6, 12, 11, 10, 3, 5, 3, 5, 0, 14, 5, 13, 3, 6, 7, 9, 0, 10, 11, 1, 13, 11, 5, 8, 7]
y_coordinates = [129, 127, 94, 117, 133, 69, 138, 113, 133, 102, 62, 86, 116, 134, 82, 126, 140, 128, 103, 137, 124, 65, 131, 110, 70]
x_dimensions = [3, 3, 3, 3, 2, 2, 3, 3, 1, 1, 10, 2, 2, 6, 6, 1, 1, 2, 2, 2, 2, 1, 1, 7, 7]
y_dimensions = [5, 16, 9, 10, 5, 4, 5, 16, 5, 4, 3, 7, 12, 9, 12, 6, 3, 5, 7, 6, 3, 5, 7, 7, 12]
minimum_height = 143
----------
x_coordinates = [6, 8, 9, 12, 9, 0, 10, 6, 14, 8, 5, 13, 12, 1, 9, 7, 10, 3, 9, 4, 9, 0, 2, 7, 7]
y_coordinates = [92, 97, 124, 123, 92, 128, 139, 113, 117, 129, 133, 103, 111, 136, 58, 107, 136, 131, 114, 112, 121, 132, 129, 85, 70]
x_dimensions = [3, 3, 3, 3, 2, 2, 5, 3, 1, 1, 10, 2, 2, 9, 6, 1, 1, 2, 2, 2, 2, 1, 1, 7, 7]
y_dimensions = [5, 16, 9, 10, 5, 4, 3, 16, 5, 4, 3, 7, 12, 6, 12, 6, 3, 5, 7, 6, 3, 5, 7, 7, 12]
minimum_height = 142
----------
x_coordinates = [10, 12, 10, 11, 12, 13, 11, 8, 14, 14, 6, 13, 2, 1, 7, 9, 12, 10, 4, 6, 13, 0, 14, 8, 6]
y_coordinates = [91, 101, 127, 117, 96, 134, 86, 109, 121, 130, 125, 68, 116, 135, 57, 126, 140, 136, 121, 116, 127, 133, 90, 50, 69]
x_dimensions = [3, 3, 3, 3, 2, 2, 3, 3, 1, 1, 3, 2, 2, 9, 6, 1, 3, 2, 2, 2, 2, 1, 1, 7, 7]
y_dimensions = [5, 16, 9, 10, 5, 4, 5, 16, 5, 4, 10, 7, 12, 6, 12, 6, 1, 5, 7, 6, 3, 5, 7, 7, 12]
minimum_height = 141
----------
x_coordinates = [11, 12, 3, 12, 13, 11, 11, 9, 3, 12, 0, 13, 5, 2, 7, 3, 10, 7, 5, 7, 7, 7, 13, 2, 6]
y_coordinates = [90, 109, 134, 125, 135, 102, 104, 117, 123, 135, 130, 68, 115, 101, 57, 128, 139, 137, 127, 124, 130, 133, 95, 94, 69]
x_dimensions = [3, 3, 9, 3, 2, 4, 3, 3, 1, 1, 3, 2, 2, 9, 6, 1, 3, 5, 2, 2, 2, 5, 1, 7, 7]
y_dimensions = [5, 16, 3, 10, 5, 2, 5, 16, 5, 4, 10, 7, 12, 6, 12, 6, 1, 2, 7, 6, 3, 1, 7, 7, 12]
minimum_height = 140
----------
x_coordinates = [3, 6, 11, 12, 7, 11, 9, 12, 14, 14, 0, 13, 11, 3, 7, 14, 5, 9, 11, 9, 12, 6, 14, 2, 6]
y_coordinates = [121, 110, 114, 123, 134, 133, 108, 98, 87, 133, 122, 73, 55, 126, 79, 92, 136, 134, 91, 113, 137, 132, 116, 60, 67]
x_dimensions = [3, 3, 3, 3, 2, 2, 3, 3, 1, 1, 3, 2, 2, 9, 6, 1, 1, 2, 2, 2, 3, 1, 1, 7, 7]
y_dimensions = [5, 16, 9, 10, 5, 4, 5, 16, 5, 4, 10, 7, 12, 6, 12, 6, 3, 5, 7, 6, 2, 5, 7, 7, 12]
minimum_height = 139
----------
x_coordinates = [5, 12, 12, 2, 0, 1, 11, 12, 14, 12, 4, 1, 0, 5, 8, 14, 1, 1, 10, 10, 13, 9, 14, 4, 7]
y_coordinates = [123, 115, 85, 128, 133, 84, 110, 94, 71, 81, 93, 68, 126, 131, 69, 76, 109, 93, 81, 120, 82, 137, 131, 109, 57]
x_dimensions = [5, 3, 3, 3, 2, 2, 3, 3, 1, 1, 3, 2, 12, 9, 6, 1, 1, 2, 2, 2, 2, 5, 1, 7, 7]
y_dimensions = [3, 16, 9, 10, 5, 4, 5, 16, 5, 4, 10, 7, 2, 6, 12, 6, 3, 5, 7, 6, 3, 1, 7, 7, 12]
minimum_height = 138
----------
x_coordinates = [9, 12, 5, 12, 9, 13, 12, 8, 14, 8, 0, 5, 3, 6, 7, 14, 7, 8, 10, 10, 7, 2, 11, 8, 6]
y_coordinates = [124, 42, 109, 125, 135, 107, 120, 95, 89, 91, 117, 83, 118, 58, 76, 94, 106, 129, 88, 129, 134, 134, 104, 111, 64]
x_dimensions = [3, 3, 3, 3, 5, 2, 3, 3, 1, 1, 3, 2, 12, 9, 6, 1, 1, 2, 2, 2, 2, 5, 1, 7, 7]
y_dimensions = [5, 16, 9, 10, 2, 4, 5, 16, 5, 4, 10, 7, 2, 6, 12, 6, 3, 5, 7, 6, 3, 1, 7, 7, 12]
minimum_height = 137
----------
x_coordinates = [10, 9, 12, 0, 3, 10, 10, 11, 14, 11, 1, 13, 9, 6, 9, 14, 2, 8, 12, 10, 10, 5, 14, 5, 2]
y_coordinates = [75, 84, 126, 128, 133, 130, 70, 104, 121, 100, 103, 68, 108, 78, 56, 99, 133, 131, 97, 50, 127, 127, 114, 120, 66]
x_dimensions = [5, 3, 3, 10, 5, 2, 3, 3, 1, 1, 10, 2, 2, 9, 6, 1, 1, 2, 2, 2, 2, 5, 1, 7, 7]
y_dimensions = [3, 16, 9, 3, 2, 4, 5, 16, 5, 4, 3, 7, 12, 6, 12, 6, 3, 5, 7, 6, 3, 1, 7, 7, 12]
minimum_height = 136
----------
x_coordinates = [10, 10, 2, 5, 8, 0, 12, 12, 14, 12, 1, 1, 12, 6, 9, 11, 5, 0, 13, 12, 13, 8, 5, 6, 4]
y_coordinates = [57, 89, 126, 129, 133, 126, 52, 105, 100, 85, 119, 72, 73, 60, 40, 116, 132, 130, 121, 67, 132, 132, 122, 122, 66]
x_dimensions = [5, 3, 3, 10, 5, 2, 3, 3, 1, 1, 10, 2, 2, 9, 6, 1, 1, 2, 2, 2, 2, 5, 1, 7, 7]
y_dimensions = [3, 16, 9, 3, 2, 4, 5, 16, 5, 4, 3, 7, 12, 6, 12, 6, 3, 5, 7, 6, 3, 1, 7, 7, 12]
minimum_height = 135
----------
x_coordinates = [10, 1, 5, 8, 4, 3, 1, 12, 3, 1, 2, 13, 0, 3, 8, 4, 3, 0, 8, 11, 6, 2, 7, 8, 7]
y_coordinates = [98, 92, 122, 107, 117, 129, 108, 108, 124, 125, 119, 101, 113, 60, 86, 123, 133, 129, 124, 102, 131, 128, 107, 127, 66]
x_dimensions = [5, 3, 3, 3, 5, 2, 3, 3, 1, 1, 10, 2, 2, 9, 6, 1, 3, 2, 7, 2, 2, 1, 1, 7, 7]
y_dimensions = [3, 16, 9, 10, 2, 4, 5, 16, 5, 4, 3, 7, 12, 6, 12, 6, 1, 5, 2, 6, 3, 5, 7, 7, 12]
minimum_height = 134
----------
x_coordinates = [10, 1, 9, 12, 5, 9, 1, 2, 3, 5, 5, 7, 0, 6, 9, 8, 13, 7, 12, 0, 6, 14, 14, 0, 6]
y_coordinates = [99, 92, 122, 108, 113, 131, 87, 109, 125, 121, 118, 91, 114, 102, 87, 122, 130, 128, 123, 108, 122, 128, 121, 126, 65]
x_dimensions = [5, 3, 3, 3, 5, 4, 3, 3, 5, 1, 10, 2, 2, 9, 6, 1, 1, 2, 2, 2, 2, 1, 1, 7, 7]
y_dimensions = [3, 16, 9, 10, 2, 2, 5, 16, 1, 4, 3, 7, 12, 6, 12, 6, 3, 5, 7, 6, 3, 5, 7, 7, 12]
minimum_height = 133
----------
x_coordinates = [10, 0, 12, 8, 10, 11, 4, 9, 10, 2, 5, 13, 3, 4, 4, 7, 11, 7, 13, 7, 8, 14, 14, 0, 6]
y_coordinates = [80, 91, 123, 96, 83, 104, 98, 109, 125, 121, 106, 73, 103, 90, 78, 124, 127, 130, 85, 114, 127, 99, 92, 125, 65]
x_dimensions = [5, 3, 3, 3, 5, 4, 3, 3, 1, 1, 10, 2, 2, 9, 6, 1, 1, 5, 2, 2, 2, 1, 1, 7, 7]
y_dimensions = [3, 16, 9, 10, 2, 2, 5, 16, 5, 4, 3, 7, 12, 6, 12, 6, 3, 2, 7, 6, 3, 5, 7, 7, 12]
minimum_height = 132
----------
x_coordinates = [10, 12, 12, 8, 10, 11, 12, 2, 7, 11, 5, 13, 11, 3, 9, 8, 12, 7, 13, 0, 9, 14, 12, 0, 6]
y_coordinates = [45, 48, 122, 108, 95, 116, 90, 108, 128, 122, 119, 71, 97, 58, 78, 122, 118, 129, 104, 108, 126, 111, 109, 124, 64]
x_dimensions = [5, 3, 3, 3, 5, 4, 3, 3, 5, 1, 10, 2, 2, 9, 6, 1, 3, 5, 2, 2, 3, 1, 1, 7, 7]
y_dimensions = [3, 16, 9, 10, 2, 2, 5, 16, 1, 4, 3, 7, 12, 6, 12, 6, 1, 2, 7, 6, 2, 5, 7, 7, 12]
minimum_height = 131
----------
x_coordinates = [11, 8, 6, 11, 0, 13, 5, 12, 10, 14, 0, 5, 10, 2, 4, 13, 13, 8, 13, 10, 13, 14, 12, 6, 7]
y_coordinates = [85, 81, 126, 72, 87, 106, 84, 110, 129, 102, 123, 68, 114, 89, 111, 97, 103, 105, 90, 108, 82, 97, 91, 98, 60]
x_dimensions = [3, 3, 9, 3, 5, 2, 3, 3, 5, 1, 10, 2, 2, 6, 6, 1, 1, 5, 2, 2, 2, 1, 1, 7, 7]
y_dimensions = [5, 16, 3, 10, 2, 4, 5, 16, 1, 4, 3, 7, 12, 9, 12, 6, 3, 2, 7, 6, 3, 5, 7, 7, 12]
minimum_height = 130
----------
x_coordinates = [10, 7, 0, 9, 3, 13, 3, 10, 9, 14, 0, 7, 8, 1, 7, 0, 2, 13, 13, 13, 13, 6, 1, 1, 6]
y_coordinates = [107, 95, 126, 71, 111, 108, 106, 112, 128, 125, 123, 93, 111, 97, 81, 117, 110, 112, 101, 119, 98, 106, 107, 116, 59]
x_dimensions = [3, 3, 9, 3, 5, 2, 3, 3, 5, 1, 10, 7, 2, 6, 6, 1, 1, 2, 2, 2, 2, 1, 1, 7, 7]
y_dimensions = [5, 16, 3, 10, 2, 4, 5, 16, 1, 4, 3, 2, 12, 9, 12, 6, 3, 5, 7, 6, 3, 5, 7, 7, 12]
minimum_height = 129
----------
x_coordinates = [11, 8, 0, 9, 3, 3, 5, 12, 11, 11, 4, 7, 8, 1, 7, 7, 14, 13, 13, 10, 11, 11, 0, 1, 6]
y_coordinates = [107, 97, 125, 75, 111, 106, 106, 112, 113, 118, 69, 72, 113, 90, 85, 117, 107, 102, 95, 122, 98, 101, 101, 99, 57]
x_dimensions = [3, 3, 9, 3, 5, 2, 3, 3, 1, 1, 10, 7, 2, 6, 6, 1, 1, 2, 2, 2, 2, 1, 1, 7, 7]
y_dimensions = [5, 16, 3, 10, 2, 4, 5, 16, 5, 4, 3, 2, 12, 9, 12, 6, 3, 5, 7, 6, 3, 5, 7, 7, 12]
minimum_height = 128
----------
x_coordinates = [6, 9, 6, 6, 0, 7, 2, 12, 10, 14, 0, 9, 10, 1, 8, 9, 14, 5, 12, 11, 4, 0, 0, 2, 1]
y_coordinates = [119, 96, 93, 79, 122, 108, 107, 110, 126, 103, 124, 73, 114, 112, 61, 118, 107, 107, 103, 79, 119, 101, 106, 100, 62]
x_dimensions = [3, 3, 9, 3, 5, 2, 3, 3, 5, 1, 10, 2, 2, 9, 6, 1, 1, 2, 2, 2, 2, 1, 1, 7, 7]
y_dimensions = [5, 16, 3, 10, 2, 4, 5, 16, 1, 4, 3, 7, 12, 6, 12, 6, 3, 5, 7, 6, 3, 5, 7, 7, 12]
minimum_height = 127
----------
x_coordinates = [0, 12, 6, 0, 2, 2, 2, 12, 13, 14, 3, 1, 1, 3, 2, 12, 14, 11, 13, 11, 12, 10, 10, 5, 6]
y_coordinates = [121, 96, 71, 76, 111, 114, 106, 80, 119, 75, 74, 69, 118, 120, 92, 120, 123, 112, 112, 53, 77, 99, 111, 104, 59]
x_dimensions = [3, 3, 9, 3, 5, 2, 3, 3, 1, 1, 10, 2, 12, 9, 6, 1, 1, 2, 2, 2, 2, 1, 1, 7, 7]
y_dimensions = [5, 16, 3, 10, 2, 4, 5, 16, 5, 4, 3, 7, 2, 6, 12, 6, 3, 5, 7, 6, 3, 5, 7, 7, 12]
minimum_height = 126
----------
x_coordinates = [8, 11, 1, 12, 6, 0, 10, 2, 1, 7, 5, 5, 2, 2, 6, 14, 13, 0, 6, 13, 0, 14, 14, 8, 6]
y_coordinates = [108, 103, 94, 76, 104, 110, 93, 97, 120, 90, 100, 85, 119, 113, 73, 118, 122, 115, 106, 93, 102, 106, 111, 86, 61]
x_dimensions = [3, 3, 9, 3, 5, 2, 3, 3, 1, 1, 10, 2, 12, 9, 6, 1, 1, 2, 2, 2, 2, 1, 1, 7, 7]
y_dimensions = [5, 16, 3, 10, 2, 4, 5, 16, 5, 4, 3, 7, 2, 6, 12, 6, 3, 5, 7, 6, 3, 5, 7, 7, 12]
minimum_height = 125
----------
x_coordinates = [0, 10, 2, 0, 8, 6, 7, 3, 9, 11, 5, 13, 2, 1, 9, 14, 13, 13, 13, 13, 0, 14, 14, 8, 7]
y_coordinates = [109, 105, 89, 99, 110, 111, 105, 98, 121, 104, 94, 97, 122, 115, 49, 118, 118, 113, 106, 42, 96, 75, 87, 80, 61]
x_dimensions = [3, 3, 3, 3, 2, 2, 3, 3, 5, 4, 10, 2, 12, 9, 6, 1, 1, 2, 2, 2, 2, 1, 1, 7, 7]
y_dimensions = [5, 16, 9, 10, 5, 4, 5, 16, 1, 1, 3, 7, 2, 6, 12, 6, 3, 5, 7, 6, 3, 5, 7, 7, 12]
minimum_height = 124
----------
x_coordinates = [8, 11, 2, 12, 7, 0, 5, 7, 9, 14, 5, 13, 2, 2, 8, 4, 14, 0, 0, 11, 0, 14, 14, 8, 7]
y_coordinates = [108, 104, 99, 78, 103, 107, 108, 84, 122, 116, 100, 88, 120, 113, 47, 119, 120, 118, 111, 94, 102, 95, 107, 71, 59]
x_dimensions = [3, 3, 3, 3, 2, 2, 3, 3, 5, 1, 10, 2, 12, 9, 6, 6, 1, 2, 2, 2, 2, 1, 1, 7, 7]
y_dimensions = [5, 16, 9, 10, 5, 4, 5, 16, 1, 4, 3, 7, 2, 6, 12, 1, 3, 5, 7, 6, 3, 5, 7, 7, 12]
minimum_height = 123
----------
x_coordinates = [4, 0, 0, 12, 8, 8, 7, 10, 10, 13, 5, 13, 3, 5, 8, 4, 14, 4, 13, 13, 3, 14, 14, 8, 1]
y_coordinates = [109, 106, 97, 81, 117, 113, 107, 101, 121, 115, 98, 74, 119, 92, 55, 121, 116, 114, 108, 102, 100, 62, 91, 67, 60]
x_dimensions = [3, 3, 3, 3, 5, 2, 3, 3, 5, 1, 10, 2, 12, 9, 6, 6, 1, 2, 2, 2, 2, 1, 1, 7, 7]
y_dimensions = [5, 16, 9, 10, 2, 4, 5, 16, 1, 4, 3, 7, 2, 6, 12, 1, 3, 5, 7, 6, 3, 5, 7, 7, 12]
minimum_height = 122
----------
x_coordinates = [10, 10, 2, 12, 9, 1, 7, 11, 9, 14, 5, 13, 2, 1, 8, 3, 13, 0, 13, 13, 0, 14, 14, 8, 2]
y_coordinates = [113, 97, 96, 84, 59, 106, 105, 61, 120, 117, 94, 102, 118, 110, 40, 120, 115, 116, 77, 109, 96, 47, 60, 52, 59]
x_dimensions = [3, 3, 3, 3, 5, 2, 3, 3, 5, 1, 10, 2, 12, 9, 6, 6, 1, 2, 2, 2, 2, 1, 1, 7, 7]
y_dimensions = [5, 16, 9, 10, 2, 4, 5, 16, 1, 4, 3, 7, 2, 6, 12, 1, 3, 5, 7, 6, 3, 5, 7, 7, 12]
minimum_height = 121
----------
x_coordinates = [3, 0, 12, 12, 11, 4, 9, 10, 10, 14, 1, 13, 0, 6, 9, 2, 14, 12, 13, 13, 11, 14, 14, 3, 2]
y_coordinates = [108, 101, 100, 82, 92, 113, 104, 66, 53, 116, 98, 93, 117, 109, 41, 119, 66, 115, 75, 69, 97, 54, 59, 81, 59]
x_dimensions = [3, 3, 3, 3, 2, 2, 3, 3, 5, 1, 10, 2, 12, 9, 6, 6, 1, 2, 2, 2, 2, 1, 1, 7, 7]
y_dimensions = [5, 16, 9, 10, 5, 4, 5, 16, 1, 4, 3, 7, 2, 6, 12, 1, 3, 5, 7, 6, 3, 5, 7, 7, 12]
minimum_height = 120
----------
x_coordinates = [7, 0, 0, 11, 9, 13, 4, 12, 10, 14, 5, 13, 3, 3, 9, 14, 13, 1, 13, 4, 3, 10, 10, 5, 7]
y_coordinates = [108, 98, 89, 86, 91, 72, 106, 99, 64, 83, 96, 76, 117, 111, 52, 87, 83, 114, 65, 82, 97, 71, 82, 99, 40]
x_dimensions = [5, 3, 3, 3, 2, 2, 3, 3, 5, 1, 10, 2, 12, 9, 6, 1, 1, 2, 2, 2, 2, 1, 1, 7, 7]
y_dimensions = [3, 16, 9, 10, 5, 4, 5, 16, 1, 4, 3, 7, 2, 6, 12, 6, 3, 5, 7, 6, 3, 5, 7, 7, 12]
minimum_height = 119
----------
x_coordinates = [12, 2, 2, 6, 9, 0, 10, 4, 11, 5, 5, 0, 0, 1, 1, 13, 13, 10, 13, 12, 0, 11, 14, 5, 0]
y_coordinates = [111, 87, 103, 92, 97, 108, 86, 71, 97, 95, 102, 101, 86, 112, 59, 105, 93, 116, 86, 96, 98, 92, 95, 105, 26]
x_dimensions = [3, 3, 3, 3, 2, 2, 3, 3, 1, 1, 10, 2, 2, 9, 6, 1, 1, 5, 2, 2, 2, 1, 1, 7, 7]
y_dimensions = [5, 16, 9, 10, 5, 4, 5, 16, 5, 4, 3, 7, 12, 6, 12, 6, 3, 2, 7, 6, 3, 5, 7, 7, 12]
minimum_height = 118
----------
x_coordinates = [11, 0, 2, 9, 13, 13, 8, 12, 13, 8, 6, 10, 12, 2, 7, 14, 14, 0, 13, 3, 0, 5, 5, 5, 6]
y_coordinates = [79, 90, 106, 92, 84, 68, 83, 101, 63, 96, 100, 102, 89, 77, 65, 92, 98, 115, 72, 97, 109, 71, 97, 110, 34]
x_dimensions = [3, 3, 3, 3, 2, 2, 3, 3, 1, 1, 3, 2, 2, 9, 6, 1, 1, 5, 2, 2, 2, 1, 1, 7, 7]
y_dimensions = [5, 16, 9, 10, 5, 4, 5, 16, 5, 4, 10, 7, 12, 6, 12, 6, 3, 2, 7, 6, 3, 5, 7, 7, 12]
minimum_height = 117
----------
x_coordinates = [6, 10, 9, 8, 10, 13, 3, 0, 9, 5, 12, 13, 11, 0, 9, 9, 14, 6, 13, 8, 7, 5, 5, 6, 7]
y_coordinates = [104, 73, 106, 63, 101, 62, 102, 91, 101, 95, 105, 86, 89, 107, 44, 115, 93, 98, 98, 88, 113, 65, 88, 56, 32]
x_dimensions = [3, 3, 3, 3, 2, 2, 3, 3, 1, 1, 3, 2, 2, 6, 6, 6, 1, 5, 2, 2, 2, 1, 1, 7, 7]
y_dimensions = [5, 16, 9, 10, 5, 4, 5, 16, 5, 4, 10, 7, 12, 9, 12, 1, 3, 2, 7, 6, 3, 5, 7, 7, 12]
minimum_height = 116
----------
x_coordinates = [12, 12, 9, 2, 13, 13, 3, 0, 12, 1, 3, 10, 8, 3, 8, 8, 14, 8, 10, 6, 4, 7, 7, 8, 7]
y_coordinates = [102, 86, 101, 85, 109, 79, 100, 99, 107, 85, 112, 87, 89, 103, 60, 85, 83, 82, 94, 93, 97, 80, 85, 72, 7]
x_dimensions = [3, 3, 3, 3, 2, 2, 5, 3, 1, 1, 10, 2, 2, 6, 6, 6, 1, 5, 2, 2, 2, 1, 1, 7, 7]
y_dimensions = [5, 16, 9, 10, 5, 4, 3, 16, 5, 4, 3, 7, 12, 9, 12, 1, 3, 2, 7, 6, 3, 5, 7, 7, 12]
minimum_height = 115
----------
x_coordinates = [9, 0, 12, 8, 13, 13, 6, 11, 8, 7, 1, 13, 9, 3, 8, 8, 6, 8, 11, 10, 13, 7, 7, 6, 7]
y_coordinates = [108, 98, 105, 85, 77, 67, 109, 89, 95, 86, 75, 82, 96, 100, 50, 71, 84, 69, 72, 79, 74, 70, 79, 62, 38]
x_dimensions = [3, 3, 3, 3, 2, 2, 3, 3, 1, 1, 10, 2, 2, 6, 6, 6, 1, 5, 2, 2, 2, 1, 1, 7, 7]
y_dimensions = [5, 16, 9, 10, 5, 4, 5, 16, 5, 4, 3, 7, 12, 9, 12, 1, 3, 2, 7, 6, 3, 5, 7, 7, 12]
minimum_height = 114
----------
x_coordinates = [4, 1, 12, 7, 13, 12, 7, 12, 9, 10, 1, 9, 10, 4, 9, 9, 11, 9, 11, 12, 10, 6, 6, 6, 6]
y_coordinates = [108, 97, 104, 70, 83, 64, 108, 88, 94, 73, 83, 86, 101, 99, 45, 80, 97, 68, 81, 74, 77, 67, 73, 57, 29]
x_dimensions = [3, 3, 3, 3, 2, 2, 3, 3, 1, 4, 10, 2, 2, 6, 6, 6, 1, 5, 2, 2, 2, 1, 1, 7, 7]
y_dimensions = [5, 16, 9, 10, 5, 4, 5, 16, 5, 1, 3, 7, 12, 9, 12, 1, 3, 2, 7, 6, 3, 5, 7, 7, 12]
minimum_height = 113
----------
x_coordinates = [3, 0, 12, 2, 13, 13, 8, 3, 12, 10, 1, 11, 13, 6, 9, 10, 11, 10, 11, 5, 9, 8, 8, 6, 7]
y_coordinates = [106, 95, 103, 77, 86, 72, 107, 90, 98, 82, 87, 90, 91, 98, 60, 90, 109, 80, 83, 81, 84, 68, 80, 73, 43]
x_dimensions = [3, 3, 3, 3, 2, 2, 3, 3, 1, 4, 10, 2, 2, 6, 6, 1, 1, 5, 2, 2, 2, 1, 1, 7, 7]
y_dimensions = [5, 16, 9, 10, 5, 4, 5, 16, 5, 1, 3, 7, 12, 9, 12, 6, 3, 2, 7, 6, 3, 5, 7, 7, 12]
minimum_height = 112
----------
x_coordinates = [3, 0, 12, 12, 13, 13, 8, 3, 10, 9, 1, 6, 12, 6, 7, 14, 11, 10, 11, 5, 13, 8, 8, 6, 7]
y_coordinates = [105, 95, 102, 72, 85, 66, 106, 89, 92, 89, 84, 89, 90, 97, 51, 94, 108, 70, 82, 78, 82, 79, 88, 63, 4]
x_dimensions = [3, 3, 3, 3, 2, 2, 3, 3, 1, 4, 10, 2, 2, 6, 6, 1, 1, 5, 2, 2, 2, 1, 1, 7, 7]
y_dimensions = [5, 16, 9, 10, 5, 4, 5, 16, 5, 1, 3, 7, 12, 9, 12, 6, 3, 2, 7, 6, 3, 5, 7, 7, 12]
minimum_height = 111
----------
x_coordinates = [3, 0, 12, 10, 12, 12, 8, 3, 12, 9, 2, 7, 13, 6, 8, 11, 11, 10, 13, 0, 12, 9, 9, 8, 7]
y_coordinates = [104, 94, 101, 85, 77, 61, 105, 88, 96, 95, 81, 89, 89, 96, 48, 75, 107, 72, 82, 80, 74, 60, 85, 65, 30]
x_dimensions = [3, 3, 3, 3, 2, 2, 3, 3, 1, 4, 10, 2, 2, 6, 6, 1, 1, 5, 2, 2, 2, 1, 1, 7, 7]
y_dimensions = [5, 16, 9, 10, 5, 4, 5, 16, 5, 1, 3, 7, 12, 9, 12, 6, 3, 2, 7, 6, 3, 5, 7, 7, 12]
minimum_height = 110
----------
x_coordinates = [3, 0, 12, 11, 13, 13, 9, 6, 12, 11, 3, 4, 9, 6, 2, 13, 14, 10, 12, 4, 12, 12, 14, 8, 5]
y_coordinates = [91, 91, 89, 66, 82, 52, 92, 93, 84, 108, 80, 102, 97, 83, 63, 76, 105, 64, 101, 96, 98, 52, 98, 57, 42]
x_dimensions = [3, 3, 3, 3, 2, 2, 3, 3, 1, 4, 10, 2, 2, 6, 6, 1, 1, 5, 2, 2, 2, 1, 1, 7, 7]
y_dimensions = [5, 16, 9, 10, 5, 4, 5, 16, 5, 1, 3, 7, 12, 9, 12, 6, 3, 2, 7, 6, 3, 5, 7, 7, 12]
minimum_height = 109
----------
x_coordinates = [3, 0, 12, 5, 12, 13, 11, 3, 10, 11, 2, 3, 9, 6, 2, 14, 8, 10, 13, 11, 13, 8, 8, 8, 4]
y_coordinates = [93, 92, 86, 98, 76, 60, 95, 77, 80, 100, 74, 100, 94, 85, 62, 76, 105, 71, 101, 102, 73, 59, 97, 64, 31]
x_dimensions = [3, 3, 3, 3, 2, 2, 3, 3, 1, 4, 10, 2, 2, 6, 6, 1, 1, 5, 2, 2, 2, 1, 1, 7, 7]
y_dimensions = [5, 16, 9, 10, 5, 4, 5, 16, 5, 1, 3, 7, 12, 9, 12, 6, 3, 2, 7, 6, 3, 5, 7, 7, 12]
minimum_height = 108
----------
x_coordinates = [6, 3, 10, 11, 11, 12, 3, 0, 9, 11, 1, 13, 13, 7, 9, 11, 14, 8, 13, 2, 12, 7, 7, 8, 7]
y_coordinates = [93, 81, 89, 74, 69, 60, 97, 91, 93, 84, 73, 85, 92, 98, 41, 63, 104, 87, 67, 67, 64, 63, 84, 53, 24]
x_dimensions = [3, 3, 3, 3, 2, 2, 3, 3, 1, 4, 10, 2, 2, 6, 6, 1, 1, 5, 2, 2, 2, 1, 1, 7, 7]
y_dimensions = [5, 16, 9, 10, 5, 4, 5, 16, 5, 1, 3, 7, 12, 9, 12, 6, 3, 2, 7, 6, 3, 5, 7, 7, 12]
minimum_height = 107
----------
x_coordinates = [4, 3, 10, 0, 13, 12, 11, 0, 6, 6, 3, 9, 13, 7, 9, 14, 14, 9, 13, 8, 13, 6, 6, 6, 6]
y_coordinates = [98, 82, 81, 79, 84, 64, 101, 89, 89, 88, 77, 99, 89, 90, 52, 67, 102, 68, 74, 80, 81, 65, 80, 70, 33]
x_dimensions = [3, 3, 3, 3, 2, 2, 3, 3, 1, 4, 10, 2, 2, 6, 6, 1, 1, 5, 2, 2, 2, 1, 1, 7, 7]
y_dimensions = [5, 16, 9, 10, 5, 4, 5, 16, 5, 1, 3, 7, 12, 9, 12, 6, 3, 2, 7, 6, 3, 5, 7, 7, 12]
minimum_height = 106
----------
x_coordinates = [6, 3, 12, 0, 12, 13, 9, 6, 8, 2, 3, 0, 10, 9, 1, 13, 12, 8, 13, 1, 13, 5, 5, 6, 1]
y_coordinates = [84, 75, 92, 74, 87, 61, 88, 89, 77, 91, 72, 90, 93, 78, 48, 65, 102, 75, 71, 68, 102, 60, 65, 64, 15]
x_dimensions = [3, 3, 3, 3, 2, 2, 3, 3, 1, 4, 10, 2, 2, 6, 6, 1, 1, 5, 2, 2, 2, 1, 1, 7, 7]
y_dimensions = [5, 16, 9, 10, 5, 4, 5, 16, 5, 1, 3, 7, 12, 9, 12, 6, 3, 2, 7, 6, 3, 5, 7, 7, 12]
minimum_height = 105
----------
x_coordinates = [3, 0, 12, 10, 4, 13, 9, 6, 12, 9, 4, 4, 1, 6, 2, 14, 2, 9, 13, 4, 13, 1, 1, 8, 5]
y_coordinates = [91, 76, 90, 79, 86, 100, 90, 78, 99, 89, 74, 97, 92, 95, 61, 74, 73, 77, 80, 78, 87, 64, 69, 67, 41]
x_dimensions = [3, 3, 3, 3, 2, 2, 3, 3, 1, 4, 10, 2, 2, 6, 6, 1, 1, 5, 2, 2, 2, 1, 1, 7, 7]
y_dimensions = [5, 16, 9, 10, 5, 4, 5, 16, 5, 1, 3, 7, 12, 9, 12, 6, 3, 2, 7, 6, 3, 5, 7, 7, 12]
minimum_height = 104
----------
x_coordinates = [9, 0, 3, 2, 13, 12, 12, 6, 12, 8, 5, 0, 1, 9, 1, 5, 12, 10, 13, 1, 4, 11, 11, 6, 0]
y_coordinates = [95, 85, 92, 74, 98, 56, 93, 84, 76, 100, 81, 78, 101, 84, 56, 75, 98, 60, 73, 68, 84, 55, 62, 69, 27]
x_dimensions = [3, 3, 3, 3, 2, 2, 3, 3, 1, 4, 10, 2, 12, 6, 6, 1, 1, 5, 2, 2, 2, 1, 1, 7, 7]
y_dimensions = [5, 16, 9, 10, 5, 4, 5, 16, 5, 1, 3, 7, 2, 9, 12, 6, 3, 2, 7, 6, 3, 5, 7, 7, 12]
minimum_height = 103
----------
x_coordinates = [6, 9, 11, 4, 13, 13, 12, 8, 8, 0, 1, 11, 1, 0, 8, 13, 12, 8, 13, 6, 12, 12, 12, 7, 6]
y_coordinates = [95, 84, 54, 81, 97, 65, 92, 59, 90, 90, 56, 68, 100, 91, 40, 69, 97, 52, 85, 68, 82, 63, 85, 75, 7]
x_dimensions = [3, 3, 3, 3, 2, 2, 3, 3, 1, 4, 10, 2, 12, 6, 6, 1, 1, 5, 2, 2, 2, 1, 1, 7, 7]
y_dimensions = [5, 16, 9, 10, 5, 4, 5, 16, 5, 1, 3, 7, 2, 9, 12, 6, 3, 2, 7, 6, 3, 5, 7, 7, 12]
minimum_height = 102
----------
x_coordinates = [9, 0, 2, 3, 7, 13, 12, 11, 14, 3, 1, 10, 3, 8, 8, 3, 13, 8, 13, 8, 2, 12, 12, 8, 6]
y_coordinates = [96, 82, 63, 91, 96, 73, 96, 48, 62, 97, 60, 84, 94, 64, 31, 83, 84, 75, 87, 84, 98, 43, 84, 77, 14]
x_dimensions = [3, 3, 3, 10, 2, 2, 3, 3, 1, 4, 10, 2, 12, 6, 6, 1, 1, 5, 2, 2, 2, 1, 1, 7, 7]
y_dimensions = [5, 16, 9, 3, 5, 4, 5, 16, 5, 1, 3, 7, 2, 9, 12, 6, 3, 2, 7, 6, 3, 5, 7, 7, 12]
minimum_height = 101
----------
x_coordinates = [10, 11, 0, 3, 0, 3, 12, 12, 11, 5, 1, 8, 2, 6, 8, 14, 13, 10, 13, 10, 13, 2, 9, 2, 7]
y_coordinates = [51, 56, 86, 88, 95, 84, 91, 72, 76, 86, 74, 96, 98, 87, 35, 66, 32, 47, 49, 81, 88, 55, 80, 77, 4]
x_dimensions = [3, 3, 3, 3, 2, 2, 3, 3, 1, 4, 10, 7, 12, 6, 6, 1, 1, 5, 2, 2, 2, 1, 1, 7, 7]
y_dimensions = [5, 16, 9, 10, 5, 4, 5, 16, 5, 1, 3, 2, 2, 9, 12, 6, 3, 2, 7, 6, 3, 5, 7, 7, 12]
minimum_height = 100
----------
x_coordinates = [7, 12, 0, 6, 6, 0, 3, 2, 5, 8, 2, 3, 2, 9, 7, 5, 13, 10, 13, 10, 4, 3, 3, 8, 6]
y_coordinates = [73, 62, 88, 89, 84, 84, 87, 71, 82, 85, 50, 66, 53, 86, 38, 76, 49, 96, 55, 61, 94, 61, 92, 78, 24]
x_dimensions = [3, 3, 3, 3, 2, 2, 3, 3, 1, 4, 10, 7, 12, 6, 6, 1, 1, 5, 2, 2, 2, 1, 1, 7, 7]
y_dimensions = [5, 16, 9, 10, 5, 4, 5, 16, 5, 1, 3, 2, 2, 9, 12, 6, 3, 2, 7, 6, 3, 5, 7, 7, 12]
minimum_height = 99
----------
x_coordinates = [11, 12, 2, 5, 12, 0, 9, 5, 10, 11, 4, 8, 3, 9, 9, 4, 14, 10, 0, 2, 11, 1, 4, 8, 6]
y_coordinates = [40, 61, 89, 95, 53, 87, 72, 76, 57, 47, 50, 77, 48, 86, 28, 76, 57, 45, 91, 76, 58, 81, 82, 79, 11]
x_dimensions = [3, 3, 3, 10, 2, 2, 3, 3, 1, 4, 10, 7, 12, 6, 6, 1, 1, 5, 2, 2, 2, 1, 1, 7, 7]
y_dimensions = [5, 16, 9, 3, 5, 4, 5, 16, 5, 1, 3, 2, 2, 9, 12, 6, 3, 2, 7, 6, 3, 5, 7, 7, 12]
minimum_height = 98
----------
x_coordinates = [10, 12, 12, 5, 10, 11, 7, 12, 13, 11, 1, 1, 3, 8, 7, 4, 13, 8, 0, 2, 7, 14, 14, 1, 7]
y_coordinates = [31, 69, 44, 94, 67, 27, 68, 53, 38, 43, 52, 88, 36, 85, 15, 91, 33, 41, 90, 91, 65, 30, 87, 81, 3]
x_dimensions = [3, 3, 3, 10, 2, 2, 3, 3, 1, 4, 10, 7, 12, 6, 6, 1, 1, 5, 2, 2, 2, 1, 1, 7, 7]
y_dimensions = [5, 16, 9, 3, 5, 4, 5, 16, 5, 1, 3, 2, 2, 9, 12, 6, 3, 2, 7, 6, 3, 5, 7, 7, 12]
minimum_height = 97
----------
x_coordinates = [12, 1, 4, 5, 13, 12, 10, 7, 9, 1, 4, 1, 3, 7, 7, 14, 14, 9, 13, 6, 13, 12, 6, 8, 7]
y_coordinates = [67, 71, 70, 91, 72, 80, 75, 63, 79, 93, 50, 89, 94, 53, 31, 52, 81, 48, 60, 79, 77, 43, 62, 84, 19]
x_dimensions = [3, 3, 3, 10, 2, 2, 3, 3, 1, 4, 10, 7, 12, 6, 6, 1, 1, 5, 2, 2, 2, 1, 7, 7, 7]
y_dimensions = [5, 16, 9, 3, 5, 4, 5, 16, 5, 1, 3, 2, 2, 9, 12, 6, 3, 2, 7, 6, 3, 5, 1, 7, 12]
minimum_height = 96
----------
x_coordinates = [12, 12, 10, 8, 11, 10, 12, 2, 5, 11, 0, 4, 0, 6, 9, 5, 11, 10, 13, 0, 5, 11, 8, 5, 6]
y_coordinates = [49, 74, 54, 63, 68, 89, 90, 77, 72, 66, 60, 27, 93, 73, 15, 65, 63, 46, 67, 87, 90, 41, 48, 82, 29]
x_dimensions = [3, 3, 3, 3, 2, 2, 3, 3, 1, 4, 10, 7, 12, 6, 6, 1, 1, 5, 2, 2, 2, 1, 7, 7, 7]
y_dimensions = [5, 16, 9, 10, 5, 4, 5, 16, 5, 1, 3, 2, 2, 9, 12, 6, 3, 2, 7, 6, 3, 5, 1, 7, 12]
minimum_height = 95
----------
x_coordinates = [12, 1, 6, 8, 13, 11, 12, 5, 1, 10, 5, 8, 3, 9, 8, 0, 14, 9, 13, 7, 9, 11, 5, 2, 0]
y_coordinates = [70, 71, 78, 67, 80, 81, 75, 61, 89, 47, 56, 48, 59, 85, 33, 88, 45, 45, 63, 50, 79, 69, 77, 87, 44]
x_dimensions = [3, 3, 3, 3, 2, 2, 3, 3, 1, 4, 10, 7, 12, 6, 6, 1, 1, 5, 2, 2, 2, 1, 7, 7, 7]
y_dimensions = [5, 16, 9, 10, 5, 4, 5, 16, 5, 1, 3, 2, 2, 9, 12, 6, 3, 2, 7, 6, 3, 5, 1, 7, 12]
minimum_height = 94
----------
x_coordinates = [11, 5, 9, 10, 12, 13, 12, 2, 7, 12, 4, 8, 3, 9, 7, 1, 13, 10, 0, 4, 0, 14, 8, 2, 7]
y_coordinates = [52, 70, 84, 71, 88, 77, 83, 70, 65, 48, 57, 81, 60, 62, 33, 74, 48, 46, 80, 64, 87, 40, 45, 86, 2]
x_dimensions = [3, 3, 3, 3, 2, 2, 3, 3, 1, 1, 10, 7, 12, 6, 6, 1, 1, 5, 2, 2, 2, 1, 7, 7, 7]
y_dimensions = [5, 16, 9, 10, 5, 4, 5, 16, 5, 4, 3, 2, 2, 9, 12, 6, 3, 2, 7, 6, 3, 5, 1, 7, 12]
minimum_height = 93
----------
x_coordinates = [5, 12, 8, 10, 7, 0, 5, 2, 5, 1, 4, 8, 3, 6, 7, 1, 14, 10, 13, 11, 0, 11, 5, 0, 7]
y_coordinates = [75, 68, 75, 55, 87, 81, 80, 69, 64, 52, 50, 84, 53, 65, 31, 64, 50, 48, 61, 86, 78, 43, 74, 85, 0]
x_dimensions = [3, 3, 3, 3, 2, 2, 3, 3, 1, 1, 10, 7, 12, 6, 6, 1, 1, 5, 2, 2, 2, 1, 7, 7, 7]
y_dimensions = [5, 16, 9, 10, 5, 4, 5, 16, 5, 4, 3, 2, 2, 9, 12, 6, 3, 2, 7, 6, 3, 5, 1, 7, 12]
minimum_height = 92
----------
x_coordinates = [12, 3, 10, 12, 13, 11, 11, 10, 2, 13, 5, 9, 3, 6, 9, 6, 14, 5, 1, 9, 7, 14, 8, 3, 7]
y_coordinates = [31, 71, 73, 62, 81, 82, 86, 39, 71, 47, 36, 84, 55, 63, 19, 85, 47, 46, 84, 57, 85, 57, 72, 48, 0]
x_dimensions = [3, 3, 3, 3, 2, 2, 3, 3, 1, 1, 10, 2, 12, 6, 6, 1, 1, 5, 2, 2, 2, 1, 7, 7, 7]
y_dimensions = [5, 16, 9, 10, 5, 4, 5, 16, 5, 4, 3, 7, 2, 9, 12, 6, 3, 2, 7, 6, 3, 5, 1, 7, 12]
minimum_height = 91
----------
x_coordinates = [12, 1, 10, 12, 13, 11, 9, 7, 3, 14, 4, 13, 5, 6, 8, 14, 4, 10, 4, 7, 13, 14, 8, 0, 7]
y_coordinates = [56, 66, 72, 61, 78, 81, 85, 68, 60, 74, 52, 83, 70, 59, 35, 49, 77, 47, 63, 84, 71, 42, 55, 82, 13]
x_dimensions = [3, 3, 3, 3, 2, 2, 3, 3, 1, 1, 10, 2, 2, 6, 6, 1, 1, 5, 2, 2, 2, 1, 7, 7, 7]
y_dimensions = [5, 16, 9, 10, 5, 4, 5, 16, 5, 4, 3, 7, 12, 9, 12, 6, 3, 2, 7, 6, 3, 5, 1, 7, 12]
minimum_height = 90
----------
x_coordinates = [10, 4, 11, 6, 9, 12, 7, 12, 8, 8, 1, 11, 0, 9, 8, 7, 10, 1, 8, 2, 6, 11, 5, 2, 3]
y_coordinates = [39, 72, 51, 60, 49, 85, 84, 69, 72, 46, 57, 44, 70, 60, 22, 76, 46, 48, 77, 81, 47, 79, 88, 50, 34]
x_dimensions = [3, 3, 3, 3, 2, 2, 5, 3, 1, 1, 10, 2, 12, 6, 6, 1, 1, 5, 2, 2, 2, 1, 7, 7, 7]
y_dimensions = [5, 16, 9, 10, 5, 4, 3, 16, 5, 4, 3, 7, 2, 9, 12, 6, 3, 2, 7, 6, 3, 5, 1, 7, 12]
minimum_height = 89
----------
x_coordinates = [10, 2, 11, 4, 9, 13, 7, 12, 3, 6, 1, 11, 0, 7, 7, 14, 10, 1, 10, 6, 13, 11, 5, 2, 6]
y_coordinates = [40, 72, 45, 60, 53, 57, 85, 71, 65, 46, 50, 54, 70, 61, 23, 49, 47, 48, 77, 78, 68, 35, 84, 53, 10]
x_dimensions = [3, 3, 3, 3, 2, 2, 5, 3, 1, 1, 10, 2, 12, 6, 6, 1, 1, 5, 2, 2, 2, 1, 7, 7, 7]
y_dimensions = [5, 16, 9, 10, 5, 4, 3, 16, 5, 4, 3, 7, 2, 9, 12, 6, 3, 2, 7, 6, 3, 5, 1, 7, 12]
minimum_height = 88
----------
x_coordinates = [12, 1, 12, 11, 10, 11, 10, 7, 4, 10, 4, 13, 1, 7, 9, 4, 11, 3, 5, 5, 11, 14, 8, 0, 7]
y_coordinates = [70, 69, 75, 40, 74, 53, 84, 69, 82, 46, 50, 63, 67, 58, 25, 76, 81, 48, 78, 72, 37, 49, 57, 57, 13]
x_dimensions = [3, 3, 3, 3, 2, 2, 5, 3, 1, 1, 10, 2, 12, 6, 6, 1, 1, 5, 2, 2, 2, 1, 7, 7, 7]
y_dimensions = [5, 16, 9, 10, 5, 4, 3, 16, 5, 4, 3, 7, 2, 9, 12, 6, 3, 2, 7, 6, 3, 5, 1, 7, 12]
minimum_height = 87
----------
x_coordinates = [11, 4, 12, 11, 12, 11, 10, 9, 13, 10, 5, 13, 1, 9, 8, 7, 3, 8, 13, 7, 6, 12, 6, 3, 2]
y_coordinates = [65, 67, 77, 27, 72, 59, 54, 70, 37, 59, 24, 58, 63, 42, 12, 47, 76, 51, 51, 76, 83, 37, 53, 56, 33]
x_dimensions = [3, 3, 3, 3, 2, 2, 3, 3, 1, 1, 10, 2, 12, 6, 6, 1, 1, 5, 2, 2, 2, 1, 7, 7, 7]
y_dimensions = [5, 16, 9, 10, 5, 4, 5, 16, 5, 4, 3, 7, 2, 9, 12, 6, 3, 2, 7, 6, 3, 5, 1, 7, 12]
minimum_height = 86
----------
x_coordinates = [12, 1, 12, 7, 11, 12, 10, 11, 4, 14, 5, 13, 0, 9, 8, 9, 10, 6, 8, 12, 10, 11, 5, 2, 7]
y_coordinates = [25, 69, 76, 75, 71, 62, 66, 36, 70, 65, 65, 69, 63, 53, 13, 52, 74, 49, 68, 30, 82, 31, 62, 51, 1]
x_dimensions = [3, 3, 3, 3, 2, 2, 3, 3, 1, 1, 3, 2, 12, 6, 6, 6, 1, 5, 2, 2, 2, 1, 7, 7, 7]
y_dimensions = [5, 16, 9, 10, 5, 4, 5, 16, 5, 4, 10, 7, 2, 9, 12, 1, 3, 2, 7, 6, 3, 5, 1, 7, 12]
minimum_height = 85
----------
x_coordinates = [12, 9, 12, 0, 13, 12, 11, 12, 6, 14, 3, 9, 0, 3, 8, 14, 11, 9, 7, 13, 11, 14, 8, 8, 5]
y_coordinates = [15, 52, 42, 72, 79, 70, 74, 51, 76, 73, 81, 73, 50, 65, 3, 67, 71, 68, 74, 29, 32, 23, 28, 35, 16]
x_dimensions = [3, 3, 3, 3, 2, 2, 3, 3, 1, 1, 10, 2, 12, 6, 6, 1, 1, 5, 2, 2, 2, 1, 7, 7, 7]
y_dimensions = [5, 16, 9, 10, 5, 4, 5, 16, 5, 4, 3, 7, 2, 9, 12, 6, 3, 2, 7, 6, 3, 5, 1, 7, 12]
minimum_height = 84
----------
x_coordinates = [12, 12, 12, 9, 10, 13, 11, 8, 3, 6, 5, 9, 3, 6, 9, 12, 14, 10, 7, 12, 12, 11, 11, 8, 2]
y_coordinates = [65, 40, 56, 36, 81, 72, 76, 55, 35, 75, 33, 74, 31, 46, 19, 70, 78, 4, 75, 6, 37, 64, 69, 12, 19]
x_dimensions = [3, 3, 3, 3, 5, 2, 3, 3, 1, 1, 10, 2, 12, 6, 6, 1, 1, 5, 2, 2, 2, 1, 1, 7, 7]
y_dimensions = [5, 16, 9, 10, 2, 4, 5, 16, 5, 4, 3, 7, 2, 9, 12, 6, 3, 2, 7, 6, 3, 5, 7, 7, 12]
minimum_height = 83
----------
x_coordinates = [7, 8, 5, 12, 12, 13, 12, 10, 13, 14, 5, 11, 3, 6, 1, 13, 14, 10, 13, 13, 12, 2, 1, 3, 7]
y_coordinates = [54, 66, 68, 22, 64, 78, 9, 46, 14, 74, 19, 75, 32, 23, 45, 72, 6, 62, 55, 49, 69, 58, 77, 59, 34]
x_dimensions = [3, 3, 3, 3, 2, 2, 3, 3, 1, 1, 10, 2, 12, 6, 6, 1, 1, 5, 2, 2, 2, 1, 7, 7, 7]
y_dimensions = [5, 16, 9, 10, 5, 4, 5, 16, 5, 4, 3, 7, 2, 9, 12, 6, 3, 2, 7, 6, 3, 5, 1, 7, 12]
minimum_height = 82
----------
x_coordinates = [12, 9, 2, 1, 5, 13, 10, 0, 4, 4, 4, 6, 2, 7, 3, 0, 14, 6, 3, 12, 1, 8, 4, 8, 1]
y_coordinates = [66, 53, 52, 26, 52, 77, 25, 62, 22, 79, 27, 77, 37, 28, 71, 78, 43, 69, 64, 56, 79, 79, 80, 46, 39]
x_dimensions = [3, 3, 3, 3, 2, 2, 5, 3, 1, 4, 3, 7, 12, 6, 12, 6, 1, 5, 2, 2, 3, 5, 7, 7, 7]
y_dimensions = [5, 16, 9, 10, 5, 4, 3, 16, 5, 1, 10, 2, 2, 9, 6, 1, 3, 2, 7, 6, 2, 1, 1, 7, 12]
minimum_height = 81
----------
x_coordinates = [12, 9, 0, 2, 12, 13, 10, 0, 1, 12, 5, 6, 1, 8, 3, 0, 14, 4, 1, 13, 12, 8, 2, 3, 7]
y_coordinates = [65, 54, 53, 22, 53, 76, 47, 63, 28, 29, 22, 78, 33, 20, 70, 79, 52, 68, 46, 29, 50, 77, 32, 47, 35]
x_dimensions = [3, 3, 3, 3, 2, 2, 5, 3, 1, 1, 3, 7, 12, 6, 12, 6, 1, 5, 2, 2, 2, 5, 7, 7, 7]
y_dimensions = [5, 16, 9, 10, 5, 4, 3, 16, 5, 4, 10, 2, 2, 9, 6, 1, 3, 2, 7, 6, 3, 1, 1, 7, 12]
minimum_height = 80
----------
x_coordinates = [12, 12, 2, 1, 6, 13, 8, 0, 11, 6, 2, 7, 1, 4, 3, 4, 14, 10, 13, 12, 12, 10, 2, 1, 7]
y_coordinates = [65, 20, 35, 25, 31, 55, 53, 63, 23, 58, 28, 60, 56, 63, 72, 78, 61, 70, 48, 14, 62, 78, 62, 49, 36]
x_dimensions = [3, 3, 3, 10, 2, 2, 5, 3, 1, 1, 10, 7, 12, 6, 12, 6, 1, 5, 2, 2, 2, 5, 7, 7, 7]
y_dimensions = [5, 16, 9, 3, 5, 4, 3, 16, 5, 4, 3, 2, 2, 9, 6, 1, 3, 2, 7, 6, 3, 1, 1, 7, 12]
minimum_height = 79
----------
x_coordinates = [12, 10, 10, 7, 13, 8, 5, 12, 4, 7, 2, 8, 7, 9, 0, 3, 9, 7, 10, 12, 10, 9, 8, 7, 0]
y_coordinates = [44, 12, 28, 27, 27, 62, 66, 62, 27, 59, 57, 60, 47, 49, 72, 71, 69, 45, 62, 1, 69, 58, 59, 37, 38]
x_dimensions = [3, 3, 3, 3, 2, 2, 5, 3, 1, 1, 3, 7, 2, 6, 12, 6, 1, 5, 2, 2, 2, 5, 7, 7, 7]
y_dimensions = [5, 16, 9, 10, 5, 4, 3, 16, 5, 4, 10, 2, 12, 9, 6, 1, 3, 2, 7, 6, 3, 1, 1, 7, 12]
minimum_height = 78
----------
x_coordinates = [12, 4, 1, 6, 7, 0, 5, 2, 4, 14, 3, 7, 5, 8, 4, 7, 7, 10, 13, 12, 0, 9, 14, 8, 7]
y_coordinates = [17, 35, 30, 55, 31, 66, 28, 61, 27, 63, 51, 66, 65, 68, 11, 71, 68, 22, 29, 60, 70, 23, 67, 48, 36]
x_dimensions = [3, 3, 3, 3, 2, 2, 5, 3, 1, 1, 3, 7, 2, 6, 6, 1, 1, 5, 2, 2, 2, 1, 1, 7, 7]
y_dimensions = [5, 16, 9, 10, 5, 4, 3, 16, 5, 4, 10, 2, 12, 9, 12, 6, 3, 2, 7, 6, 3, 5, 7, 7, 12]
minimum_height = 77
----------
x_coordinates = [12, 12, 5, 9, 7, 9, 4, 8, 3, 6, 2, 0, 8, 9, 6, 9, 14, 1, 7, 13, 4, 10, 12, 0, 6]
y_coordinates = [24, 52, 55, 65, 71, 1, 6, 48, 2, 2, 57, 74, 12, 3, 24, 75, 0, 23, 64, 69, 1, 23, 68, 67, 36]
x_dimensions = [3, 3, 3, 3, 2, 4, 5, 3, 1, 1, 3, 7, 2, 6, 6, 6, 1, 5, 2, 2, 2, 5, 1, 7, 7]
y_dimensions = [5, 16, 9, 10, 5, 2, 3, 16, 5, 4, 10, 2, 12, 9, 12, 1, 3, 2, 7, 6, 3, 1, 7, 7, 12]
minimum_height = 76
----------
x_coordinates = [7, 12, 7, 10, 10, 11, 6, 10, 9, 8, 10, 1, 13, 0, 0, 10, 11, 10, 13, 13, 10, 10, 9, 3, 6]
y_coordinates = [51, 57, 25, 26, 73, 55, 56, 10, 9, 64, 0, 67, 35, 58, 46, 64, 67, 53, 22, 29, 70, 52, 61, 68, 36]
x_dimensions = [3, 3, 3, 3, 5, 4, 5, 3, 1, 1, 3, 2, 2, 6, 6, 1, 1, 5, 2, 2, 2, 5, 1, 7, 7]
y_dimensions = [5, 16, 9, 10, 2, 2, 3, 16, 5, 4, 10, 7, 12, 9, 12, 6, 3, 2, 7, 6, 3, 1, 7, 7, 12]
minimum_height = 75
----------
x_coordinates = [8, 6, 9, 11, 1, 11, 6, 12, 3, 12, 2, 9, 11, 0, 7, 9, 14, 3, 13, 13, 12, 10, 11, 5, 0]
y_coordinates = [27, 58, 57, 27, 72, 12, 13, 49, 13, 65, 53, 66, 14, 63, 37, 73, 68, 26, 42, 15, 70, 26, 66, 50, 36]
x_dimensions = [3, 3, 3, 3, 5, 4, 5, 3, 1, 1, 3, 2, 2, 6, 6, 6, 1, 5, 2, 2, 2, 5, 1, 7, 7]
y_dimensions = [5, 16, 9, 10, 2, 2, 3, 16, 5, 4, 10, 7, 12, 9, 12, 1, 3, 2, 7, 6, 3, 1, 7, 7, 12]
minimum_height = 74
----------
x_coordinates = [12, 12, 0, 1, 8, 13, 10, 4, 5, 9, 6, 2, 0, 7, 7, 3, 14, 3, 12, 13, 13, 10, 13, 6, 6]
y_coordinates = [23, 28, 64, 41, 5, 69, 7, 56, 9, 72, 31, 57, 52, 63, 51, 72, 46, 22, 0, 50, 59, 22, 62, 44, 10]
x_dimensions = [3, 3, 3, 10, 2, 2, 5, 3, 1, 4, 3, 2, 2, 6, 6, 6, 1, 5, 2, 2, 2, 5, 1, 7, 7]
y_dimensions = [5, 16, 9, 3, 5, 4, 3, 16, 5, 1, 10, 7, 12, 9, 12, 1, 3, 2, 7, 6, 3, 1, 7, 7, 12]
minimum_height = 73
----------
x_coordinates = [0, 12, 12, 5, 4, 0, 0, 9, 2, 11, 5, 3, 10, 8, 9, 2, 4, 3, 13, 12, 0, 14, 3, 6, 3]
y_coordinates = [51, 27, 18, 8, 63, 70, 48, 23, 10, 71, 41, 39, 11, 43, 52, 63, 68, 51, 64, 12, 67, 47, 63, 64, 11]
x_dimensions = [3, 3, 3, 10, 2, 4, 5, 3, 1, 4, 3, 7, 2, 6, 6, 1, 1, 5, 2, 2, 2, 1, 1, 7, 7]
y_dimensions = [5, 16, 9, 3, 5, 2, 3, 16, 5, 1, 10, 2, 12, 9, 12, 6, 3, 2, 7, 6, 3, 5, 7, 7, 12]
minimum_height = 72
----------
x_coordinates = [12, 12, 9, 5, 3, 11, 5, 8, 5, 1, 4, 0, 7, 9, 9, 11, 11, 2, 13, 7, 12, 10, 5, 6, 7]
y_coordinates = [22, 36, 18, 0, 63, 15, 15, 36, 9, 70, 51, 35, 24, 27, 52, 36, 49, 26, 64, 58, 19, 17, 64, 64, 3]
x_dimensions = [3, 3, 3, 10, 2, 4, 5, 3, 1, 4, 3, 7, 2, 6, 6, 1, 1, 5, 2, 2, 2, 5, 1, 7, 7]
y_dimensions = [5, 16, 9, 3, 5, 2, 3, 16, 5, 1, 10, 2, 12, 9, 12, 6, 3, 2, 7, 6, 3, 1, 7, 7, 12]
minimum_height = 71
----------
x_coordinates = [12, 2, 11, 3, 1, 1, 10, 5, 1, 14, 5, 3, 0, 9, 8, 13, 8, 7, 0, 12, 12, 10, 14, 8, 4]
y_coordinates = [18, 54, 30, 26, 42, 38, 7, 53, 9, 35, 43, 47, 47, 39, 55, 23, 38, 22, 63, 12, 67, 29, 63, 48, 10]
x_dimensions = [3, 3, 3, 10, 2, 4, 5, 3, 1, 1, 3, 2, 2, 6, 6, 1, 1, 5, 2, 2, 2, 5, 1, 7, 7]
y_dimensions = [5, 16, 9, 3, 5, 2, 3, 16, 5, 4, 10, 7, 12, 9, 12, 6, 3, 2, 7, 6, 3, 1, 7, 7, 12]
minimum_height = 70
----------
x_coordinates = [12, 11, 12, 2, 0, 12, 10, 1, 7, 14, 5, 4, 13, 6, 1, 14, 14, 1, 13, 0, 12, 9, 0, 5, 4]
y_coordinates = [13, 18, 48, 11, 12, 34, 3, 47, 5, 35, 19, 47, 57, 42, 63, 29, 39, 41, 6, 6, 38, 41, 62, 56, 29]
x_dimensions = [3, 3, 3, 10, 2, 2, 5, 3, 1, 1, 3, 2, 2, 9, 12, 1, 1, 5, 2, 2, 2, 5, 1, 7, 7]
y_dimensions = [5, 16, 9, 3, 5, 4, 3, 16, 5, 4, 10, 7, 12, 6, 6, 6, 3, 2, 7, 6, 3, 1, 7, 7, 12]
minimum_height = 69
----------
x_coordinates = [3, 6, 0, 0, 4, 2, 10, 12, 5, 14, 5, 3, 13, 9, 1, 14, 14, 9, 13, 10, 4, 9, 6, 8, 6]
y_coordinates = [49, 43, 52, 42, 36, 38, 44, 1, 11, 30, 16, 54, 56, 47, 61, 24, 34, 25, 37, 11, 41, 29, 67, 17, 31]
x_dimensions = [3, 3, 3, 3, 2, 2, 5, 3, 1, 1, 3, 2, 2, 6, 12, 1, 1, 5, 2, 2, 2, 5, 7, 7, 7]
y_dimensions = [5, 16, 9, 10, 5, 4, 3, 16, 5, 4, 10, 7, 12, 9, 6, 6, 3, 2, 7, 6, 3, 1, 1, 7, 12]
minimum_height = 68
----------
x_coordinates = [12, 10, 9, 0, 13, 13, 12, 12, 6, 8, 9, 8, 0, 3, 0, 9, 14, 10, 6, 13, 7, 7, 0, 3, 7]
y_coordinates = [9, 46, 11, 61, 47, 58, 62, 14, 29, 46, 20, 3, 65, 13, 5, 46, 44, 30, 44, 52, 51, 64, 64, 54, 32]
x_dimensions = [3, 3, 3, 10, 2, 2, 3, 3, 1, 1, 3, 7, 12, 6, 12, 1, 1, 5, 2, 2, 2, 5, 7, 7, 7]
y_dimensions = [5, 16, 9, 3, 5, 4, 5, 16, 5, 4, 10, 2, 2, 9, 6, 6, 3, 2, 7, 6, 3, 1, 1, 7, 12]
minimum_height = 67
----------
x_coordinates = [1, 12, 11, 3, 10, 2, 7, 3, 13, 13, 11, 8, 0, 4, 3, 14, 14, 11, 2, 11, 2, 10, 14, 5, 4]
y_coordinates = [32, 50, 24, 13, 49, 53, 63, 16, 15, 35, 39, 22, 61, 45, 7, 43, 33, 2, 42, 33, 50, 0, 36, 54, 32]
x_dimensions = [3, 3, 3, 10, 2, 2, 5, 3, 1, 1, 3, 7, 12, 6, 12, 1, 1, 2, 2, 2, 2, 5, 1, 7, 7]
y_dimensions = [5, 16, 9, 3, 5, 4, 3, 16, 5, 4, 10, 2, 2, 9, 6, 6, 3, 5, 7, 6, 3, 1, 7, 7, 12]
minimum_height = 66
----------
x_coordinates = [2, 11, 12, 3, 9, 2, 10, 6, 2, 14, 10, 3, 3, 4, 1, 10, 9, 13, 13, 12, 0, 10, 14, 5, 5]
y_coordinates = [32, 49, 24, 4, 60, 47, 1, 34, 0, 37, 39, 0, 13, 50, 7, 54, 40, 4, 41, 33, 49, 0, 48, 27, 15]
x_dimensions = [3, 3, 3, 10, 2, 2, 5, 3, 1, 1, 3, 7, 12, 6, 12, 1, 1, 2, 2, 2, 2, 5, 1, 7, 7]
y_dimensions = [5, 16, 9, 3, 5, 4, 3, 16, 5, 4, 10, 2, 2, 9, 6, 6, 3, 5, 7, 6, 3, 1, 7, 7, 12]
minimum_height = 65
----------
x_coordinates = [9, 12, 4, 1, 13, 3, 11, 1, 11, 8, 11, 7, 0, 5, 9, 14, 14, 11, 13, 13, 1, 10, 12, 4, 2]
y_coordinates = [41, 3, 36, 32, 59, 58, 31, 42, 14, 41, 49, 30, 20, 55, 19, 53, 50, 36, 42, 36, 58, 0, 41, 48, 18]
x_dimensions = [3, 3, 3, 3, 2, 2, 3, 3, 1, 1, 3, 2, 2, 6, 6, 1, 1, 2, 2, 2, 2, 5, 1, 7, 7]
y_dimensions = [5, 16, 9, 10, 5, 4, 5, 16, 5, 4, 10, 7, 12, 9, 12, 6, 3, 5, 7, 6, 3, 1, 7, 7, 12]
minimum_height = 64
----------
x_coordinates = [5, 12, 0, 3, 10, 6, 2, 3, 0, 8, 0, 5, 1, 6, 9, 9, 14, 13, 3, 12, 8, 10, 1, 7, 7]
y_coordinates = [51, 35, 52, 58, 50, 47, 30, 35, 34, 49, 42, 56, 61, 38, 23, 47, 54, 57, 51, 51, 53, 15, 34, 16, 3]
x_dimensions = [3, 3, 3, 10, 2, 2, 3, 3, 1, 1, 3, 7, 12, 6, 6, 1, 1, 2, 2, 2, 2, 5, 1, 7, 7]
y_dimensions = [5, 16, 9, 3, 5, 4, 5, 16, 5, 4, 10, 2, 2, 9, 12, 6, 3, 5, 7, 6, 3, 1, 7, 7, 12]
minimum_height = 63
----------
x_coordinates = [6, 9, 0, 3, 11, 4, 2, 12, 2, 0, 0, 5, 3, 0, 9, 8, 12, 4, 10, 13, 9, 10, 0, 1, 7]
y_coordinates = [57, 36, 53, 54, 57, 58, 32, 36, 14, 49, 19, 34, 52, 39, 21, 46, 33, 27, 13, 56, 59, 20, 31, 45, 1]
x_dimensions = [3, 3, 3, 10, 2, 2, 3, 3, 1, 1, 3, 7, 12, 9, 6, 1, 1, 2, 2, 2, 2, 5, 1, 7, 7]
y_dimensions = [5, 16, 9, 3, 5, 4, 5, 16, 5, 4, 10, 2, 2, 6, 12, 6, 3, 5, 7, 6, 3, 1, 7, 7, 12]
minimum_height = 62
----------
x_coordinates = [9, 7, 3, 10, 13, 13, 4, 10, 1, 2, 1, 6, 3, 6, 9, 1, 14, 13, 5, 0, 13, 10, 0, 0, 3]
y_coordinates = [32, 37, 50, 7, 12, 44, 45, 37, 16, 53, 40, 53, 17, 55, 20, 53, 41, 49, 38, 59, 36, 19, 49, 31, 5]
x_dimensions = [3, 3, 3, 3, 2, 2, 3, 3, 1, 1, 3, 7, 12, 9, 6, 1, 1, 2, 2, 6, 2, 5, 1, 7, 7]
y_dimensions = [5, 16, 9, 10, 5, 4, 5, 16, 5, 4, 10, 2, 2, 6, 12, 6, 3, 5, 7, 2, 3, 1, 7, 7, 12]
minimum_height = 61
----------
x_coordinates = [12, 9, 3, 11, 13, 5, 6, 12, 3, 2, 1, 5, 3, 6, 5, 4, 14, 11, 7, 0, 13, 10, 1, 2, 4]
y_coordinates = [33, 33, 51, 1, 11, 45, 37, 38, 9, 53, 38, 49, 16, 54, 18, 45, 8, 28, 42, 58, 30, 0, 48, 30, 4]
x_dimensions = [3, 3, 9, 3, 2, 2, 3, 3, 1, 1, 3, 7, 12, 9, 6, 1, 1, 2, 2, 6, 2, 5, 1, 7, 7]
y_dimensions = [5, 16, 3, 10, 5, 4, 5, 16, 5, 4, 10, 2, 2, 6, 12, 6, 3, 5, 7, 2, 3, 1, 7, 7, 12]
minimum_height = 60
----------
x_coordinates = [11, 5, 6, 12, 12, 7, 8, 2, 1, 1, 7, 8, 0, 8, 9, 14, 14, 0, 0, 0, 0, 10, 14, 7, 2]
y_coordinates = [52, 43, 4, 21, 15, 39, 52, 42, 14, 49, 15, 57, 25, 43, 31, 44, 14, 33, 38, 53, 46, 20, 50, 8, 27]
x_dimensions = [3, 3, 9, 3, 2, 2, 3, 3, 1, 1, 3, 7, 12, 6, 6, 1, 1, 2, 2, 2, 2, 5, 1, 7, 7]
y_dimensions = [5, 16, 3, 10, 5, 4, 5, 16, 5, 4, 10, 2, 2, 9, 12, 6, 3, 5, 7, 6, 3, 1, 7, 7, 12]
minimum_height = 59
----------
x_coordinates = [12, 7, 0, 1, 11, 13, 6, 4, 6, 4, 5, 11, 0, 9, 8, 4, 14, 2, 0, 13, 2, 10, 5, 3, 7]
y_coordinates = [5, 9, 55, 16, 12, 20, 50, 22, 13, 41, 38, 17, 36, 49, 37, 47, 11, 37, 48, 14, 52, 24, 48, 2, 25]
x_dimensions = [3, 3, 9, 3, 2, 2, 3, 3, 1, 1, 3, 2, 2, 6, 6, 1, 1, 2, 2, 2, 2, 5, 1, 7, 7]
y_dimensions = [5, 16, 3, 10, 5, 4, 5, 16, 5, 4, 10, 7, 12, 9, 12, 6, 3, 5, 7, 6, 3, 1, 7, 7, 12]
minimum_height = 58
----------
x_coordinates = [12, 6, 5, 0, 0, 8, 9, 11, 7, 14, 6, 9, 4, 0, 9, 12, 3, 13, 0, 2, 12, 10, 3, 8, 4]
y_coordinates = [10, 31, 16, 26, 36, 12, 52, 23, 9, 35, 47, 32, 35, 48, 39, 51, 35, 52, 41, 38, 20, 15, 18, 3, 19]
x_dimensions = [3, 3, 9, 3, 2, 2, 3, 3, 1, 1, 3, 2, 2, 6, 6, 1, 1, 2, 2, 2, 2, 5, 1, 7, 7]
y_dimensions = [5, 16, 3, 10, 5, 4, 5, 16, 5, 4, 10, 7, 12, 9, 12, 6, 3, 5, 7, 6, 3, 1, 7, 7, 12]
minimum_height = 57
----------
x_coordinates = [10, 12, 3, 12, 8, 10, 9, 12, 14, 14, 9, 10, 1, 0, 3, 0, 9, 5, 12, 0, 1, 11, 0, 5, 5]
y_coordinates = [21, 40, 36, 4, 39, 17, 0, 24, 16, 0, 46, 39, 41, 13, 44, 50, 20, 39, 14, 35, 53, 12, 43, 5, 24]
x_dimensions = [5, 3, 9, 3, 2, 2, 3, 3, 1, 1, 3, 2, 2, 6, 6, 1, 1, 2, 2, 2, 2, 1, 1, 7, 7]
y_dimensions = [3, 16, 3, 10, 5, 4, 5, 16, 5, 4, 10, 7, 12, 9, 12, 6, 3, 5, 7, 6, 3, 5, 7, 7, 12]
minimum_height = 56
----------
x_coordinates = [3, 7, 3, 12, 12, 10, 11, 12, 0, 13, 10, 13, 10, 1, 5, 3, 14, 3, 0, 13, 11, 0, 4, 0, 5]
y_coordinates = [20, 8, 39, 12, 22, 10, 50, 27, 21, 2, 0, 43, 14, 9, 43, 48, 3, 42, 48, 6, 46, 13, 48, 2, 26]
x_dimensions = [3, 3, 9, 3, 2, 2, 3, 3, 1, 1, 3, 2, 2, 6, 6, 1, 1, 2, 2, 2, 2, 1, 1, 7, 7]
y_dimensions = [5, 16, 3, 10, 5, 4, 5, 16, 5, 4, 10, 7, 12, 9, 12, 6, 3, 5, 7, 6, 3, 5, 7, 7, 12]
minimum_height = 55
----------
x_coordinates = [3, 12, 2, 2, 0, 12, 0, 1, 3, 3, 2, 12, 4, 6, 6, 14, 1, 10, 11, 13, 13, 12, 14, 7, 5]
y_coordinates = [33, 35, 3, 13, 27, 24, 33, 38, 6, 9, 23, 28, 40, 32, 42, 8, 21, 14, 0, 16, 51, 19, 22, 7, 20]
x_dimensions = [3, 3, 9, 3, 2, 2, 3, 3, 5, 1, 3, 2, 2, 6, 6, 1, 1, 5, 2, 2, 2, 1, 1, 7, 7]
y_dimensions = [5, 16, 3, 10, 5, 4, 5, 16, 1, 4, 10, 7, 12, 9, 12, 6, 3, 2, 7, 6, 3, 5, 7, 7, 12]
minimum_height = 54
----------
x_coordinates = [4, 0, 5, 2, 2, 1, 5, 3, 14, 3, 5, 12, 13, 7, 6, 14, 5, 13, 12, 13, 0, 14, 14, 8, 6]
y_coordinates = [47, 37, 16, 16, 26, 33, 11, 31, 7, 52, 1, 34, 41, 44, 32, 30, 28, 19, 9, 24, 23, 36, 12, 0, 20]
x_dimensions = [3, 3, 9, 3, 2, 2, 3, 3, 1, 4, 3, 2, 2, 6, 6, 1, 1, 2, 2, 2, 2, 1, 1, 7, 7]
y_dimensions = [5, 16, 3, 10, 5, 4, 5, 16, 5, 1, 10, 7, 12, 9, 12, 6, 3, 5, 7, 6, 3, 5, 7, 7, 12]
minimum_height = 53
----------
x_coordinates = [6, 11, 6, 3, 4, 2, 8, 3, 8, 5, 0, 12, 9, 9, 6, 14, 0, 11, 13, 13, 12, 14, 14, 2, 1]
y_coordinates = [12, 3, 0, 37, 47, 48, 35, 1, 27, 17, 38, 45, 7, 19, 40, 41, 34, 35, 28, 35, 42, 47, 12, 18, 25]
x_dimensions = [3, 3, 9, 3, 2, 2, 3, 3, 1, 4, 3, 2, 2, 6, 6, 1, 1, 2, 2, 2, 2, 1, 1, 7, 7]
y_dimensions = [5, 16, 3, 10, 5, 4, 5, 16, 5, 1, 10, 7, 12, 9, 12, 6, 3, 5, 7, 6, 3, 5, 7, 7, 12]
minimum_height = 52
----------
x_coordinates = [7, 8, 1, 0, 11, 13, 11, 12, 11, 9, 5, 13, 10, 3, 0, 14, 6, 12, 9, 12, 13, 0, 14, 0, 1]
y_coordinates = [28, 1, 23, 33, 3, 0, 37, 18, 32, 0, 42, 4, 17, 33, 45, 45, 3, 46, 33, 12, 34, 44, 11, 26, 10]
x_dimensions = [3, 3, 9, 3, 2, 2, 3, 3, 1, 4, 10, 2, 2, 6, 12, 1, 1, 2, 2, 2, 2, 5, 1, 7, 7]
y_dimensions = [5, 16, 3, 10, 5, 4, 5, 16, 5, 1, 3, 7, 12, 9, 6, 6, 3, 5, 7, 6, 3, 1, 7, 7, 12]
minimum_height = 51
----------
x_coordinates = [0, 10, 5, 2, 3, 5, 12, 8, 14, 10, 4, 10, 13, 1, 3, 1, 13, 11, 11, 7, 13, 14, 9, 3, 1]
y_coordinates = [15, 8, 32, 37, 32, 42, 39, 24, 33, 0, 47, 40, 18, 7, 1, 44, 44, 34, 27, 41, 30, 45, 40, 13, 20]
x_dimensions = [3, 3, 3, 3, 2, 2, 3, 3, 1, 4, 10, 2, 2, 9, 12, 1, 1, 2, 2, 2, 2, 1, 1, 7, 7]
y_dimensions = [5, 16, 9, 10, 5, 4, 5, 16, 5, 1, 3, 7, 12, 6, 6, 6, 3, 5, 7, 6, 3, 5, 7, 7, 12]
minimum_height = 50
----------
x_coordinates = [7, 11, 1, 10, 9, 13, 9, 12, 0, 11, 6, 10, 0, 0, 0, 5, 14, 8, 10, 12, 1, 0, 8, 0, 2]
y_coordinates = [43, 11, 35, 1, 19, 7, 27, 33, 36, 0, 10, 32, 23, 14, 2, 48, 30, 38, 40, 27, 38, 48, 3, 41, 23]
x_dimensions = [3, 3, 9, 3, 2, 2, 3, 3, 1, 4, 3, 2, 2, 6, 6, 6, 1, 2, 2, 2, 2, 5, 1, 7, 7]
y_dimensions = [5, 16, 3, 10, 5, 4, 5, 16, 5, 1, 10, 7, 12, 9, 12, 1, 3, 5, 7, 6, 3, 1, 7, 7, 12]
minimum_height = 49
----------
x_coordinates = [7, 12, 3, 2, 9, 13, 9, 12, 1, 8, 5, 13, 0, 1, 0, 10, 1, 10, 11, 11, 0, 6, 0, 2, 5]
y_coordinates = [43, 16, 40, 30, 2, 1, 35, 32, 39, 34, 13, 5, 27, 7, 16, 7, 13, 43, 6, 0, 4, 43, 9, 0, 22]
x_dimensions = [3, 3, 9, 3, 2, 2, 3, 3, 1, 4, 10, 2, 2, 9, 12, 1, 1, 2, 2, 2, 2, 1, 1, 7, 7]
y_dimensions = [5, 16, 3, 10, 5, 4, 5, 16, 5, 1, 3, 7, 12, 6, 6, 6, 3, 5, 7, 6, 3, 5, 7, 7, 12]
minimum_height = 48
----------
x_coordinates = [7, 0, 6, 0, 6, 13, 10, 3, 14, 9, 5, 4, 3, 8, 0, 14, 4, 12, 13, 13, 4, 7, 5, 8, 6]
y_coordinates = [0, 21, 41, 37, 17, 30, 0, 13, 10, 5, 44, 0, 32, 13, 7, 17, 44, 6, 23, 0, 29, 36, 37, 34, 22]
x_dimensions = [3, 3, 9, 3, 2, 2, 3, 3, 1, 4, 10, 2, 2, 6, 12, 1, 1, 2, 2, 2, 2, 1, 1, 7, 7]
y_dimensions = [5, 16, 3, 10, 5, 4, 5, 16, 5, 1, 3, 7, 12, 9, 6, 6, 3, 5, 7, 6, 3, 5, 7, 7, 12]
minimum_height = 47
----------
x_coordinates = [9, 2, 0, 10, 0, 13, 12, 5, 14, 9, 9, 8, 13, 1, 2, 14, 12, 13, 0, 0, 8, 4, 0, 2, 7]
y_coordinates = [20, 19, 43, 26, 18, 29, 19, 19, 14, 0, 36, 25, 33, 4, 13, 8, 45, 24, 30, 37, 32, 42, 11, 35, 1]
x_dimensions = [3, 3, 9, 3, 2, 2, 3, 3, 1, 4, 3, 2, 2, 6, 12, 1, 3, 2, 2, 2, 2, 5, 1, 7, 7]
y_dimensions = [5, 16, 3, 10, 5, 4, 5, 16, 5, 1, 10, 7, 12, 9, 6, 6, 1, 5, 7, 6, 3, 1, 7, 7, 12]
minimum_height = 46
----------
x_coordinates = [11, 3, 5, 8, 11, 1, 12, 0, 14, 11, 12, 9, 6, 6, 0, 14, 2, 13, 4, 0, 13, 14, 11, 2, 7]
y_coordinates = [37, 7, 42, 0, 1, 19, 9, 0, 22, 0, 27, 35, 1, 26, 23, 16, 44, 1, 0, 39, 6, 40, 6, 35, 14]
x_dimensions = [3, 3, 9, 3, 2, 2, 3, 3, 1, 4, 3, 2, 2, 6, 6, 1, 3, 2, 2, 2, 2, 1, 1, 7, 7]
y_dimensions = [5, 16, 3, 10, 5, 4, 5, 16, 5, 1, 10, 7, 12, 9, 12, 6, 1, 5, 7, 6, 3, 5, 7, 7, 12]
minimum_height = 45
----------
x_coordinates = [12, 3, 3, 9, 1, 1, 3, 12, 8, 13, 0, 12, 13, 0, 6, 0, 0, 6, 0, 9, 11, 0, 14, 2, 6]
y_coordinates = [39, 22, 10, 0, 26, 22, 38, 0, 15, 28, 31, 32, 16, 13, 32, 25, 42, 15, 6, 14, 17, 43, 30, 3, 20]
x_dimensions = [3, 3, 9, 3, 2, 2, 3, 3, 1, 1, 3, 2, 2, 6, 6, 1, 3, 2, 2, 2, 2, 5, 1, 7, 7]
y_dimensions = [5, 16, 3, 10, 5, 4, 5, 16, 5, 4, 10, 7, 12, 9, 12, 6, 1, 5, 7, 6, 3, 1, 7, 7, 12]
minimum_height = 44
----------
x_coordinates = [2, 9, 0, 4, 2, 9, 5, 12, 8, 11, 1, 11, 13, 3, 0, 0, 6, 0, 1, 0, 0, 14, 14, 6, 7]
y_coordinates = [35, 0, 10, 13, 15, 36, 35, 0, 35, 42, 40, 35, 30, 0, 23, 4, 9, 35, 3, 15, 0, 17, 22, 28, 16]
x_dimensions = [3, 3, 9, 3, 2, 2, 3, 3, 1, 4, 10, 2, 2, 6, 6, 1, 3, 2, 2, 2, 2, 1, 1, 7, 7]
y_dimensions = [5, 16, 3, 10, 5, 4, 5, 16, 5, 1, 3, 7, 12, 9, 12, 6, 1, 5, 7, 6, 3, 5, 7, 7, 12]
minimum_height = 43
----------
x_coordinates = [8, 12, 6, 4, 10, 2, 6, 2, 9, 2, 2, 13, 0, 6, 7, 3, 0, 0, 0, 13, 1, 14, 5, 7, 0]
y_coordinates = [20, 1, 17, 32, 12, 38, 12, 4, 12, 3, 0, 21, 1, 3, 23, 32, 32, 37, 13, 28, 33, 34, 11, 35, 20]
x_dimensions = [5, 3, 9, 3, 2, 2, 3, 3, 1, 4, 10, 2, 2, 6, 6, 1, 3, 2, 2, 2, 2, 1, 1, 7, 7]
y_dimensions = [3, 16, 3, 10, 5, 4, 5, 16, 5, 1, 3, 7, 12, 9, 12, 6, 1, 5, 7, 6, 3, 5, 7, 7, 12]
minimum_height = 42
----------
x_coordinates = [11, 8, 3, 11, 2, 13, 3, 12, 7, 8, 0, 0, 4, 7, 6, 14, 14, 2, 0, 13, 1, 14, 0, 1, 0]
y_coordinates = [36, 25, 0, 26, 10, 16, 31, 0, 25, 15, 0, 17, 3, 16, 3, 32, 38, 15, 10, 20, 31, 27, 31, 34, 19]
x_dimensions = [3, 3, 9, 3, 2, 2, 5, 3, 1, 4, 3, 7, 2, 6, 6, 1, 1, 5, 2, 2, 2, 1, 1, 7, 7]
y_dimensions = [5, 16, 3, 10, 5, 4, 3, 16, 5, 1, 10, 2, 12, 9, 12, 6, 3, 2, 7, 6, 3, 5, 7, 7, 12]
minimum_height = 41
----------
x_coordinates = [12, 12, 6, 3, 7, 3, 7, 0, 0, 5, 6, 5, 10, 9, 0, 9, 0, 10, 6, 13, 0, 0, 6, 0, 3]
y_coordinates = [19, 24, 6, 0, 36, 15, 31, 15, 38, 15, 9, 38, 24, 10, 3, 9, 0, 19, 4, 0, 1, 39, 3, 31, 19]
x_dimensions = [3, 3, 9, 10, 5, 2, 3, 3, 5, 1, 3, 7, 2, 6, 6, 6, 3, 2, 7, 2, 3, 5, 7, 7, 7]
y_dimensions = [5, 16, 3, 3, 2, 4, 5, 16, 1, 4, 10, 2, 12, 9, 12, 1, 1, 5, 2, 6, 2, 1, 1, 7, 12]
minimum_height = 40
----------
==========
%%%mzn-stat: nodes=86425
%%%mzn-stat: failures=17351
%%%mzn-stat: restarts=626
%%%mzn-stat: variables=13093
%%%mzn-stat: intVars=103
%%%mzn-stat: boolVariables=12988
%%%mzn-stat: propagators=2454
%%%mzn-stat: propagations=19361769
%%%mzn-stat: peakDepth=192
%%%mzn-stat: nogoods=17351
%%%mzn-stat: backjumps=33478
%%%mzn-stat: peakMem=0.00
%%%mzn-stat: time=5.101
%%%mzn-stat: initTime=0.033
%%%mzn-stat: solveTime=5.068
%%%mzn-stat: objective=40
%%%mzn-stat: optTime=5.068
%%%mzn-stat: baseMem=0.00
%%%mzn-stat: trailMem=0.02
%%%mzn-stat: randomSeed=1657546340
