x_coordinates = [8, 6, 1, 3, 4, 9, 5, 0, 10, 13, 13, 11, 14, 5, 14, 2, 10, 1, 5, 0, 0, 5, 2, 0, 9]
y_coordinates = [180, 178, 142, 92, 167, 169, 180, 163, 153, 182, 138, 168, 161, 158, 152, 178, 164, 147, 172, 179, 173, 182, 148, 152, 142]
x_dimensions = [6, 3, 8, 4, 3, 2, 3, 10, 4, 2, 2, 4, 1, 5, 1, 3, 5, 6, 4, 2, 9, 8, 7, 2, 2]
y_dimensions = [2, 2, 4, 26, 4, 11, 2, 2, 11, 4, 6, 12, 3, 5, 3, 8, 4, 1, 1, 7, 5, 4, 10, 3, 11]
minimum_height = 186
----------
x_coordinates = [2, 7, 0, 4, 8, 12, 11, 5, 11, 3, 13, 1, 6, 8, 8, 9, 5, 6, 6, 8, 6, 6, 4, 12, 10]
y_coordinates = [181, 183, 150, 90, 106, 159, 183, 174, 114, 183, 151, 169, 164, 109, 161, 162, 165, 89, 160, 181, 176, 170, 144, 157, 151]
x_dimensions = [6, 3, 4, 4, 4, 2, 3, 10, 4, 4, 2, 4, 3, 5, 1, 3, 4, 6, 4, 7, 9, 8, 10, 3, 2]
y_dimensions = [2, 2, 8, 26, 3, 11, 2, 2, 11, 2, 6, 12, 1, 5, 3, 8, 5, 1, 1, 2, 5, 4, 7, 2, 11]
minimum_height = 185
----------
x_coordinates = [8, 9, 0, 6, 10, 13, 5, 6, 11, 0, 13, 0, 14, 6, 8, 12, 9, 8, 7, 2, 3, 11, 4, 11, 13]
y_coordinates = [136, 182, 142, 90, 164, 165, 153, 163, 42, 180, 138, 173, 135, 51, 164, 176, 168, 67, 153, 182, 177, 146, 143, 144, 154]
x_dimensions = [6, 3, 4, 4, 3, 2, 2, 2, 4, 2, 2, 12, 1, 5, 1, 3, 4, 6, 4, 7, 9, 4, 7, 3, 2]
y_dimensions = [2, 2, 8, 26, 4, 11, 3, 10, 11, 4, 6, 4, 3, 5, 3, 8, 5, 1, 1, 2, 5, 8, 10, 2, 11]
minimum_height = 184
----------
x_coordinates = [1, 4, 0, 1, 4, 0, 13, 5, 11, 10, 13, 11, 12, 9, 0, 7, 1, 9, 6, 6, 2, 6, 4, 12, 1]
y_coordinates = [181, 179, 144, 90, 157, 170, 161, 164, 150, 145, 133, 167, 182, 128, 164, 179, 165, 158, 160, 143, 174, 166, 147, 148, 154]
x_dimensions = [6, 3, 4, 4, 4, 2, 2, 10, 4, 4, 2, 4, 3, 5, 1, 8, 4, 1, 1, 7, 9, 4, 7, 3, 2]
y_dimensions = [2, 2, 8, 26, 3, 11, 3, 2, 11, 2, 6, 12, 1, 5, 3, 3, 5, 6, 4, 2, 5, 8, 10, 2, 11]
minimum_height = 183
----------
x_coordinates = [1, 10, 0, 5, 8, 0, 7, 1, 6, 12, 12, 11, 12, 5, 3, 7, 11, 5, 9, 6, 2, 10, 5, 8, 4]
y_coordinates = [180, 165, 147, 87, 122, 169, 165, 167, 148, 125, 50, 167, 162, 169, 164, 179, 120, 124, 159, 163, 174, 154, 141, 139, 156]
x_dimensions = [6, 3, 4, 4, 3, 2, 3, 10, 4, 2, 2, 4, 3, 5, 1, 8, 4, 1, 1, 7, 9, 4, 10, 3, 2]
y_dimensions = [2, 2, 8, 26, 4, 11, 2, 2, 11, 4, 6, 12, 1, 5, 3, 3, 5, 6, 4, 2, 5, 8, 7, 2, 11]
minimum_height = 182
----------
x_coordinates = [9, 5, 2, 7, 7, 0, 13, 5, 8, 9, 13, 11, 6, 0, 7, 8, 4, 1, 14, 8, 2, 11, 2, 7, 0]
y_coordinates = [153, 140, 144, 85, 15, 169, 150, 179, 141, 170, 141, 167, 173, 139, 163, 162, 168, 107, 155, 139, 174, 159, 152, 137, 158]
x_dimensions = [6, 3, 4, 4, 4, 2, 2, 10, 4, 2, 2, 4, 3, 5, 1, 3, 4, 1, 1, 7, 9, 4, 7, 3, 2]
y_dimensions = [2, 2, 8, 26, 3, 11, 3, 2, 11, 4, 6, 12, 1, 5, 3, 8, 5, 6, 4, 2, 5, 8, 10, 2, 11]
minimum_height = 181
----------
x_coordinates = [2, 12, 10, 7, 0, 0, 13, 13, 4, 13, 13, 2, 2, 10, 1, 10, 8, 2, 14, 8, 4, 9, 3, 12, 13]
y_coordinates = [174, 143, 125, 66, 164, 169, 121, 151, 147, 161, 135, 176, 160, 115, 161, 164, 172, 168, 176, 145, 157, 133, 162, 141, 165]
x_dimensions = [6, 3, 4, 4, 3, 2, 2, 2, 11, 2, 2, 12, 1, 5, 1, 3, 5, 1, 1, 7, 9, 4, 7, 3, 2]
y_dimensions = [2, 2, 8, 26, 4, 11, 3, 10, 4, 4, 6, 4, 3, 5, 3, 8, 4, 6, 4, 2, 5, 8, 10, 2, 11]
minimum_height = 180
----------
x_coordinates = [9, 12, 2, 3, 11, 0, 7, 10, 10, 10, 13, 7, 14, 9, 1, 11, 5, 3, 10, 8, 6, 11, 4, 4, 2]
y_coordinates = [123, 119, 142, 78, 158, 162, 173, 141, 125, 177, 74, 151, 176, 114, 174, 169, 175, 124, 173, 121, 136, 161, 163, 173, 168]
x_dimensions = [6, 3, 8, 4, 4, 2, 3, 2, 4, 4, 2, 4, 1, 5, 1, 3, 5, 1, 1, 7, 9, 4, 7, 3, 2]
y_dimensions = [2, 2, 4, 26, 3, 11, 2, 10, 11, 2, 6, 12, 3, 5, 3, 8, 4, 6, 4, 2, 5, 8, 10, 2, 11]
minimum_height = 179
----------
x_coordinates = [9, 11, 11, 3, 11, 0, 12, 8, 5, 12, 13, 9, 14, 9, 13, 12, 10, 4, 12, 1, 10, 9, 5, 11, 2]
y_coordinates = [151, 152, 118, 84, 154, 165, 127, 158, 147, 148, 101, 129, 151, 143, 167, 170, 113, 169, 166, 163, 157, 102, 168, 141, 165]
x_dimensions = [2, 3, 4, 4, 4, 2, 3, 2, 4, 2, 2, 4, 1, 5, 1, 3, 5, 1, 1, 7, 5, 4, 7, 3, 2]
y_dimensions = [6, 2, 8, 26, 3, 11, 2, 10, 11, 4, 6, 12, 3, 5, 3, 8, 4, 6, 4, 2, 9, 8, 10, 2, 11]
minimum_height = 178
----------
x_coordinates = [9, 10, 11, 4, 12, 0, 1, 9, 11, 13, 12, 4, 10, 7, 11, 2, 10, 10, 12, 8, 5, 7, 7, 9, 9]
y_coordinates = [150, 148, 163, 73, 140, 166, 164, 161, 152, 146, 134, 162, 158, 141, 132, 174, 173, 105, 130, 171, 152, 133, 112, 146, 122]
x_dimensions = [6, 3, 4, 4, 3, 2, 3, 2, 4, 2, 2, 4, 1, 5, 1, 8, 5, 1, 1, 7, 5, 4, 7, 3, 2]
y_dimensions = [2, 2, 8, 26, 4, 11, 2, 10, 11, 4, 6, 12, 3, 5, 3, 3, 4, 6, 4, 2, 9, 8, 10, 2, 11]
minimum_height = 177
----------
x_coordinates = [5, 12, 5, 1, 12, 1, 6, 9, 7, 13, 13, 3, 14, 5, 2, 0, 11, 5, 4, 8, 0, 11, 6, 11, 4]
y_coordinates = [159, 156, 165, 81, 148, 142, 145, 164, 153, 152, 129, 147, 171, 100, 172, 173, 166, 124, 143, 174, 163, 158, 135, 172, 132]
x_dimensions = [2, 3, 4, 4, 3, 2, 3, 2, 4, 2, 2, 4, 1, 5, 3, 8, 4, 1, 1, 7, 5, 4, 7, 3, 2]
y_dimensions = [6, 2, 8, 26, 4, 11, 2, 10, 11, 4, 6, 12, 3, 5, 1, 3, 5, 6, 4, 2, 9, 8, 10, 2, 11]
minimum_height = 176
----------
x_coordinates = [13, 11, 8, 2, 12, 0, 2, 12, 9, 13, 13, 11, 10, 4, 14, 4, 3, 2, 3, 13, 5, 11, 7, 12, 2]
y_coordinates = [152, 128, 167, 81, 120, 164, 151, 165, 153, 124, 112, 140, 150, 159, 172, 164, 170, 169, 139, 158, 144, 104, 130, 118, 157]
x_dimensions = [2, 3, 4, 4, 3, 2, 3, 2, 4, 2, 2, 4, 1, 5, 1, 8, 4, 1, 1, 2, 5, 4, 7, 3, 2]
y_dimensions = [6, 2, 8, 26, 4, 11, 2, 10, 11, 4, 6, 12, 3, 5, 3, 3, 5, 6, 4, 7, 9, 8, 10, 2, 11]
minimum_height = 175
----------
x_coordinates = [13, 1, 8, 6, 12, 2, 12, 13, 11, 13, 13, 4, 10, 5, 9, 3, 1, 3, 0, 10, 9, 0, 6, 12, 4]
y_coordinates = [154, 153, 154, 85, 127, 134, 161, 144, 163, 131, 11, 154, 162, 169, 163, 166, 169, 147, 153, 128, 135, 158, 144, 125, 143]
x_dimensions = [2, 3, 4, 4, 3, 2, 3, 2, 4, 2, 2, 4, 1, 5, 1, 8, 4, 1, 1, 2, 5, 4, 7, 3, 2]
y_dimensions = [6, 2, 8, 26, 4, 11, 2, 10, 11, 4, 6, 12, 3, 5, 3, 3, 5, 6, 4, 7, 9, 8, 10, 2, 11]
minimum_height = 174
----------
x_coordinates = [13, 12, 10, 7, 12, 1, 10, 13, 11, 13, 13, 6, 12, 7, 0, 7, 11, 6, 3, 11, 10, 3, 5, 12, 9]
y_coordinates = [153, 132, 106, 44, 116, 160, 156, 134, 159, 127, 57, 145, 153, 115, 168, 170, 120, 157, 142, 125, 144, 165, 133, 114, 158]
x_dimensions = [2, 3, 4, 4, 3, 2, 3, 2, 4, 2, 2, 4, 1, 5, 1, 8, 4, 1, 1, 2, 5, 4, 7, 3, 2]
y_dimensions = [6, 2, 8, 26, 4, 11, 2, 10, 11, 4, 6, 12, 3, 5, 3, 3, 5, 6, 4, 7, 9, 8, 10, 2, 11]
minimum_height = 173
----------
x_coordinates = [13, 10, 10, 7, 12, 0, 12, 13, 9, 13, 12, 5, 13, 7, 14, 7, 1, 0, 2, 12, 0, 6, 3, 2, 0]
y_coordinates = [161, 154, 140, 47, 123, 135, 167, 148, 156, 128, 112, 156, 158, 132, 139, 169, 166, 166, 144, 133, 157, 137, 145, 155, 146]
x_dimensions = [2, 3, 4, 4, 3, 2, 3, 2, 4, 2, 2, 4, 1, 5, 1, 8, 4, 1, 1, 2, 5, 4, 7, 3, 2]
y_dimensions = [6, 2, 8, 26, 4, 11, 2, 10, 11, 4, 6, 12, 3, 5, 3, 3, 5, 6, 4, 7, 9, 8, 10, 2, 11]
minimum_height = 172
----------
x_coordinates = [7, 2, 8, 4, 12, 9, 11, 13, 11, 13, 13, 0, 4, 7, 14, 7, 5, 6, 13, 13, 0, 3, 4, 0, 11]
y_coordinates = [165, 158, 141, 33, 121, 159, 129, 150, 160, 125, 101, 140, 159, 124, 147, 138, 159, 165, 146, 131, 162, 132, 149, 158, 149]
x_dimensions = [2, 2, 4, 4, 3, 2, 3, 2, 4, 2, 2, 4, 1, 5, 1, 8, 4, 1, 1, 2, 5, 4, 7, 2, 2]
y_dimensions = [6, 3, 8, 26, 4, 11, 2, 10, 11, 4, 6, 12, 3, 5, 3, 3, 5, 6, 4, 7, 9, 8, 10, 3, 11]
minimum_height = 171
----------
x_coordinates = [9, 4, 11, 3, 12, 12, 12, 13, 0, 11, 12, 2, 14, 8, 11, 0, 8, 14, 1, 10, 10, 4, 6, 12, 13]
y_coordinates = [159, 156, 141, 43, 124, 159, 128, 149, 156, 132, 114, 140, 166, 136, 162, 167, 165, 96, 140, 125, 79, 159, 149, 122, 130]
x_dimensions = [2, 2, 4, 4, 3, 2, 3, 2, 4, 2, 2, 4, 1, 5, 1, 8, 4, 1, 1, 2, 5, 4, 7, 3, 2]
y_dimensions = [6, 3, 8, 26, 4, 11, 2, 10, 11, 4, 6, 12, 3, 5, 3, 3, 5, 6, 4, 7, 9, 8, 10, 2, 11]
minimum_height = 170
----------
x_coordinates = [12, 8, 11, 3, 12, 4, 11, 4, 0, 5, 13, 0, 10, 7, 14, 3, 8, 13, 3, 5, 5, 3, 8, 6, 6]
y_coordinates = [163, 148, 143, 79, 136, 161, 141, 150, 158, 165, 17, 142, 148, 134, 166, 139, 164, 104, 154, 142, 125, 22, 151, 123, 150]
x_dimensions = [2, 2, 4, 4, 3, 11, 3, 2, 4, 2, 2, 4, 1, 5, 1, 8, 4, 1, 1, 2, 5, 4, 7, 3, 2]
y_dimensions = [6, 3, 8, 26, 4, 2, 2, 10, 11, 4, 6, 12, 3, 5, 3, 3, 5, 6, 4, 7, 9, 8, 10, 2, 11]
minimum_height = 169
----------
x_coordinates = [11, 8, 11, 3, 12, 4, 12, 0, 4, 1, 12, 3, 14, 7, 13, 7, 0, 10, 0, 12, 2, 6, 8, 12, 7]
y_coordinates = [160, 162, 142, 76, 124, 166, 140, 153, 155, 141, 117, 132, 162, 134, 162, 130, 163, 160, 149, 133, 146, 122, 150, 128, 139]
x_dimensions = [2, 2, 4, 4, 3, 11, 3, 2, 4, 2, 2, 4, 1, 5, 1, 8, 4, 1, 1, 2, 5, 4, 7, 3, 2]
y_dimensions = [6, 3, 8, 26, 4, 2, 2, 10, 11, 4, 6, 12, 3, 5, 3, 3, 5, 6, 4, 7, 9, 8, 10, 2, 11]
minimum_height = 168
----------
x_coordinates = [12, 0, 11, 7, 12, 1, 12, 12, 8, 10, 13, 8, 0, 10, 14, 7, 4, 14, 14, 11, 7, 9, 1, 1, 8]
y_coordinates = [161, 160, 142, 63, 123, 165, 102, 151, 154, 150, 117, 103, 163, 137, 164, 127, 160, 158, 151, 130, 94, 115, 150, 163, 141]
x_dimensions = [2, 2, 4, 4, 3, 11, 3, 2, 4, 2, 2, 4, 1, 5, 1, 8, 4, 1, 1, 2, 5, 4, 7, 3, 2]
y_dimensions = [6, 3, 8, 26, 4, 2, 2, 10, 11, 4, 6, 12, 3, 5, 3, 3, 5, 6, 4, 7, 9, 8, 10, 2, 11]
minimum_height = 167
----------
x_coordinates = [13, 13, 0, 1, 12, 2, 12, 12, 10, 11, 12, 11, 10, 10, 1, 1, 10, 14, 0, 13, 4, 4, 8, 12, 9]
y_coordinates = [95, 163, 159, 29, 128, 163, 101, 107, 117, 137, 89, 141, 165, 25, 163, 150, 103, 121, 150, 134, 142, 151, 153, 132, 140]
x_dimensions = [2, 2, 8, 4, 3, 11, 3, 2, 4, 2, 2, 4, 3, 5, 1, 3, 5, 1, 1, 2, 5, 4, 7, 3, 2]
y_dimensions = [6, 3, 4, 26, 4, 2, 2, 10, 11, 4, 6, 12, 1, 5, 3, 8, 4, 6, 4, 7, 9, 8, 10, 2, 11]
minimum_height = 166
----------
x_coordinates = [0, 3, 7, 4, 12, 2, 11, 6, 9, 13, 13, 11, 12, 2, 5, 2, 5, 14, 10, 13, 1, 5, 8, 13, 0]
y_coordinates = [127, 163, 147, 39, 117, 130, 125, 155, 132, 139, 105, 143, 128, 149, 127, 141, 132, 132, 143, 121, 154, 139, 155, 129, 142]
x_dimensions = [2, 3, 4, 4, 3, 11, 2, 2, 4, 2, 2, 4, 3, 5, 1, 3, 4, 1, 1, 2, 5, 4, 7, 2, 2]
y_dimensions = [6, 2, 8, 26, 4, 2, 3, 10, 11, 4, 6, 12, 1, 5, 3, 8, 5, 6, 4, 7, 9, 8, 10, 3, 11]
minimum_height = 165
----------
x_coordinates = [2, 13, 1, 0, 12, 5, 12, 0, 11, 0, 13, 5, 12, 8, 9, 10, 7, 14, 9, 12, 2, 11, 7, 13, 4]
y_coordinates = [143, 149, 150, 60, 118, 133, 122, 140, 134, 158, 72, 147, 147, 36, 151, 148, 140, 128, 155, 111, 159, 156, 124, 153, 145]
x_dimensions = [2, 2, 4, 4, 3, 2, 3, 2, 4, 2, 2, 4, 3, 5, 1, 3, 4, 1, 1, 2, 9, 4, 7, 2, 11]
y_dimensions = [6, 3, 8, 26, 4, 11, 2, 10, 11, 4, 6, 12, 1, 5, 3, 8, 5, 6, 4, 7, 5, 8, 10, 3, 2]
minimum_height = 164
----------
x_coordinates = [13, 1, 1, 6, 12, 5, 2, 0, 7, 8, 13, 11, 12, 7, 10, 0, 3, 0, 7, 2, 3, 1, 7, 9, 4]
y_coordinates = [142, 161, 157, 68, 136, 141, 147, 139, 146, 142, 128, 148, 145, 137, 143, 149, 152, 157, 142, 140, 128, 133, 118, 158, 161]
x_dimensions = [2, 3, 8, 4, 3, 2, 3, 2, 4, 2, 2, 4, 1, 5, 1, 3, 4, 1, 1, 2, 9, 8, 7, 2, 11]
y_dimensions = [6, 2, 4, 26, 4, 11, 2, 10, 11, 4, 6, 12, 3, 5, 3, 8, 5, 6, 4, 7, 5, 4, 10, 3, 2]
minimum_height = 163
----------
x_coordinates = [12, 3, 4, 3, 12, 6, 11, 3, 8, 11, 12, 0, 14, 0, 14, 12, 11, 12, 5, 13, 6, 0, 7, 4, 4]
y_coordinates = [148, 127, 158, 72, 112, 147, 126, 140, 147, 122, 52, 150, 148, 132, 151, 154, 133, 116, 129, 138, 128, 142, 102, 153, 145]
x_dimensions = [2, 2, 8, 4, 3, 2, 3, 10, 4, 2, 2, 4, 1, 5, 1, 3, 4, 1, 1, 2, 9, 4, 7, 2, 11]
y_dimensions = [6, 3, 4, 26, 4, 11, 2, 2, 11, 4, 6, 12, 3, 5, 3, 8, 5, 6, 4, 7, 5, 8, 10, 3, 2]
minimum_height = 162
----------
x_coordinates = [4, 2, 5, 7, 12, 9, 4, 0, 11, 4, 13, 1, 8, 10, 3, 9, 9, 14, 10, 13, 6, 2, 8, 9, 0]
y_coordinates = [149, 149, 105, 22, 141, 121, 151, 140, 150, 157, 28, 117, 160, 145, 158, 109, 136, 116, 132, 134, 151, 145, 92, 143, 150]
x_dimensions = [6, 2, 8, 4, 3, 2, 2, 2, 4, 2, 2, 12, 3, 5, 1, 3, 4, 1, 1, 2, 5, 8, 7, 3, 2]
y_dimensions = [2, 3, 4, 26, 4, 11, 3, 10, 11, 4, 6, 4, 1, 5, 3, 8, 5, 6, 4, 7, 9, 4, 10, 2, 11]
minimum_height = 161
----------
x_coordinates = [7, 5, 2, 4, 12, 1, 12, 6, 1, 12, 12, 3, 3, 0, 0, 11, 6, 12, 10, 0, 8, 11, 7, 12, 13]
y_coordinates = [154, 153, 142, 60, 104, 121, 134, 143, 156, 130, 47, 118, 150, 151, 157, 122, 138, 98, 141, 144, 145, 137, 108, 158, 147]
x_dimensions = [6, 2, 4, 4, 3, 2, 2, 2, 11, 2, 2, 12, 3, 5, 1, 3, 4, 1, 1, 2, 5, 4, 7, 3, 2]
y_dimensions = [2, 3, 8, 26, 4, 11, 3, 10, 4, 4, 6, 4, 1, 5, 3, 8, 5, 6, 4, 7, 9, 8, 10, 2, 11]
minimum_height = 160
----------
x_coordinates = [4, 0, 11, 5, 12, 4, 11, 8, 1, 6, 13, 0, 5, 0, 5, 8, 4, 8, 14, 13, 10, 2, 8, 1, 6]
y_coordinates = [157, 149, 142, 54, 115, 128, 139, 147, 118, 135, 51, 132, 154, 152, 125, 139, 139, 138, 138, 119, 150, 144, 126, 157, 146]
x_dimensions = [6, 2, 4, 4, 3, 2, 2, 2, 11, 2, 2, 4, 1, 5, 1, 3, 4, 6, 1, 2, 5, 4, 7, 3, 2]
y_dimensions = [2, 3, 8, 26, 4, 11, 3, 10, 4, 4, 6, 12, 3, 5, 3, 8, 5, 1, 4, 7, 9, 8, 10, 2, 11]
minimum_height = 159
----------
x_coordinates = [9, 0, 2, 6, 12, 0, 13, 6, 2, 6, 13, 2, 8, 3, 8, 12, 8, 8, 2, 13, 0, 11, 8, 12, 9]
y_coordinates = [129, 150, 145, 56, 113, 139, 119, 143, 121, 139, 98, 133, 150, 128, 128, 142, 142, 141, 128, 122, 153, 150, 131, 117, 147]
x_dimensions = [6, 2, 4, 4, 3, 2, 2, 2, 11, 2, 2, 4, 1, 5, 1, 3, 4, 6, 1, 2, 9, 4, 7, 3, 2]
y_dimensions = [2, 3, 8, 26, 4, 11, 3, 10, 4, 4, 6, 12, 3, 5, 3, 8, 5, 1, 4, 7, 5, 8, 10, 2, 11]
minimum_height = 158
----------
x_coordinates = [9, 2, 6, 7, 12, 7, 12, 13, 1, 1, 13, 2, 9, 10, 14, 10, 4, 8, 9, 13, 10, 3, 5, 12, 0]
y_coordinates = [114, 154, 143, 30, 116, 132, 130, 147, 118, 131, 95, 140, 154, 133, 130, 149, 152, 151, 137, 123, 138, 132, 122, 121, 146]
x_dimensions = [6, 2, 4, 4, 3, 2, 2, 2, 11, 2, 2, 4, 1, 5, 1, 3, 4, 1, 1, 2, 5, 4, 7, 3, 2]
y_dimensions = [2, 3, 8, 26, 4, 11, 3, 10, 4, 4, 6, 12, 3, 5, 3, 8, 5, 6, 4, 7, 9, 8, 10, 2, 11]
minimum_height = 157
----------
x_coordinates = [8, 8, 7, 5, 12, 10, 5, 1, 4, 6, 13, 6, 12, 10, 13, 1, 11, 9, 5, 13, 1, 11, 8, 9, 5]
y_coordinates = [99, 107, 143, 31, 95, 129, 148, 151, 115, 127, 87, 131, 154, 103, 137, 153, 140, 155, 100, 108, 139, 145, 119, 153, 104]
x_dimensions = [6, 2, 4, 4, 3, 2, 2, 10, 11, 2, 2, 4, 3, 5, 1, 8, 4, 6, 1, 2, 5, 4, 7, 3, 2]
y_dimensions = [2, 3, 8, 26, 4, 11, 3, 2, 4, 4, 6, 12, 1, 5, 3, 3, 5, 1, 4, 7, 9, 8, 10, 2, 11]
minimum_height = 156
----------
x_coordinates = [5, 9, 11, 3, 12, 13, 4, 0, 0, 0, 13, 6, 12, 2, 6, 2, 7, 10, 14, 13, 10, 0, 7, 9, 11]
y_coordinates = [126, 123, 146, 58, 109, 124, 147, 150, 128, 122, 11, 132, 154, 121, 147, 152, 144, 149, 120, 102, 135, 142, 113, 111, 123]
x_dimensions = [6, 2, 4, 4, 3, 2, 2, 10, 11, 2, 2, 4, 3, 5, 1, 8, 4, 1, 1, 2, 5, 4, 7, 3, 2]
y_dimensions = [2, 3, 8, 26, 4, 11, 3, 2, 4, 4, 6, 12, 1, 5, 3, 3, 5, 6, 4, 7, 9, 8, 10, 2, 11]
minimum_height = 155
----------
x_coordinates = [8, 0, 11, 7, 12, 0, 7, 0, 2, 13, 13, 9, 12, 10, 13, 2, 7, 10, 1, 13, 2, 9, 2, 9, 13]
y_coordinates = [116, 124, 145, 64, 112, 138, 140, 149, 126, 139, 96, 131, 153, 120, 125, 151, 143, 148, 117, 105, 140, 100, 130, 118, 128]
x_dimensions = [6, 2, 4, 4, 3, 2, 2, 10, 11, 2, 2, 4, 3, 5, 1, 8, 4, 1, 1, 2, 5, 4, 7, 3, 2]
y_dimensions = [2, 3, 8, 26, 4, 11, 3, 2, 4, 4, 6, 12, 1, 5, 3, 3, 5, 6, 4, 7, 9, 8, 10, 2, 11]
minimum_height = 154
----------
x_coordinates = [5, 13, 11, 7, 12, 4, 5, 9, 0, 11, 12, 6, 10, 10, 13, 6, 0, 10, 4, 13, 1, 0, 6, 12, 13]
y_coordinates = [124, 123, 145, 58, 110, 140, 109, 107, 120, 122, 97, 141, 144, 126, 114, 117, 148, 147, 125, 103, 131, 140, 131, 120, 134]
x_dimensions = [6, 2, 4, 4, 3, 2, 2, 2, 11, 2, 2, 4, 3, 5, 1, 8, 4, 1, 1, 2, 5, 4, 7, 3, 2]
y_dimensions = [2, 3, 8, 26, 4, 11, 3, 10, 4, 4, 6, 12, 1, 5, 3, 3, 5, 6, 4, 7, 9, 8, 10, 2, 11]
minimum_height = 153
----------
x_coordinates = [7, 0, 4, 5, 12, 4, 10, 11, 3, 1, 12, 0, 10, 2, 14, 3, 0, 12, 14, 13, 10, 10, 0, 7, 13]
y_coordinates = [139, 125, 146, 66, 103, 150, 105, 108, 126, 128, 97, 142, 141, 121, 117, 115, 147, 144, 124, 107, 130, 118, 132, 119, 139]
x_dimensions = [6, 2, 8, 4, 3, 11, 2, 2, 11, 2, 2, 12, 3, 5, 1, 8, 4, 1, 1, 2, 5, 4, 7, 3, 2]
y_dimensions = [2, 3, 4, 26, 4, 2, 3, 10, 4, 4, 6, 4, 1, 5, 3, 3, 5, 6, 4, 7, 9, 8, 10, 2, 11]
minimum_height = 152
----------
x_coordinates = [7, 13, 5, 7, 12, 9, 10, 11, 2, 13, 12, 0, 10, 0, 14, 3, 11, 12, 3, 13, 10, 10, 3, 0, 13]
y_coordinates = [124, 124, 147, 67, 102, 107, 121, 111, 126, 127, 81, 142, 130, 146, 120, 118, 106, 141, 110, 87, 131, 94, 132, 117, 140]
x_dimensions = [6, 2, 8, 4, 3, 2, 2, 2, 11, 2, 2, 12, 3, 5, 1, 8, 4, 1, 1, 2, 5, 4, 7, 3, 2]
y_dimensions = [2, 3, 4, 26, 4, 11, 3, 10, 4, 4, 6, 4, 1, 5, 3, 3, 5, 6, 4, 7, 9, 8, 10, 2, 11]
minimum_height = 151
----------
x_coordinates = [13, 0, 3, 5, 12, 12, 2, 4, 2, 0, 13, 0, 11, 7, 14, 6, 8, 12, 12, 13, 8, 10, 0, 3, 13]
y_coordinates = [126, 124, 146, 8, 105, 109, 119, 112, 124, 127, 132, 142, 120, 128, 119, 121, 115, 144, 129, 98, 133, 90, 132, 122, 139]
x_dimensions = [2, 2, 8, 4, 3, 2, 2, 2, 11, 2, 2, 12, 3, 5, 1, 8, 4, 1, 1, 2, 5, 4, 7, 3, 2]
y_dimensions = [6, 3, 4, 26, 4, 11, 3, 10, 4, 4, 6, 4, 1, 5, 3, 3, 5, 6, 4, 7, 9, 8, 10, 2, 11]
minimum_height = 150
----------
x_coordinates = [7, 0, 7, 1, 12, 12, 10, 12, 2, 0, 12, 0, 12, 2, 11, 12, 8, 14, 1, 13, 10, 11, 0, 10, 13]
y_coordinates = [129, 132, 137, 66, 75, 115, 124, 104, 131, 128, 5, 145, 114, 126, 142, 141, 113, 117, 124, 89, 80, 96, 135, 127, 126]
x_dimensions = [6, 2, 8, 4, 3, 2, 2, 2, 11, 2, 2, 12, 3, 5, 1, 3, 4, 1, 1, 2, 5, 4, 7, 3, 2]
y_dimensions = [2, 3, 4, 26, 4, 11, 3, 10, 4, 4, 6, 4, 1, 5, 3, 8, 5, 6, 4, 7, 9, 8, 10, 2, 11]
minimum_height = 149
----------
x_coordinates = [9, 0, 7, 5, 12, 0, 11, 8, 4, 2, 13, 0, 12, 4, 14, 12, 11, 14, 10, 13, 1, 11, 1, 12, 10]
y_coordinates = [127, 131, 113, 62, 100, 120, 119, 133, 129, 128, 36, 144, 106, 124, 119, 140, 122, 107, 123, 133, 111, 92, 134, 117, 133]
x_dimensions = [6, 2, 8, 4, 3, 2, 2, 2, 11, 2, 2, 12, 3, 5, 1, 3, 4, 1, 1, 2, 5, 4, 7, 3, 2]
y_dimensions = [2, 3, 4, 26, 4, 11, 3, 10, 4, 4, 6, 4, 1, 5, 3, 8, 5, 6, 4, 7, 9, 8, 10, 2, 11]
minimum_height = 148
----------
x_coordinates = [9, 3, 1, 0, 12, 7, 13, 12, 11, 13, 13, 2, 2, 0, 0, 0, 9, 3, 3, 13, 4, 0, 4, 2, 5]
y_coordinates = [127, 134, 121, 72, 109, 126, 133, 117, 136, 129, 96, 113, 144, 129, 126, 135, 131, 141, 137, 102, 101, 105, 137, 119, 126]
x_dimensions = [6, 2, 4, 4, 3, 2, 2, 2, 4, 2, 2, 12, 1, 5, 1, 3, 4, 1, 1, 2, 5, 4, 7, 3, 2]
y_dimensions = [2, 3, 8, 26, 4, 11, 3, 10, 11, 4, 6, 4, 3, 5, 3, 8, 5, 6, 4, 7, 9, 8, 10, 2, 11]
minimum_height = 147
----------
x_coordinates = [13, 13, 1, 1, 12, 8, 0, 11, 0, 0, 1, 1, 12, 4, 14, 12, 11, 4, 0, 13, 3, 4, 5, 2, 9]
y_coordinates = [124, 135, 127, 49, 109, 103, 143, 119, 132, 110, 119, 114, 135, 131, 121, 138, 130, 137, 128, 113, 118, 106, 136, 144, 125]
x_dimensions = [2, 2, 8, 4, 3, 2, 2, 2, 4, 2, 2, 12, 1, 5, 1, 3, 4, 1, 1, 2, 5, 4, 7, 3, 2]
y_dimensions = [6, 3, 4, 26, 4, 11, 3, 10, 11, 4, 6, 4, 3, 5, 3, 8, 5, 6, 4, 7, 9, 8, 10, 2, 11]
minimum_height = 146
----------
x_coordinates = [13, 13, 5, 3, 2, 11, 1, 10, 3, 7, 13, 1, 14, 0, 0, 0, 11, 14, 14, 0, 0, 5, 7, 2, 9]
y_coordinates = [125, 142, 141, 63, 114, 120, 129, 99, 129, 127, 109, 109, 122, 140, 129, 132, 115, 136, 131, 113, 120, 113, 131, 118, 119]
x_dimensions = [2, 2, 8, 4, 3, 2, 2, 2, 4, 2, 2, 12, 1, 5, 1, 3, 4, 1, 1, 2, 5, 4, 7, 3, 2]
y_dimensions = [6, 3, 4, 26, 4, 11, 3, 10, 11, 4, 6, 4, 3, 5, 3, 8, 5, 6, 4, 7, 9, 8, 10, 2, 11]
minimum_height = 145
----------
x_coordinates = [1, 9, 2, 7, 11, 8, 1, 13, 0, 0, 12, 2, 14, 10, 11, 12, 11, 0, 11, 11, 7, 7, 4, 12, 10]
y_coordinates = [125, 95, 128, 35, 95, 98, 97, 108, 133, 129, 120, 91, 123, 126, 137, 136, 131, 123, 140, 110, 117, 109, 134, 118, 98]
x_dimensions = [6, 2, 8, 4, 4, 2, 2, 2, 4, 2, 2, 12, 1, 5, 1, 3, 4, 1, 1, 2, 5, 4, 7, 3, 2]
y_dimensions = [2, 3, 4, 26, 3, 11, 3, 10, 11, 4, 6, 4, 3, 5, 3, 8, 5, 6, 4, 7, 9, 8, 10, 2, 11]
minimum_height = 144
----------
x_coordinates = [12, 9, 2, 3, 10, 8, 1, 13, 0, 0, 13, 2, 1, 10, 11, 12, 11, 7, 14, 6, 8, 7, 4, 12, 10]
y_coordinates = [85, 94, 128, 15, 91, 97, 96, 107, 132, 128, 99, 81, 124, 125, 140, 135, 130, 121, 90, 93, 116, 108, 133, 96, 97]
x_dimensions = [2, 2, 8, 4, 4, 2, 2, 2, 4, 2, 2, 12, 1, 5, 1, 3, 4, 1, 1, 2, 5, 4, 7, 3, 2]
y_dimensions = [6, 3, 4, 26, 3, 11, 3, 10, 11, 4, 6, 4, 3, 5, 3, 8, 5, 6, 4, 7, 9, 8, 10, 2, 11]
minimum_height = 143
----------
x_coordinates = [10, 2, 7, 5, 12, 11, 0, 0, 4, 2, 2, 1, 7, 1, 14, 7, 0, 6, 6, 4, 3, 10, 8, 7, 13]
y_coordinates = [113, 139, 127, 56, 115, 102, 138, 113, 131, 135, 114, 97, 126, 125, 122, 118, 130, 125, 118, 114, 105, 119, 132, 114, 104]
x_dimensions = [2, 2, 8, 4, 3, 2, 2, 2, 4, 2, 2, 12, 3, 5, 1, 3, 4, 1, 1, 2, 5, 4, 7, 3, 2]
y_dimensions = [6, 3, 4, 26, 4, 11, 3, 10, 11, 4, 6, 4, 1, 5, 3, 8, 5, 6, 4, 7, 9, 8, 10, 2, 11]
minimum_height = 142
----------
x_coordinates = [12, 2, 7, 4, 10, 10, 0, 13, 5, 2, 12, 1, 6, 1, 0, 11, 7, 14, 11, 1, 10, 11, 4, 11, 10]
y_coordinates = [107, 133, 96, 58, 119, 85, 132, 113, 103, 129, 101, 115, 137, 136, 135, 131, 136, 135, 100, 122, 76, 123, 126, 139, 104]
x_dimensions = [2, 2, 8, 4, 3, 2, 2, 2, 4, 2, 2, 12, 1, 5, 1, 3, 4, 1, 1, 2, 5, 4, 7, 3, 2]
y_dimensions = [6, 3, 4, 26, 4, 11, 3, 10, 11, 4, 6, 4, 3, 5, 3, 8, 5, 6, 4, 7, 9, 8, 10, 2, 11]
minimum_height = 141
----------
x_coordinates = [13, 12, 5, 5, 10, 7, 13, 13, 8, 3, 13, 3, 11, 10, 10, 12, 9, 5, 7, 0, 10, 2, 6, 11, 12]
y_coordinates = [107, 96, 109, 57, 118, 116, 136, 126, 98, 136, 120, 83, 139, 113, 137, 99, 122, 134, 96, 125, 87, 125, 127, 70, 72]
x_dimensions = [2, 2, 8, 4, 3, 2, 2, 2, 4, 2, 2, 12, 3, 5, 1, 3, 4, 1, 1, 2, 5, 4, 7, 3, 2]
y_dimensions = [6, 3, 4, 26, 4, 11, 3, 10, 11, 4, 6, 4, 1, 5, 3, 8, 5, 6, 4, 7, 9, 8, 10, 2, 11]
minimum_height = 140
----------
x_coordinates = [13, 4, 7, 2, 10, 13, 1, 1, 5, 3, 7, 2, 3, 2, 14, 12, 9, 5, 13, 13, 8, 8, 6, 10, 10]
y_coordinates = [133, 136, 113, 52, 120, 117, 137, 127, 101, 130, 123, 79, 129, 112, 128, 105, 124, 130, 129, 98, 83, 92, 129, 100, 102]
x_dimensions = [2, 2, 8, 4, 3, 2, 3, 2, 4, 2, 2, 12, 3, 5, 1, 3, 4, 1, 1, 2, 5, 4, 7, 3, 2]
y_dimensions = [6, 3, 4, 26, 4, 11, 2, 10, 11, 4, 6, 4, 1, 5, 3, 8, 5, 6, 4, 7, 9, 8, 10, 2, 11]
minimum_height = 139
----------
x_coordinates = [13, 1, 7, 4, 12, 0, 4, 2, 7, 13, 4, 1, 3, 2, 14, 12, 11, 11, 12, 3, 4, 0, 6, 0, 9]
y_coordinates = [117, 135, 113, 55, 101, 116, 135, 117, 102, 131, 128, 97, 135, 112, 135, 105, 123, 107, 119, 103, 119, 127, 128, 104, 117]
x_dimensions = [2, 2, 8, 4, 3, 2, 2, 2, 4, 2, 2, 12, 1, 5, 1, 3, 4, 1, 1, 2, 5, 4, 7, 3, 2]
y_dimensions = [6, 3, 4, 26, 4, 11, 3, 10, 11, 4, 6, 4, 3, 5, 3, 8, 5, 6, 4, 7, 9, 8, 10, 2, 11]
minimum_height = 138
----------
x_coordinates = [7, 11, 5, 4, 4, 5, 2, 4, 0, 8, 5, 3, 14, 0, 13, 12, 1, 7, 1, 10, 0, 9, 8, 9, 13]
y_coordinates = [117, 134, 111, 56, 107, 120, 135, 97, 103, 133, 131, 93, 134, 114, 134, 103, 130, 131, 120, 102, 121, 115, 123, 109, 112]
x_dimensions = [2, 2, 8, 4, 3, 2, 3, 2, 4, 2, 2, 12, 1, 5, 1, 3, 4, 1, 4, 2, 5, 4, 7, 3, 2]
y_dimensions = [6, 3, 4, 26, 4, 11, 2, 10, 11, 4, 6, 4, 3, 5, 3, 8, 5, 6, 1, 7, 9, 8, 10, 2, 11]
minimum_height = 137
----------
x_coordinates = [12, 12, 5, 0, 10, 8, 13, 2, 11, 11, 5, 3, 14, 0, 4, 6, 4, 7, 13, 13, 7, 9, 8, 8, 13]
y_coordinates = [94, 92, 110, 65, 106, 80, 133, 121, 77, 132, 130, 100, 89, 112, 90, 114, 125, 130, 88, 115, 91, 114, 122, 107, 104]
x_dimensions = [2, 3, 8, 4, 3, 2, 2, 2, 4, 2, 2, 12, 1, 5, 1, 3, 4, 1, 1, 2, 5, 4, 7, 2, 2]
y_dimensions = [6, 2, 4, 26, 4, 11, 3, 10, 11, 4, 6, 4, 3, 5, 3, 8, 5, 6, 4, 7, 9, 8, 10, 3, 11]
minimum_height = 136
----------
x_coordinates = [12, 13, 1, 3, 7, 13, 11, 12, 8, 13, 10, 11, 14, 1, 11, 10, 11, 14, 13, 4, 1, 10, 2, 13, 0]
y_coordinates = [129, 75, 120, 55, 104, 105, 74, 95, 59, 71, 102, 116, 68, 115, 70, 108, 90, 129, 78, 125, 81, 82, 128, 65, 124]
x_dimensions = [2, 2, 8, 4, 3, 2, 2, 2, 4, 2, 2, 4, 1, 5, 1, 3, 4, 1, 1, 7, 5, 4, 10, 2, 2]
y_dimensions = [6, 3, 4, 26, 4, 11, 3, 10, 11, 4, 6, 12, 3, 5, 3, 8, 5, 6, 4, 2, 9, 8, 7, 3, 11]
minimum_height = 135
----------
x_coordinates = [0, 2, 7, 1, 1, 13, 0, 11, 11, 13, 9, 3, 3, 4, 2, 12, 2, 8, 10, 9, 6, 11, 2, 13, 2]
y_coordinates = [128, 121, 96, 12, 108, 111, 123, 116, 100, 122, 115, 95, 118, 120, 118, 88, 125, 114, 121, 105, 125, 126, 87, 85, 112]
x_dimensions = [2, 2, 8, 4, 3, 2, 2, 2, 4, 2, 2, 4, 1, 5, 1, 3, 4, 1, 1, 2, 5, 4, 10, 2, 11]
y_dimensions = [6, 3, 4, 26, 4, 11, 3, 10, 11, 4, 6, 12, 3, 5, 3, 8, 5, 6, 4, 7, 9, 8, 7, 3, 2]
minimum_height = 134
----------
x_coordinates = [12, 9, 9, 5, 9, 6, 5, 13, 2, 12, 11, 10, 9, 7, 8, 12, 6, 1, 11, 7, 10, 10, 2, 13, 8]
y_coordinates = [72, 106, 86, 45, 73, 113, 130, 119, 118, 129, 119, 94, 103, 128, 105, 78, 124, 124, 106, 93, 110, 63, 77, 107, 109]
x_dimensions = [2, 2, 4, 4, 3, 2, 2, 2, 4, 2, 2, 4, 1, 5, 1, 3, 5, 1, 1, 2, 5, 4, 10, 2, 2]
y_dimensions = [6, 3, 8, 26, 4, 11, 3, 10, 11, 4, 6, 12, 3, 5, 3, 8, 4, 6, 4, 7, 9, 8, 7, 3, 11]
minimum_height = 133
----------
x_coordinates = [12, 12, 6, 6, 4, 1, 6, 3, 7, 8, 13, 0, 14, 8, 13, 11, 10, 9, 12, 4, 7, 10, 2, 13, 5]
y_coordinates = [103, 130, 89, 61, 100, 120, 129, 120, 93, 130, 120, 92, 114, 121, 114, 95, 126, 111, 117, 88, 112, 81, 104, 117, 118]
x_dimensions = [2, 3, 8, 4, 3, 2, 2, 2, 4, 4, 2, 4, 1, 5, 1, 3, 5, 6, 1, 2, 5, 4, 10, 2, 2]
y_dimensions = [6, 2, 4, 26, 4, 11, 3, 10, 11, 2, 6, 12, 3, 5, 3, 8, 4, 1, 4, 7, 9, 8, 7, 3, 11]
minimum_height = 132
----------
x_coordinates = [13, 0, 7, 6, 10, 5, 9, 0, 11, 13, 12, 11, 12, 10, 13, 12, 2, 9, 14, 4, 7, 11, 0, 12, 3]
y_coordinates = [113, 128, 89, 45, 115, 116, 129, 118, 58, 72, 122, 93, 128, 84, 128, 105, 127, 71, 126, 92, 120, 76, 109, 119, 116]
x_dimensions = [2, 2, 8, 4, 3, 2, 3, 2, 4, 2, 2, 4, 1, 5, 1, 3, 5, 6, 1, 2, 5, 4, 10, 2, 2]
y_dimensions = [6, 3, 4, 26, 4, 11, 2, 10, 11, 4, 6, 12, 3, 5, 3, 8, 4, 1, 4, 7, 9, 8, 7, 3, 11]
minimum_height = 131
----------
x_coordinates = [4, 2, 7, 3, 11, 8, 10, 0, 7, 3, 13, 11, 14, 10, 13, 2, 3, 9, 14, 7, 10, 10, 5, 13, 12]
y_coordinates = [123, 127, 87, 62, 120, 119, 128, 120, 98, 95, 124, 97, 116, 91, 117, 108, 119, 96, 119, 91, 78, 70, 109, 67, 56]
x_dimensions = [2, 2, 8, 4, 3, 2, 3, 2, 4, 2, 2, 4, 1, 5, 1, 3, 5, 6, 1, 2, 5, 4, 10, 2, 2]
y_dimensions = [6, 3, 4, 26, 4, 11, 2, 10, 11, 4, 6, 12, 3, 5, 3, 8, 4, 1, 4, 7, 9, 8, 7, 3, 11]
minimum_height = 130
----------
x_coordinates = [2, 11, 11, 1, 11, 7, 12, 5, 3, 1, 13, 7, 14, 10, 13, 0, 8, 14, 14, 3, 10, 11, 3, 13, 9]
y_coordinates = [122, 126, 94, 32, 119, 118, 65, 119, 96, 93, 123, 90, 115, 102, 116, 113, 75, 88, 118, 89, 79, 67, 107, 112, 114]
x_dimensions = [2, 2, 4, 4, 3, 2, 3, 2, 4, 2, 2, 4, 1, 5, 1, 3, 5, 1, 1, 2, 5, 4, 10, 2, 2]
y_dimensions = [6, 3, 8, 26, 4, 11, 2, 10, 11, 4, 6, 12, 3, 5, 3, 8, 4, 6, 4, 7, 9, 8, 7, 3, 11]
minimum_height = 129
----------
x_coordinates = [1, 6, 11, 6, 11, 8, 9, 0, 3, 13, 13, 7, 13, 4, 14, 0, 8, 9, 14, 1, 10, 11, 3, 13, 2]
y_coordinates = [111, 125, 102, 60, 118, 87, 122, 118, 97, 110, 122, 98, 82, 117, 82, 103, 124, 117, 118, 96, 85, 94, 110, 114, 117]
x_dimensions = [2, 2, 4, 4, 3, 2, 3, 2, 4, 2, 2, 4, 1, 5, 1, 3, 5, 6, 1, 2, 5, 4, 10, 2, 2]
y_dimensions = [6, 3, 8, 26, 4, 11, 2, 10, 11, 4, 6, 12, 3, 5, 3, 8, 4, 1, 4, 7, 9, 8, 7, 3, 11]
minimum_height = 128
----------
x_coordinates = [3, 4, 11, 7, 12, 9, 12, 0, 10, 12, 13, 7, 13, 5, 14, 1, 10, 10, 14, 4, 10, 0, 4, 13, 3]
y_coordinates = [117, 97, 100, 37, 117, 83, 92, 123, 72, 121, 57, 98, 54, 118, 54, 109, 94, 119, 122, 103, 63, 93, 110, 89, 125]
x_dimensions = [2, 2, 4, 4, 3, 2, 3, 10, 4, 2, 2, 4, 1, 5, 1, 3, 5, 1, 1, 2, 5, 4, 10, 2, 11]
y_dimensions = [6, 3, 8, 26, 4, 11, 2, 2, 11, 4, 6, 12, 3, 5, 3, 8, 4, 6, 4, 7, 9, 8, 7, 3, 2]
minimum_height = 127
----------
x_coordinates = [3, 11, 7, 4, 6, 13, 10, 5, 11, 9, 13, 11, 14, 0, 13, 2, 10, 14, 13, 5, 8, 6, 5, 13, 3]
y_coordinates = [112, 121, 103, 62, 120, 78, 93, 124, 67, 120, 89, 99, 64, 121, 64, 104, 95, 118, 120, 104, 58, 94, 111, 61, 118]
x_dimensions = [2, 2, 4, 4, 3, 2, 3, 10, 4, 2, 2, 4, 1, 5, 1, 3, 5, 1, 1, 2, 5, 4, 10, 2, 11]
y_dimensions = [6, 3, 8, 26, 4, 11, 2, 2, 11, 4, 6, 12, 3, 5, 3, 8, 4, 6, 4, 7, 9, 8, 7, 3, 2]
minimum_height = 126
----------
x_coordinates = [3, 12, 4, 7, 12, 9, 12, 0, 5, 2, 13, 8, 14, 10, 14, 1, 10, 3, 14, 0, 10, 1, 5, 13, 4]
y_coordinates = [97, 108, 103, 33, 102, 84, 87, 122, 88, 117, 89, 99, 69, 120, 99, 105, 95, 124, 107, 115, 75, 88, 111, 72, 118]
x_dimensions = [2, 2, 4, 4, 3, 2, 3, 10, 4, 2, 2, 4, 1, 5, 1, 3, 5, 6, 1, 2, 5, 4, 10, 2, 11]
y_dimensions = [6, 3, 8, 26, 4, 11, 2, 2, 11, 4, 6, 12, 3, 5, 3, 8, 4, 1, 4, 7, 9, 8, 7, 3, 2]
minimum_height = 125
----------
x_coordinates = [5, 10, 2, 1, 12, 9, 10, 5, 11, 13, 13, 11, 14, 10, 13, 3, 10, 14, 13, 13, 9, 6, 6, 13, 3]
y_coordinates = [83, 87, 106, 58, 84, 101, 67, 97, 73, 88, 63, 99, 59, 92, 60, 114, 69, 118, 118, 111, 51, 68, 112, 48, 122]
x_dimensions = [2, 2, 4, 4, 3, 2, 3, 10, 4, 2, 2, 4, 1, 5, 1, 3, 5, 1, 1, 2, 5, 4, 7, 2, 11]
y_dimensions = [6, 3, 8, 26, 4, 11, 2, 2, 11, 4, 6, 12, 3, 5, 3, 8, 4, 6, 4, 7, 9, 8, 10, 3, 2]
minimum_height = 124
----------
x_coordinates = [7, 13, 4, 7, 12, 13, 12, 0, 9, 7, 13, 0, 12, 10, 14, 5, 9, 2, 13, 3, 4, 3, 8, 2, 4]
y_coordinates = [98, 88, 104, 52, 96, 100, 72, 95, 100, 90, 74, 101, 79, 91, 83, 112, 84, 120, 80, 113, 78, 87, 111, 83, 121]
x_dimensions = [2, 2, 4, 4, 3, 2, 3, 10, 4, 2, 2, 4, 1, 5, 1, 3, 5, 6, 1, 2, 5, 4, 7, 2, 11]
y_dimensions = [6, 3, 8, 26, 4, 11, 2, 2, 11, 4, 6, 12, 3, 5, 3, 8, 4, 1, 4, 7, 9, 8, 10, 3, 2]
minimum_height = 123
----------
x_coordinates = [1, 7, 9, 0, 0, 3, 12, 3, 5, 11, 13, 8, 13, 9, 14, 1, 10, 13, 14, 2, 0, 5, 4, 13, 12]
y_coordinates = [99, 108, 114, 49, 109, 102, 74, 98, 111, 110, 116, 86, 113, 105, 113, 82, 100, 94, 104, 75, 113, 100, 76, 110, 83]
x_dimensions = [2, 2, 4, 4, 3, 2, 3, 10, 4, 2, 2, 4, 1, 5, 1, 3, 4, 1, 1, 2, 5, 4, 10, 2, 2]
y_dimensions = [6, 3, 8, 26, 4, 11, 2, 2, 11, 4, 6, 12, 3, 5, 3, 8, 5, 6, 4, 7, 9, 8, 7, 3, 11]
minimum_height = 122
----------
x_coordinates = [9, 8, 11, 0, 5, 3, 12, 5, 11, 13, 2, 0, 7, 8, 1, 7, 11, 4, 2, 0, 4, 11, 5, 13, 7]
y_coordinates = [98, 112, 90, 50, 113, 103, 75, 107, 79, 114, 115, 89, 118, 116, 116, 83, 109, 114, 108, 106, 91, 67, 100, 118, 72]
x_dimensions = [6, 2, 4, 4, 3, 2, 3, 10, 4, 2, 2, 4, 1, 5, 1, 3, 4, 1, 1, 2, 5, 4, 10, 2, 2]
y_dimensions = [2, 3, 8, 26, 4, 11, 2, 2, 11, 4, 6, 12, 3, 5, 3, 8, 5, 6, 4, 7, 9, 8, 7, 3, 11]
minimum_height = 121
----------
x_coordinates = [9, 12, 11, 7, 6, 3, 12, 5, 9, 1, 6, 0, 14, 10, 0, 8, 11, 0, 5, 13, 2, 11, 0, 1, 8]
y_coordinates = [112, 116, 82, 18, 114, 109, 75, 118, 90, 116, 108, 89, 79, 106, 115, 82, 111, 109, 110, 99, 80, 66, 101, 113, 71]
x_dimensions = [2, 3, 4, 4, 3, 2, 3, 10, 4, 2, 2, 4, 1, 5, 1, 3, 4, 1, 1, 2, 5, 4, 10, 2, 2]
y_dimensions = [6, 2, 8, 26, 4, 11, 2, 2, 11, 4, 6, 12, 3, 5, 3, 8, 5, 6, 4, 7, 9, 8, 7, 3, 11]
minimum_height = 120
----------
x_coordinates = [0, 12, 11, 7, 9, 5, 12, 7, 6, 3, 13, 1, 14, 9, 2, 1, 11, 2, 14, 3, 4, 11, 5, 9, 8]
y_coordinates = [113, 85, 77, 34, 86, 108, 99, 109, 90, 115, 89, 94, 85, 109, 116, 84, 114, 110, 110, 107, 66, 68, 101, 116, 75]
x_dimensions = [2, 2, 4, 4, 3, 2, 3, 2, 4, 2, 2, 4, 1, 5, 1, 3, 4, 1, 1, 2, 5, 4, 10, 2, 2]
y_dimensions = [6, 3, 8, 26, 4, 11, 2, 10, 11, 4, 6, 12, 3, 5, 3, 8, 5, 6, 4, 7, 9, 8, 7, 3, 11]
minimum_height = 119
----------
x_coordinates = [0, 10, 11, 7, 12, 9, 12, 8, 4, 10, 13, 1, 14, 10, 11, 1, 0, 14, 14, 2, 10, 11, 5, 9, 11]
y_coordinates = [106, 86, 75, 22, 84, 71, 73, 108, 107, 108, 92, 94, 88, 112, 83, 82, 113, 67, 108, 106, 48, 57, 100, 82, 89]
x_dimensions = [2, 2, 4, 4, 3, 2, 3, 2, 4, 2, 2, 4, 1, 5, 1, 3, 4, 1, 1, 2, 5, 4, 10, 2, 2]
y_dimensions = [6, 3, 8, 26, 4, 11, 2, 10, 11, 4, 6, 12, 3, 5, 3, 8, 5, 6, 4, 7, 9, 8, 7, 3, 11]
minimum_height = 118
----------
x_coordinates = [1, 10, 11, 4, 12, 12, 12, 9, 11, 13, 13, 10, 14, 0, 14, 5, 5, 0, 14, 2, 8, 11, 1, 7, 8]
y_coordinates = [108, 94, 50, 0, 91, 95, 66, 107, 106, 86, 80, 68, 99, 112, 96, 79, 112, 106, 46, 110, 80, 58, 100, 107, 89]
x_dimensions = [6, 2, 4, 4, 3, 2, 3, 2, 4, 2, 2, 4, 1, 5, 1, 3, 4, 1, 1, 7, 5, 4, 10, 2, 2]
y_dimensions = [2, 3, 8, 26, 4, 11, 2, 10, 11, 4, 6, 12, 3, 5, 3, 8, 5, 6, 4, 2, 9, 8, 7, 3, 11]
minimum_height = 117
----------
x_coordinates = [4, 10, 11, 0, 12, 13, 12, 9, 0, 11, 13, 1, 14, 10, 11, 5, 11, 9, 8, 6, 7, 4, 5, 10, 13]
y_coordinates = [110, 89, 54, 52, 86, 69, 62, 61, 105, 96, 80, 91, 108, 111, 85, 89, 64, 110, 110, 109, 76, 63, 101, 108, 90]
x_dimensions = [2, 2, 4, 4, 3, 2, 3, 2, 4, 2, 2, 4, 1, 5, 1, 3, 4, 1, 1, 2, 5, 4, 10, 2, 2]
y_dimensions = [6, 3, 8, 26, 4, 11, 2, 10, 11, 4, 6, 12, 3, 5, 3, 8, 5, 6, 4, 7, 9, 8, 7, 3, 11]
minimum_height = 116
----------
x_coordinates = [6, 13, 11, 5, 12, 9, 12, 12, 1, 13, 13, 1, 13, 10, 10, 6, 8, 12, 13, 13, 10, 11, 5, 12, 11]
y_coordinates = [108, 91, 45, 42, 86, 82, 66, 30, 104, 94, 77, 92, 98, 53, 97, 89, 110, 109, 40, 108, 68, 58, 101, 83, 90]
x_dimensions = [2, 2, 4, 4, 3, 2, 3, 2, 4, 2, 2, 4, 1, 5, 1, 3, 4, 1, 1, 2, 5, 4, 10, 2, 2]
y_dimensions = [6, 3, 8, 26, 4, 11, 2, 10, 11, 4, 6, 12, 3, 5, 3, 8, 5, 6, 4, 7, 9, 8, 7, 3, 11]
minimum_height = 115
----------
x_coordinates = [7, 12, 11, 3, 11, 10, 12, 12, 10, 13, 12, 7, 13, 10, 11, 4, 11, 13, 10, 8, 5, 7, 0, 13, 11]
y_coordinates = [112, 83, 35, 50, 86, 75, 90, 48, 64, 92, 77, 88, 101, 104, 90, 89, 43, 58, 100, 109, 79, 46, 102, 111, 93]
x_dimensions = [6, 2, 4, 4, 3, 2, 3, 2, 4, 2, 2, 4, 1, 5, 1, 3, 4, 1, 1, 7, 5, 4, 10, 2, 2]
y_dimensions = [2, 3, 8, 26, 4, 11, 2, 10, 11, 4, 6, 12, 3, 5, 3, 8, 5, 6, 4, 2, 9, 8, 7, 3, 11]
minimum_height = 114
----------
x_coordinates = [7, 13, 6, 6, 11, 11, 12, 12, 10, 5, 10, 7, 9, 10, 13, 4, 11, 14, 10, 8, 6, 2, 1, 13, 11]
y_coordinates = [109, 92, 58, 20, 104, 82, 80, 70, 59, 109, 75, 90, 78, 54, 101, 92, 48, 65, 50, 111, 81, 52, 102, 108, 93]
x_dimensions = [6, 2, 4, 4, 3, 2, 3, 2, 4, 2, 2, 4, 1, 5, 1, 3, 4, 1, 1, 7, 5, 4, 10, 2, 2]
y_dimensions = [2, 3, 8, 26, 4, 11, 2, 10, 11, 4, 6, 12, 3, 5, 3, 8, 5, 6, 4, 2, 9, 8, 7, 3, 11]
minimum_height = 113
----------
x_coordinates = [7, 11, 2, 6, 2, 13, 12, 13, 6, 11, 1, 7, 14, 10, 13, 11, 11, 12, 12, 0, 6, 7, 3, 12, 13]
y_coordinates = [110, 100, 78, 4, 89, 90, 53, 69, 68, 96, 99, 89, 87, 64, 61, 82, 55, 73, 60, 110, 80, 54, 103, 79, 101]
x_dimensions = [6, 2, 4, 4, 3, 2, 3, 2, 4, 2, 2, 4, 1, 5, 1, 3, 4, 1, 1, 7, 5, 4, 10, 2, 2]
y_dimensions = [2, 3, 8, 26, 4, 11, 2, 10, 11, 4, 6, 12, 3, 5, 3, 8, 5, 6, 4, 2, 9, 8, 7, 3, 11]
minimum_height = 112
----------
x_coordinates = [9, 0, 0, 3, 0, 13, 12, 13, 4, 13, 12, 8, 14, 8, 13, 1, 11, 12, 12, 12, 7, 7, 3, 12, 2]
y_coordinates = [56, 103, 79, 34, 107, 100, 58, 70, 70, 87, 94, 90, 97, 69, 67, 93, 60, 74, 65, 80, 81, 58, 104, 91, 102]
x_dimensions = [6, 2, 4, 4, 3, 2, 3, 2, 4, 2, 2, 4, 1, 5, 1, 3, 4, 1, 1, 2, 5, 4, 10, 2, 11]
y_dimensions = [2, 3, 8, 26, 4, 11, 2, 10, 11, 4, 6, 12, 3, 5, 3, 8, 5, 6, 4, 7, 9, 8, 7, 3, 2]
minimum_height = 111
----------
x_coordinates = [7, 11, 0, 0, 6, 13, 12, 13, 6, 5, 0, 9, 14, 1, 13, 2, 8, 12, 5, 11, 4, 0, 4, 0, 2]
y_coordinates = [103, 107, 86, 41, 97, 99, 72, 79, 77, 101, 104, 91, 96, 76, 96, 97, 72, 74, 72, 80, 88, 67, 65, 101, 105]
x_dimensions = [6, 2, 4, 4, 3, 2, 3, 2, 4, 2, 2, 4, 1, 5, 1, 3, 4, 1, 1, 2, 5, 4, 10, 2, 11]
y_dimensions = [2, 3, 8, 26, 4, 11, 2, 10, 11, 4, 6, 12, 3, 5, 3, 8, 5, 6, 4, 7, 9, 8, 7, 3, 2]
minimum_height = 110
----------
x_coordinates = [9, 0, 5, 7, 11, 13, 12, 0, 7, 3, 4, 0, 14, 2, 13, 5, 11, 6, 5, 13, 8, 11, 4, 1, 2]
y_coordinates = [79, 106, 81, 41, 94, 98, 67, 81, 87, 103, 93, 91, 95, 85, 69, 99, 89, 90, 66, 82, 98, 59, 72, 103, 107]
x_dimensions = [6, 2, 8, 4, 3, 2, 3, 2, 4, 2, 2, 4, 1, 5, 1, 3, 4, 1, 1, 2, 5, 4, 10, 2, 11]
y_dimensions = [2, 3, 4, 26, 4, 11, 2, 10, 11, 4, 6, 12, 3, 5, 3, 8, 5, 6, 4, 7, 9, 8, 7, 3, 2]
minimum_height = 109
----------
x_coordinates = [9, 3, 3, 7, 7, 5, 12, 1, 11, 3, 8, 8, 14, 4, 13, 0, 9, 7, 8, 13, 10, 4, 4, 1, 4]
y_coordinates = [67, 101, 91, 8, 102, 95, 74, 87, 86, 97, 96, 69, 76, 85, 76, 100, 81, 96, 56, 79, 97, 75, 60, 97, 106]
x_dimensions = [6, 2, 8, 4, 3, 2, 3, 2, 4, 2, 2, 4, 1, 5, 1, 3, 4, 1, 1, 2, 5, 4, 10, 2, 11]
y_dimensions = [2, 3, 4, 26, 4, 11, 2, 10, 11, 4, 6, 12, 3, 5, 3, 8, 5, 6, 4, 7, 9, 8, 7, 3, 2]
minimum_height = 108
----------
x_coordinates = [9, 9, 7, 4, 11, 13, 6, 5, 9, 11, 9, 2, 14, 10, 13, 6, 11, 4, 14, 13, 8, 0, 3, 11, 3]
y_coordinates = [67, 104, 82, 25, 104, 93, 88, 78, 86, 97, 98, 95, 69, 72, 88, 99, 77, 76, 56, 60, 50, 81, 59, 101, 70]
x_dimensions = [6, 2, 8, 4, 4, 2, 3, 2, 4, 2, 2, 4, 1, 5, 1, 3, 4, 1, 1, 2, 5, 4, 10, 2, 11]
y_dimensions = [2, 3, 4, 26, 3, 11, 2, 10, 11, 4, 6, 12, 3, 5, 3, 8, 5, 6, 4, 7, 9, 8, 7, 3, 2]
minimum_height = 107
----------
x_coordinates = [9, 9, 5, 1, 8, 13, 12, 0, 10, 11, 12, 2, 7, 5, 13, 6, 9, 4, 14, 1, 10, 0, 0, 10, 4]
y_coordinates = [72, 97, 90, 45, 103, 88, 70, 93, 59, 95, 99, 94, 103, 67, 85, 95, 85, 88, 102, 71, 76, 85, 78, 100, 74]
x_dimensions = [6, 2, 8, 4, 4, 2, 3, 2, 4, 2, 2, 4, 1, 5, 1, 3, 4, 1, 1, 2, 5, 4, 10, 2, 11]
y_dimensions = [2, 3, 4, 26, 3, 11, 2, 10, 11, 4, 6, 12, 3, 5, 3, 8, 5, 6, 4, 7, 9, 8, 7, 3, 2]
minimum_height = 106
----------
x_coordinates = [0, 11, 8, 3, 9, 12, 12, 1, 2, 13, 13, 10, 1, 6, 14, 12, 11, 12, 1, 12, 1, 8, 2, 0, 1]
y_coordinates = [99, 97, 48, 48, 102, 68, 41, 55, 93, 94, 98, 56, 91, 97, 78, 86, 43, 50, 85, 79, 74, 75, 85, 96, 83]
x_dimensions = [2, 2, 4, 4, 4, 2, 3, 2, 4, 2, 2, 4, 1, 5, 1, 3, 4, 1, 1, 2, 5, 4, 10, 2, 11]
y_dimensions = [6, 3, 8, 26, 3, 11, 2, 10, 11, 4, 6, 12, 3, 5, 3, 8, 5, 6, 4, 7, 9, 8, 7, 3, 2]
minimum_height = 105
----------
x_coordinates = [1, 12, 7, 0, 12, 13, 12, 12, 8, 6, 11, 3, 14, 3, 6, 0, 11, 13, 14, 13, 7, 3, 3, 12, 2]
y_coordinates = [92, 101, 56, 31, 97, 66, 53, 84, 93, 95, 69, 59, 93, 99, 54, 96, 55, 60, 89, 77, 84, 84, 75, 94, 82]
x_dimensions = [6, 2, 4, 4, 3, 2, 3, 2, 4, 2, 2, 4, 1, 5, 1, 3, 4, 1, 1, 2, 5, 4, 10, 2, 11]
y_dimensions = [2, 3, 8, 26, 4, 11, 2, 10, 11, 4, 6, 12, 3, 5, 3, 8, 5, 6, 4, 7, 9, 8, 7, 3, 2]
minimum_height = 104
----------
x_coordinates = [1, 13, 7, 6, 12, 0, 12, 13, 9, 1, 1, 3, 8, 3, 12, 0, 11, 14, 14, 0, 7, 11, 4, 13, 2]
y_coordinates = [91, 97, 62, 20, 59, 70, 85, 87, 92, 94, 101, 61, 96, 93, 89, 98, 71, 79, 55, 82, 83, 63, 76, 100, 80]
x_dimensions = [6, 2, 4, 4, 3, 2, 3, 2, 4, 2, 6, 4, 1, 5, 1, 8, 4, 1, 1, 2, 5, 4, 10, 2, 2]
y_dimensions = [2, 3, 8, 26, 4, 11, 2, 10, 11, 4, 2, 12, 3, 5, 3, 3, 5, 6, 4, 7, 9, 8, 7, 3, 11]
minimum_height = 103
----------
x_coordinates = [5, 13, 3, 7, 11, 12, 12, 13, 11, 7, 2, 1, 12, 8, 13, 0, 11, 14, 10, 0, 2, 7, 3, 13, 1]
y_coordinates = [71, 99, 73, 16, 77, 50, 48, 87, 61, 89, 100, 60, 92, 97, 45, 97, 72, 78, 89, 83, 88, 73, 81, 84, 72]
x_dimensions = [6, 2, 4, 4, 3, 2, 3, 2, 4, 2, 6, 4, 1, 5, 1, 8, 4, 1, 1, 2, 5, 4, 10, 2, 2]
y_dimensions = [2, 3, 8, 26, 4, 11, 2, 10, 11, 4, 2, 12, 3, 5, 3, 3, 5, 6, 4, 7, 9, 8, 7, 3, 11]
minimum_height = 102
----------
x_coordinates = [9, 10, 0, 7, 12, 12, 12, 13, 0, 9, 11, 4, 12, 9, 14, 2, 2, 8, 14, 13, 9, 9, 3, 4, 6]
y_coordinates = [84, 98, 79, 12, 86, 56, 54, 90, 87, 94, 92, 85, 100, 49, 81, 98, 74, 83, 69, 73, 40, 76, 67, 82, 74]
x_dimensions = [6, 2, 4, 4, 3, 2, 3, 2, 4, 2, 2, 4, 3, 5, 1, 8, 4, 1, 1, 2, 5, 4, 10, 2, 2]
y_dimensions = [2, 3, 8, 26, 4, 11, 2, 10, 11, 4, 6, 12, 1, 5, 3, 3, 5, 6, 4, 7, 9, 8, 7, 3, 11]
minimum_height = 101
----------
x_coordinates = [12, 13, 4, 3, 10, 12, 12, 8, 3, 2, 10, 0, 1, 10, 14, 3, 5, 5, 0, 13, 7, 1, 6, 10, 13]
y_coordinates = [94, 70, 92, 31, 90, 59, 52, 90, 58, 96, 72, 83, 97, 54, 84, 69, 72, 82, 95, 87, 45, 75, 80, 97, 73]
x_dimensions = [2, 2, 4, 4, 3, 2, 3, 2, 4, 2, 2, 4, 1, 5, 1, 8, 4, 1, 1, 2, 5, 4, 7, 2, 2]
y_dimensions = [6, 3, 8, 26, 4, 11, 2, 10, 11, 4, 6, 12, 3, 5, 3, 3, 5, 6, 4, 7, 9, 8, 10, 3, 11]
minimum_height = 100
----------
x_coordinates = [11, 12, 5, 7, 10, 12, 12, 13, 0, 13, 0, 2, 12, 10, 14, 4, 6, 12, 14, 0, 9, 2, 6, 12, 13]
y_coordinates = [93, 68, 91, 42, 89, 52, 63, 82, 59, 95, 70, 71, 86, 37, 51, 68, 86, 46, 67, 85, 28, 83, 76, 65, 71]
x_dimensions = [2, 2, 4, 4, 3, 2, 3, 2, 4, 2, 2, 4, 1, 5, 1, 8, 4, 1, 1, 2, 5, 4, 7, 3, 2]
y_dimensions = [6, 3, 8, 26, 4, 11, 2, 10, 11, 4, 6, 12, 3, 5, 3, 3, 5, 6, 4, 7, 9, 8, 10, 2, 11]
minimum_height = 99
----------
x_coordinates = [13, 12, 8, 7, 12, 12, 12, 13, 0, 13, 1, 11, 14, 9, 14, 4, 11, 13, 14, 4, 5, 11, 6, 11, 13]
y_coordinates = [92, 74, 87, 43, 88, 9, 42, 32, 65, 28, 76, 49, 73, 69, 25, 74, 44, 20, 19, 86, 34, 61, 77, 26, 77]
x_dimensions = [2, 2, 4, 4, 3, 2, 3, 2, 4, 2, 2, 4, 1, 5, 1, 8, 4, 1, 1, 2, 5, 4, 7, 3, 2]
y_dimensions = [6, 3, 8, 26, 4, 11, 2, 10, 11, 4, 6, 12, 3, 5, 3, 3, 5, 6, 4, 7, 9, 8, 10, 2, 11]
minimum_height = 98
----------
x_coordinates = [12, 11, 8, 3, 12, 12, 1, 13, 0, 13, 2, 7, 14, 10, 14, 4, 11, 13, 13, 4, 6, 11, 6, 11, 13]
y_coordinates = [91, 73, 89, 39, 87, 43, 63, 54, 86, 72, 73, 53, 94, 38, 35, 86, 21, 30, 26, 73, 65, 64, 76, 36, 76]
x_dimensions = [2, 2, 4, 4, 3, 2, 2, 2, 4, 2, 2, 4, 1, 5, 1, 8, 4, 1, 1, 2, 5, 4, 7, 3, 2]
y_dimensions = [6, 3, 8, 26, 4, 11, 3, 10, 11, 4, 6, 12, 3, 5, 3, 3, 5, 6, 4, 7, 9, 8, 10, 2, 11]
minimum_height = 97
----------
x_coordinates = [12, 12, 8, 0, 12, 12, 9, 13, 1, 11, 4, 5, 13, 10, 14, 7, 6, 13, 13, 6, 1, 9, 6, 11, 13]
y_coordinates = [52, 89, 88, 39, 92, 33, 75, 68, 65, 74, 58, 66, 30, 58, 49, 63, 57, 44, 26, 88, 87, 66, 78, 50, 78]
x_dimensions = [2, 2, 4, 4, 3, 2, 2, 2, 4, 2, 2, 4, 1, 5, 1, 8, 4, 1, 1, 2, 5, 4, 7, 3, 2]
y_dimensions = [6, 3, 8, 26, 4, 11, 3, 10, 11, 4, 6, 12, 3, 5, 3, 3, 5, 6, 4, 7, 9, 8, 10, 2, 11]
minimum_height = 96
----------
x_coordinates = [9, 6, 10, 1, 5, 12, 7, 0, 2, 9, 6, 11, 14, 10, 14, 8, 6, 7, 10, 6, 0, 5, 8, 12, 13]
y_coordinates = [75, 92, 54, 46, 52, 28, 64, 84, 84, 81, 69, 73, 53, 62, 37, 67, 59, 38, 50, 83, 75, 75, 85, 40, 42]
x_dimensions = [2, 2, 4, 4, 3, 2, 2, 2, 4, 2, 2, 4, 1, 5, 1, 3, 4, 1, 1, 2, 5, 4, 7, 3, 2]
y_dimensions = [6, 3, 8, 26, 4, 11, 3, 10, 11, 4, 6, 12, 3, 5, 3, 8, 5, 6, 4, 7, 9, 8, 10, 2, 11]
minimum_height = 95
----------
x_coordinates = [8, 12, 11, 5, 12, 12, 12, 0, 11, 9, 13, 2, 14, 9, 14, 10, 11, 14, 14, 10, 3, 7, 0, 12, 1]
y_coordinates = [72, 46, 54, 39, 90, 29, 86, 77, 75, 61, 69, 74, 48, 49, 37, 67, 62, 42, 86, 86, 65, 78, 87, 40, 61]
x_dimensions = [2, 2, 4, 4, 3, 2, 2, 2, 4, 2, 2, 4, 1, 5, 1, 3, 4, 1, 1, 2, 5, 4, 10, 3, 2]
y_dimensions = [6, 3, 8, 26, 4, 11, 3, 10, 11, 4, 6, 12, 3, 5, 3, 8, 5, 6, 4, 7, 9, 8, 7, 2, 11]
minimum_height = 94
----------
x_coordinates = [9, 13, 3, 7, 0, 12, 12, 5, 1, 10, 5, 7, 14, 10, 14, 10, 8, 7, 14, 13, 9, 11, 0, 12, 12]
y_coordinates = [79, 83, 62, 13, 60, 48, 72, 76, 75, 58, 70, 67, 61, 43, 56, 85, 62, 58, 69, 86, 1, 75, 86, 59, 61]
x_dimensions = [2, 2, 4, 4, 3, 2, 2, 2, 4, 2, 2, 4, 1, 5, 1, 3, 4, 1, 1, 2, 5, 4, 10, 3, 2]
y_dimensions = [6, 3, 8, 26, 4, 11, 3, 10, 11, 4, 6, 12, 3, 5, 3, 8, 5, 6, 4, 7, 9, 8, 7, 2, 11]
minimum_height = 93
----------
x_coordinates = [12, 0, 0, 7, 6, 13, 10, 11, 2, 12, 4, 8, 13, 10, 14, 12, 3, 14, 14, 10, 2, 6, 7, 12, 6]
y_coordinates = [86, 80, 72, 42, 88, 56, 80, 58, 81, 82, 75, 68, 67, 37, 32, 74, 55, 86, 82, 85, 60, 80, 25, 35, 69]
x_dimensions = [2, 2, 4, 4, 3, 2, 2, 2, 4, 2, 2, 4, 1, 5, 1, 3, 4, 1, 1, 2, 5, 4, 7, 3, 2]
y_dimensions = [6, 3, 8, 26, 4, 11, 3, 10, 11, 4, 6, 12, 3, 5, 3, 8, 5, 6, 4, 7, 9, 8, 10, 2, 11]
minimum_height = 92
----------
x_coordinates = [2, 5, 11, 7, 4, 13, 8, 10, 9, 4, 9, 10, 14, 9, 14, 12, 5, 14, 14, 8, 1, 6, 8, 12, 13]
y_coordinates = [88, 28, 59, 40, 38, 48, 86, 79, 29, 84, 23, 67, 9, 8, 0, 81, 66, 3, 77, 89, 75, 78, 13, 41, 28]
x_dimensions = [6, 2, 4, 4, 3, 2, 2, 2, 4, 2, 2, 4, 1, 5, 1, 3, 4, 1, 1, 7, 5, 4, 7, 3, 2]
y_dimensions = [2, 3, 8, 26, 4, 11, 3, 10, 11, 4, 6, 12, 3, 5, 3, 8, 5, 6, 4, 2, 9, 8, 10, 2, 11]
minimum_height = 91
----------
x_coordinates = [9, 0, 9, 7, 1, 13, 7, 12, 2, 13, 7, 9, 14, 9, 14, 12, 5, 3, 14, 0, 2, 6, 8, 12, 12]
y_coordinates = [88, 84, 32, 41, 40, 29, 87, 58, 66, 84, 81, 76, 16, 14, 13, 68, 36, 14, 76, 87, 78, 67, 19, 56, 40]
x_dimensions = [6, 2, 4, 4, 3, 2, 2, 2, 4, 2, 2, 4, 1, 5, 1, 3, 4, 1, 1, 7, 5, 4, 7, 3, 2]
y_dimensions = [2, 3, 8, 26, 4, 11, 3, 10, 11, 4, 6, 12, 3, 5, 3, 8, 5, 6, 4, 2, 9, 8, 10, 2, 11]
minimum_height = 90
----------
x_coordinates = [13, 12, 2, 7, 9, 10, 11, 12, 0, 11, 12, 10, 14, 10, 14, 12, 11, 9, 14, 4, 9, 6, 8, 12, 12]
y_coordinates = [82, 52, 68, 43, 26, 15, 82, 55, 83, 85, 27, 70, 19, 10, 16, 44, 65, 14, 75, 87, 33, 75, 0, 42, 16]
x_dimensions = [2, 2, 4, 4, 3, 2, 2, 2, 11, 2, 2, 4, 1, 5, 1, 3, 4, 1, 1, 7, 5, 4, 7, 3, 2]
y_dimensions = [6, 3, 8, 26, 4, 11, 3, 10, 4, 4, 6, 12, 3, 5, 3, 8, 5, 6, 4, 2, 9, 8, 10, 2, 11]
minimum_height = 89
----------
x_coordinates = [12, 12, 2, 7, 2, 13, 11, 12, 0, 13, 11, 10, 14, 9, 14, 12, 6, 4, 14, 4, 2, 6, 7, 12, 5]
y_coordinates = [40, 46, 73, 41, 56, 27, 85, 49, 82, 84, 79, 67, 21, 22, 18, 59, 69, 20, 80, 86, 60, 74, 12, 38, 49]
x_dimensions = [2, 2, 4, 4, 3, 2, 2, 2, 11, 2, 2, 4, 1, 5, 1, 3, 4, 1, 1, 7, 5, 4, 7, 3, 2]
y_dimensions = [6, 3, 8, 26, 4, 11, 3, 10, 4, 4, 6, 12, 3, 5, 3, 8, 5, 6, 4, 2, 9, 8, 10, 2, 11]
minimum_height = 88
----------
x_coordinates = [13, 0, 8, 7, 2, 12, 12, 5, 7, 13, 1, 11, 8, 10, 14, 11, 9, 8, 14, 12, 0, 3, 8, 11, 7]
y_coordinates = [64, 63, 31, 39, 62, 43, 40, 62, 65, 83, 81, 70, 18, 16, 13, 56, 82, 12, 38, 33, 66, 75, 21, 54, 76]
x_dimensions = [2, 2, 4, 4, 3, 2, 2, 2, 4, 2, 2, 4, 1, 5, 1, 3, 4, 1, 1, 2, 5, 4, 7, 3, 2]
y_dimensions = [6, 3, 8, 26, 4, 11, 3, 10, 11, 4, 6, 12, 3, 5, 3, 8, 5, 6, 4, 7, 9, 8, 10, 2, 11]
minimum_height = 87
----------
x_coordinates = [9, 5, 4, 7, 12, 12, 9, 4, 0, 0, 3, 11, 14, 10, 5, 10, 0, 14, 14, 13, 4, 0, 7, 11, 8]
y_coordinates = [77, 56, 69, 40, 57, 46, 83, 59, 60, 84, 53, 74, 32, 35, 39, 66, 71, 41, 61, 65, 77, 76, 25, 41, 66]
x_dimensions = [2, 2, 4, 4, 3, 2, 2, 2, 4, 4, 2, 4, 1, 5, 1, 3, 4, 1, 1, 2, 5, 4, 7, 3, 2]
y_dimensions = [6, 3, 8, 26, 4, 11, 3, 10, 11, 2, 6, 12, 3, 5, 3, 8, 5, 6, 4, 7, 9, 8, 10, 2, 11]
minimum_height = 86
----------
x_coordinates = [4, 12, 11, 7, 11, 12, 3, 13, 9, 1, 6, 0, 7, 10, 14, 11, 8, 8, 14, 3, 2, 5, 7, 11, 13]
y_coordinates = [71, 49, 41, 41, 52, 23, 51, 75, 74, 83, 71, 71, 35, 36, 33, 56, 70, 35, 53, 55, 62, 77, 13, 34, 64]
x_dimensions = [2, 2, 4, 4, 3, 2, 2, 2, 4, 4, 2, 4, 1, 5, 1, 3, 5, 1, 1, 2, 5, 4, 7, 3, 2]
y_dimensions = [6, 3, 8, 26, 4, 11, 3, 10, 11, 2, 6, 12, 3, 5, 3, 8, 4, 6, 4, 7, 9, 8, 10, 2, 11]
minimum_height = 85
----------
x_coordinates = [8, 13, 4, 7, 12, 12, 13, 13, 10, 11, 12, 0, 14, 2, 6, 12, 8, 1, 14, 11, 2, 4, 7, 12, 10]
y_coordinates = [73, 62, 68, 41, 50, 20, 47, 65, 9, 45, 55, 72, 40, 42, 39, 75, 79, 40, 58, 61, 59, 76, 31, 43, 68]
x_dimensions = [2, 2, 4, 4, 3, 2, 2, 2, 4, 2, 2, 4, 1, 5, 1, 3, 4, 1, 1, 2, 5, 4, 7, 3, 2]
y_dimensions = [6, 3, 8, 26, 4, 11, 3, 10, 11, 4, 6, 12, 3, 5, 3, 8, 5, 6, 4, 7, 9, 8, 10, 2, 11]
minimum_height = 84
----------
x_coordinates = [13, 13, 10, 7, 11, 12, 11, 0, 10, 0, 7, 2, 11, 2, 7, 12, 6, 14, 14, 12, 1, 7, 8, 13, 11]
y_coordinates = [77, 74, 21, 40, 17, 44, 39, 71, 6, 41, 16, 71, 42, 38, 37, 64, 71, 44, 60, 57, 62, 75, 29, 41, 72]
x_dimensions = [2, 2, 4, 4, 3, 2, 2, 2, 4, 2, 2, 4, 1, 5, 1, 3, 5, 1, 1, 2, 5, 4, 7, 2, 2]
y_dimensions = [6, 3, 8, 26, 4, 11, 3, 10, 11, 4, 6, 12, 3, 5, 3, 8, 4, 6, 4, 7, 9, 8, 10, 3, 11]
minimum_height = 83
----------
x_coordinates = [13, 13, 10, 7, 12, 12, 11, 13, 10, 13, 13, 2, 12, 2, 7, 10, 6, 14, 14, 7, 6, 6, 8, 13, 11]
y_coordinates = [76, 6, 20, 40, 62, 50, 40, 66, 9, 38, 0, 70, 43, 39, 37, 1, 75, 45, 14, 8, 66, 19, 28, 42, 71]
x_dimensions = [2, 2, 4, 4, 3, 2, 2, 2, 4, 2, 2, 4, 1, 5, 1, 3, 5, 1, 1, 2, 5, 4, 7, 2, 2]
y_dimensions = [6, 3, 8, 26, 4, 11, 3, 10, 11, 4, 6, 12, 3, 5, 3, 8, 4, 6, 4, 7, 9, 8, 10, 3, 11]
minimum_height = 82
----------
x_coordinates = [2, 0, 10, 7, 12, 2, 2, 3, 11, 0, 10, 11, 2, 3, 4, 0, 8, 14, 14, 11, 6, 6, 8, 12, 13]
y_coordinates = [79, 78, 21, 39, 5, 44, 40, 69, 53, 38, 3, 9, 37, 33, 38, 70, 77, 39, 66, 64, 68, 20, 29, 41, 70]
x_dimensions = [6, 2, 4, 4, 3, 2, 2, 2, 4, 2, 2, 4, 1, 5, 1, 3, 5, 1, 1, 2, 5, 4, 7, 2, 2]
y_dimensions = [2, 3, 8, 26, 4, 11, 3, 10, 11, 4, 6, 12, 3, 5, 3, 8, 4, 6, 4, 7, 9, 8, 10, 3, 11]
minimum_height = 81
----------
x_coordinates = [5, 5, 10, 7, 12, 5, 11, 6, 8, 5, 12, 11, 1, 9, 14, 8, 8, 12, 14, 13, 1, 5, 2, 13, 11]
y_coordinates = [78, 54, 26, 39, 4, 57, 40, 68, 3, 40, 8, 14, 38, 34, 38, 70, 65, 43, 76, 64, 68, 21, 29, 42, 69]
x_dimensions = [6, 2, 4, 4, 3, 2, 2, 2, 4, 2, 2, 4, 1, 5, 1, 3, 5, 1, 1, 2, 5, 4, 7, 2, 2]
y_dimensions = [2, 3, 8, 26, 4, 11, 3, 10, 11, 4, 6, 12, 3, 5, 3, 8, 4, 6, 4, 7, 9, 8, 10, 3, 11]
minimum_height = 80
----------
x_coordinates = [9, 8, 10, 0, 12, 1, 1, 7, 3, 13, 1, 11, 14, 9, 0, 12, 10, 3, 14, 4, 3, 7, 6, 0, 0]
y_coordinates = [64, 67, 39, 26, 22, 77, 55, 57, 59, 52, 66, 27, 56, 57, 55, 71, 66, 53, 48, 51, 70, 25, 47, 52, 75]
x_dimensions = [6, 2, 4, 4, 3, 11, 2, 2, 4, 2, 2, 4, 1, 5, 1, 3, 5, 1, 1, 2, 9, 4, 7, 2, 11]
y_dimensions = [2, 3, 8, 26, 4, 2, 3, 10, 11, 4, 6, 12, 3, 5, 3, 8, 4, 6, 4, 7, 5, 8, 10, 3, 2]
minimum_height = 79
----------
x_coordinates = [9, 13, 10, 7, 12, 0, 1, 10, 5, 13, 2, 11, 14, 9, 2, 12, 11, 0, 14, 10, 2, 6, 3, 10, 2]
y_coordinates = [49, 75, 31, 5, 15, 69, 61, 39, 46, 58, 45, 19, 55, 51, 55, 62, 70, 57, 45, 56, 71, 38, 57, 63, 76]
x_dimensions = [6, 2, 4, 4, 3, 11, 2, 2, 4, 2, 2, 4, 1, 5, 1, 3, 4, 1, 1, 2, 9, 4, 7, 2, 11]
y_dimensions = [2, 3, 8, 26, 4, 2, 3, 10, 11, 4, 6, 12, 3, 5, 3, 8, 5, 6, 4, 7, 5, 8, 10, 3, 2]
minimum_height = 78
----------
x_coordinates = [7, 7, 11, 1, 11, 4, 4, 12, 3, 13, 6, 11, 14, 0, 0, 1, 10, 0, 14, 12, 6, 2, 5, 10, 13]
y_coordinates = [51, 67, 33, 37, 7, 70, 74, 23, 18, 55, 32, 11, 52, 64, 54, 69, 66, 58, 62, 59, 72, 29, 56, 54, 41]
x_dimensions = [6, 2, 4, 4, 3, 11, 2, 2, 4, 2, 2, 4, 1, 5, 1, 3, 5, 1, 1, 2, 9, 4, 7, 3, 2]
y_dimensions = [2, 3, 8, 26, 4, 2, 3, 10, 11, 4, 6, 12, 3, 5, 3, 8, 4, 6, 4, 7, 5, 8, 10, 2, 11]
minimum_height = 77
----------
x_coordinates = [5, 4, 11, 7, 12, 13, 13, 5, 6, 2, 6, 11, 14, 3, 10, 3, 10, 6, 14, 0, 1, 9, 8, 0, 11]
y_coordinates = [12, 60, 50, 35, 46, 65, 58, 45, 62, 60, 29, 34, 13, 15, 70, 73, 61, 56, 9, 57, 64, 26, 16, 74, 65]
x_dimensions = [6, 2, 4, 4, 3, 2, 2, 2, 4, 2, 2, 4, 1, 5, 1, 8, 5, 1, 1, 2, 5, 4, 7, 3, 2]
y_dimensions = [2, 3, 8, 26, 4, 11, 3, 10, 11, 4, 6, 12, 3, 5, 3, 3, 4, 6, 4, 7, 9, 8, 10, 2, 11]
minimum_height = 76
----------
x_coordinates = [6, 0, 11, 7, 11, 1, 12, 5, 7, 0, 6, 11, 14, 3, 14, 6, 2, 14, 14, 7, 2, 11, 8, 12, 13]
y_coordinates = [33, 65, 51, 35, 63, 31, 59, 50, 63, 60, 19, 39, 10, 12, 25, 25, 62, 61, 5, 61, 66, 67, 13, 23, 28]
x_dimensions = [6, 2, 4, 4, 3, 11, 3, 2, 4, 2, 2, 4, 1, 5, 1, 8, 5, 1, 1, 7, 5, 4, 7, 3, 2]
y_dimensions = [2, 3, 8, 26, 4, 2, 2, 10, 11, 4, 6, 12, 3, 5, 3, 3, 4, 6, 4, 2, 9, 8, 10, 2, 11]
minimum_height = 75
----------
x_coordinates = [3, 11, 11, 7, 12, 5, 12, 2, 8, 10, 11, 0, 2, 3, 3, 4, 5, 7, 14, 1, 4, 1, 8, 12, 13]
y_coordinates = [11, 60, 49, 36, 70, 61, 68, 42, 63, 21, 42, 52, 24, 26, 22, 51, 22, 66, 39, 72, 13, 64, 26, 21, 57]
x_dimensions = [6, 2, 4, 4, 3, 2, 3, 2, 4, 2, 2, 4, 1, 5, 1, 3, 5, 1, 1, 7, 5, 4, 7, 3, 2]
y_dimensions = [2, 3, 8, 26, 4, 11, 2, 10, 11, 4, 6, 12, 3, 5, 3, 8, 4, 6, 4, 2, 9, 8, 10, 2, 11]
minimum_height = 74
----------
x_coordinates = [6, 13, 11, 7, 6, 11, 13, 0, 0, 8, 10, 0, 14, 10, 4, 7, 5, 6, 14, 9, 2, 11, 0, 13, 4]
y_coordinates = [21, 70, 46, 35, 65, 62, 67, 47, 69, 31, 15, 57, 34, 23, 27, 28, 24, 59, 63, 61, 48, 54, 30, 31, 58]
x_dimensions = [6, 2, 4, 4, 3, 2, 2, 2, 11, 2, 2, 4, 1, 5, 1, 8, 5, 1, 1, 2, 5, 4, 7, 2, 2]
y_dimensions = [2, 3, 8, 26, 4, 11, 3, 10, 4, 4, 6, 12, 3, 5, 3, 3, 4, 6, 4, 7, 9, 8, 10, 3, 11]
minimum_height = 73
----------
x_coordinates = [9, 12, 11, 7, 1, 13, 13, 0, 9, 9, 13, 5, 14, 8, 6, 7, 11, 10, 14, 11, 4, 1, 2, 2, 9]
y_coordinates = [46, 22, 25, 6, 60, 61, 58, 41, 48, 41, 49, 60, 55, 33, 37, 38, 41, 0, 5, 63, 41, 64, 50, 39, 59]
x_dimensions = [6, 2, 4, 4, 3, 2, 2, 2, 4, 2, 2, 4, 1, 5, 1, 8, 4, 1, 1, 2, 5, 4, 7, 2, 2]
y_dimensions = [2, 3, 8, 26, 4, 11, 3, 10, 11, 4, 6, 12, 3, 5, 3, 3, 5, 6, 4, 7, 9, 8, 10, 3, 11]
minimum_height = 72
----------
x_coordinates = [3, 12, 11, 7, 12, 1, 13, 9, 11, 11, 6, 11, 14, 3, 3, 8, 4, 8, 14, 12, 6, 7, 8, 1, 1]
y_coordinates = [52, 23, 26, 8, 62, 62, 20, 52, 51, 45, 55, 7, 45, 47, 43, 44, 42, 56, 0, 0, 66, 0, 34, 43, 64]
x_dimensions = [6, 2, 4, 4, 3, 11, 2, 2, 4, 2, 2, 4, 1, 5, 1, 3, 4, 1, 1, 2, 9, 4, 7, 2, 11]
y_dimensions = [2, 3, 8, 26, 4, 2, 3, 10, 11, 4, 6, 12, 3, 5, 3, 8, 5, 6, 4, 7, 5, 8, 10, 3, 2]
minimum_height = 71
----------
x_coordinates = [6, 12, 11, 7, 0, 3, 3, 1, 3, 1, 2, 1, 0, 10, 13, 2, 11, 6, 14, 5, 3, 7, 8, 2, 3]
y_coordinates = [20, 45, 36, 22, 52, 62, 50, 60, 66, 56, 29, 38, 59, 15, 12, 19, 31, 35, 44, 46, 53, 48, 52, 35, 64]
x_dimensions = [6, 2, 4, 4, 3, 11, 2, 2, 11, 2, 2, 4, 1, 5, 1, 3, 4, 1, 1, 2, 5, 8, 7, 2, 11]
y_dimensions = [2, 3, 8, 26, 4, 2, 3, 10, 4, 4, 6, 12, 3, 5, 3, 8, 5, 6, 4, 7, 9, 4, 10, 3, 2]
minimum_height = 70
----------
x_coordinates = [7, 12, 11, 7, 11, 13, 12, 2, 11, 1, 1, 3, 0, 0, 2, 4, 9, 12, 14, 12, 0, 3, 5, 5, 13]
y_coordinates = [26, 48, 10, 33, 18, 58, 46, 22, 34, 56, 47, 47, 57, 34, 31, 24, 28, 58, 54, 51, 60, 39, 59, 32, 23]
x_dimensions = [6, 2, 4, 4, 3, 2, 3, 10, 4, 2, 2, 4, 1, 5, 1, 3, 4, 1, 1, 2, 5, 4, 7, 2, 2]
y_dimensions = [2, 3, 8, 26, 4, 11, 2, 2, 11, 4, 6, 12, 3, 5, 3, 8, 5, 6, 4, 7, 9, 8, 10, 3, 11]
minimum_height = 69
----------
x_coordinates = [4, 1, 9, 7, 11, 13, 13, 2, 2, 1, 13, 11, 14, 8, 12, 2, 11, 12, 14, 13, 3, 4, 7, 1, 0]
y_coordinates = [31, 47, 21, 33, 29, 37, 26, 61, 50, 64, 20, 48, 15, 16, 5, 12, 32, 62, 11, 60, 63, 20, 6, 36, 53]
x_dimensions = [6, 2, 4, 4, 4, 2, 2, 10, 4, 2, 2, 4, 1, 5, 3, 3, 4, 1, 1, 2, 9, 4, 7, 2, 2]
y_dimensions = [2, 3, 8, 26, 3, 11, 3, 2, 11, 4, 6, 12, 3, 5, 1, 8, 5, 6, 4, 7, 5, 8, 10, 3, 11]
minimum_height = 68
----------
x_coordinates = [2, 13, 6, 7, 0, 13, 1, 2, 11, 3, 2, 11, 2, 8, 12, 11, 3, 12, 14, 13, 3, 3, 5, 1, 0]
y_coordinates = [28, 22, 9, 32, 50, 26, 47, 60, 37, 24, 54, 48, 25, 27, 25, 9, 46, 61, 16, 60, 62, 38, 17, 44, 56]
x_dimensions = [6, 2, 4, 4, 3, 2, 2, 10, 4, 2, 2, 4, 1, 5, 3, 3, 4, 1, 1, 2, 9, 4, 7, 2, 2]
y_dimensions = [2, 3, 8, 26, 4, 11, 3, 2, 11, 4, 6, 12, 3, 5, 1, 8, 5, 6, 4, 7, 5, 8, 10, 3, 11]
minimum_height = 67
----------
x_coordinates = [6, 12, 11, 7, 4, 13, 9, 5, 4, 3, 13, 0, 14, 10, 12, 3, 11, 12, 14, 13, 4, 8, 7, 7, 2]
y_coordinates = [19, 34, 25, 21, 46, 37, 49, 7, 50, 6, 60, 51, 9, 2, 1, 18, 48, 55, 18, 53, 61, 53, 9, 47, 40]
x_dimensions = [6, 2, 4, 4, 3, 2, 2, 10, 4, 2, 2, 4, 1, 5, 3, 3, 4, 1, 1, 2, 9, 4, 7, 2, 2]
y_dimensions = [2, 3, 8, 26, 4, 11, 3, 2, 11, 4, 6, 12, 3, 5, 1, 8, 5, 6, 4, 7, 5, 8, 10, 3, 11]
minimum_height = 66
----------
x_coordinates = [7, 13, 11, 7, 4, 13, 10, 12, 5, 12, 8, 0, 14, 10, 12, 3, 11, 14, 14, 12, 6, 9, 0, 7, 9]
y_coordinates = [39, 48, 10, 6, 48, 37, 60, 18, 52, 28, 63, 50, 26, 1, 0, 27, 51, 58, 6, 56, 32, 41, 17, 49, 49]
x_dimensions = [6, 2, 4, 4, 3, 2, 2, 2, 4, 2, 6, 4, 1, 5, 3, 3, 4, 1, 1, 2, 9, 4, 7, 2, 2]
y_dimensions = [2, 3, 8, 26, 4, 11, 3, 10, 11, 4, 2, 12, 3, 5, 1, 8, 5, 6, 4, 7, 5, 8, 10, 3, 11]
minimum_height = 65
----------
x_coordinates = [13, 0, 11, 7, 4, 13, 11, 8, 11, 2, 8, 2, 0, 8, 12, 10, 4, 14, 14, 0, 6, 9, 1, 5, 13]
y_coordinates = [52, 54, 33, 16, 32, 41, 47, 48, 22, 54, 62, 58, 46, 42, 21, 50, 53, 58, 17, 57, 11, 1, 43, 21, 0]
x_dimensions = [2, 2, 4, 4, 3, 2, 2, 2, 4, 2, 6, 12, 1, 5, 3, 3, 4, 1, 1, 2, 9, 4, 7, 2, 2]
y_dimensions = [6, 3, 8, 26, 4, 11, 3, 10, 11, 4, 2, 4, 3, 5, 1, 8, 5, 6, 4, 7, 5, 8, 10, 3, 11]
minimum_height = 64
----------
x_coordinates = [12, 13, 11, 7, 6, 1, 13, 3, 11, 13, 9, 1, 0, 2, 11, 0, 11, 14, 14, 13, 3, 3, 5, 9, 11]
y_coordinates = [48, 9, 25, 14, 40, 39, 15, 49, 33, 44, 12, 59, 47, 34, 1, 51, 4, 48, 0, 56, 44, 8, 49, 41, 14]
x_dimensions = [2, 2, 4, 4, 3, 2, 2, 2, 4, 2, 6, 12, 1, 5, 3, 3, 4, 1, 1, 2, 9, 4, 7, 2, 2]
y_dimensions = [6, 3, 8, 26, 4, 11, 3, 10, 11, 4, 2, 4, 3, 5, 1, 8, 5, 6, 4, 7, 5, 8, 10, 3, 11]
minimum_height = 63
----------
x_coordinates = [13, 1, 11, 7, 7, 1, 11, 0, 3, 4, 13, 2, 3, 10, 12, 2, 11, 13, 14, 13, 4, 3, 6, 6, 12]
y_coordinates = [49, 33, 35, 16, 42, 41, 20, 52, 34, 50, 17, 7, 51, 11, 23, 54, 1, 43, 6, 55, 45, 26, 52, 4, 24]
x_dimensions = [2, 2, 4, 4, 4, 2, 2, 2, 4, 2, 2, 12, 1, 5, 3, 3, 4, 1, 1, 2, 9, 4, 7, 2, 2]
y_dimensions = [6, 3, 8, 26, 3, 11, 3, 10, 11, 4, 6, 4, 3, 5, 1, 8, 5, 6, 4, 7, 5, 8, 10, 3, 11]
minimum_height = 62
----------
x_coordinates = [13, 13, 8, 7, 11, 0, 13, 2, 0, 11, 13, 3, 14, 1, 11, 6, 3, 14, 14, 9, 4, 3, 8, 3, 12]
y_coordinates = [52, 58, 10, 22, 29, 50, 33, 51, 38, 57, 22, 18, 36, 25, 36, 53, 9, 46, 13, 54, 48, 30, 0, 15, 37]
x_dimensions = [2, 2, 4, 4, 3, 2, 2, 2, 4, 2, 2, 12, 1, 5, 3, 3, 4, 1, 1, 2, 9, 4, 7, 2, 2]
y_dimensions = [6, 3, 8, 26, 4, 11, 3, 10, 11, 4, 6, 4, 3, 5, 1, 8, 5, 6, 4, 7, 5, 8, 10, 3, 11]
minimum_height = 61
----------
x_coordinates = [1, 11, 5, 7, 12, 0, 11, 5, 5, 13, 13, 2, 11, 9, 0, 12, 11, 0, 14, 9, 0, 11, 0, 10, 3]
y_coordinates = [52, 53, 38, 5, 34, 58, 50, 56, 45, 38, 50, 19, 35, 0, 51, 42, 29, 52, 4, 49, 38, 21, 31, 46, 47]
x_dimensions = [2, 2, 8, 4, 3, 11, 2, 10, 4, 2, 2, 4, 1, 5, 3, 3, 4, 1, 1, 2, 5, 4, 10, 2, 2]
y_dimensions = [6, 3, 4, 26, 4, 2, 3, 2, 11, 4, 6, 12, 3, 5, 1, 8, 5, 6, 4, 7, 9, 8, 7, 3, 11]
minimum_height = 60
----------
x_coordinates = [11, 13, 2, 4, 0, 0, 11, 5, 6, 12, 13, 8, 14, 1, 12, 12, 11, 12, 14, 12, 10, 11, 3, 0, 9]
y_coordinates = [50, 53, 46, 5, 37, 54, 47, 56, 43, 34, 47, 1, 35, 41, 58, 6, 29, 0, 14, 14, 38, 21, 31, 46, 13]
x_dimensions = [2, 2, 4, 4, 3, 11, 2, 10, 4, 2, 2, 4, 1, 5, 3, 3, 4, 1, 1, 2, 5, 4, 7, 2, 2]
y_dimensions = [6, 3, 8, 26, 4, 2, 3, 2, 11, 4, 6, 12, 3, 5, 1, 8, 5, 6, 4, 7, 9, 8, 10, 3, 11]
minimum_height = 59
----------
x_coordinates = [13, 13, 10, 1, 11, 0, 12, 0, 11, 13, 9, 8, 14, 5, 10, 3, 11, 8, 14, 13, 6, 2, 3, 12, 11]
y_coordinates = [52, 49, 19, 0, 16, 54, 27, 56, 35, 9, 48, 3, 13, 15, 57, 46, 30, 48, 25, 0, 39, 38, 26, 13, 46]
x_dimensions = [2, 2, 4, 4, 4, 11, 2, 10, 4, 2, 2, 4, 1, 5, 3, 3, 4, 1, 1, 2, 5, 4, 7, 2, 2]
y_dimensions = [6, 3, 8, 26, 3, 2, 3, 2, 11, 4, 6, 12, 3, 5, 1, 8, 5, 6, 4, 7, 9, 8, 10, 3, 11]
minimum_height = 58
----------
x_coordinates = [1, 12, 1, 4, 11, 4, 0, 13, 7, 13, 13, 10, 14, 10, 14, 8, 0, 3, 14, 5, 2, 11, 1, 11, 11]
y_coordinates = [55, 45, 47, 8, 48, 6, 44, 35, 46, 28, 51, 8, 32, 1, 45, 26, 29, 5, 10, 48, 41, 20, 34, 54, 31]
x_dimensions = [6, 2, 4, 4, 4, 11, 2, 2, 4, 2, 2, 4, 1, 5, 1, 3, 4, 1, 1, 2, 9, 4, 10, 2, 2]
y_dimensions = [2, 3, 8, 26, 3, 2, 3, 10, 11, 4, 6, 12, 3, 5, 3, 8, 5, 6, 4, 7, 5, 8, 7, 3, 11]
minimum_height = 57
----------
x_coordinates = [4, 13, 11, 0, 10, 4, 12, 4, 6, 5, 2, 0, 4, 8, 14, 11, 0, 5, 14, 9, 10, 5, 4, 7, 13]
y_coordinates = [54, 52, 14, 2, 52, 11, 22, 44, 42, 34, 50, 34, 33, 3, 40, 35, 29, 5, 35, 33, 43, 13, 21, 33, 24]
x_dimensions = [6, 2, 4, 4, 3, 11, 3, 2, 4, 2, 2, 4, 3, 5, 1, 3, 4, 1, 1, 2, 5, 4, 7, 2, 2]
y_dimensions = [2, 3, 8, 26, 4, 2, 2, 10, 11, 4, 6, 12, 1, 5, 3, 8, 5, 6, 4, 7, 9, 8, 10, 3, 11]
minimum_height = 56
----------
x_coordinates = [5, 12, 11, 7, 11, 3, 10, 4, 6, 3, 1, 3, 5, 2, 14, 10, 6, 9, 14, 12, 10, 0, 0, 10, 13]
y_coordinates = [53, 47, 18, 2, 52, 50, 36, 40, 39, 34, 46, 7, 37, 19, 49, 28, 34, 28, 14, 11, 38, 38, 24, 47, 27]
x_dimensions = [6, 2, 4, 4, 4, 11, 3, 2, 4, 2, 2, 4, 1, 5, 1, 3, 4, 1, 1, 2, 5, 4, 7, 2, 2]
y_dimensions = [2, 3, 8, 26, 3, 2, 2, 10, 11, 4, 6, 12, 3, 5, 3, 8, 5, 6, 4, 7, 9, 8, 10, 3, 11]
minimum_height = 55
----------
x_coordinates = [4, 13, 11, 7, 11, 11, 11, 11, 7, 3, 10, 2, 14, 2, 14, 11, 11, 6, 14, 13, 0, 7, 0, 1, 5]
y_coordinates = [19, 34, 1, 17, 26, 15, 44, 34, 43, 41, 9, 6, 44, 25, 51, 46, 29, 14, 47, 37, 45, 0, 31, 42, 42]
x_dimensions = [2, 2, 4, 4, 4, 2, 3, 2, 4, 2, 2, 4, 1, 5, 1, 3, 4, 1, 1, 2, 5, 4, 7, 2, 2]
y_dimensions = [6, 3, 8, 26, 3, 11, 2, 10, 11, 4, 6, 12, 3, 5, 3, 8, 5, 6, 4, 7, 9, 8, 10, 3, 11]
minimum_height = 54
----------
x_coordinates = [4, 3, 11, 7, 4, 12, 13, 10, 11, 3, 11, 0, 13, 0, 2, 12, 7, 2, 14, 3, 1, 11, 5, 0, 5]
y_coordinates = [27, 49, 20, 22, 18, 8, 28, 10, 42, 9, 28, 30, 31, 4, 47, 0, 48, 24, 8, 42, 13, 34, 0, 47, 42]
x_dimensions = [2, 2, 4, 4, 4, 2, 2, 2, 4, 2, 2, 4, 1, 5, 1, 3, 4, 1, 1, 2, 9, 4, 7, 2, 2]
y_dimensions = [6, 3, 8, 26, 3, 11, 3, 10, 11, 4, 6, 12, 3, 5, 3, 8, 5, 6, 4, 7, 5, 8, 10, 3, 11]
minimum_height = 53
----------
x_coordinates = [13, 1, 5, 1, 2, 6, 10, 8, 9, 5, 13, 5, 14, 9, 14, 3, 11, 14, 8, 13, 3, 9, 8, 5, 12]
y_coordinates = [23, 49, 33, 15, 41, 41, 8, 7, 31, 8, 29, 21, 3, 17, 6, 44, 12, 17, 17, 35, 2, 22, 42, 16, 1]
x_dimensions = [2, 2, 4, 4, 4, 2, 2, 2, 4, 2, 2, 4, 1, 5, 1, 3, 4, 1, 1, 2, 9, 4, 7, 2, 2]
y_dimensions = [6, 3, 8, 26, 3, 11, 3, 10, 11, 4, 6, 12, 3, 5, 3, 8, 5, 6, 4, 7, 5, 8, 10, 3, 11]
minimum_height = 52
----------
x_coordinates = [0, 4, 7, 0, 4, 3, 12, 7, 11, 5, 1, 5, 10, 10, 9, 10, 9, 14, 10, 0, 6, 11, 2, 12, 13]
y_coordinates = [45, 6, 36, 6, 18, 32, 44, 8, 33, 37, 32, 24, 29, 20, 31, 7, 15, 45, 32, 38, 2, 25, 44, 48, 8]
x_dimensions = [2, 2, 4, 4, 4, 2, 2, 2, 4, 2, 2, 4, 1, 5, 1, 3, 4, 1, 1, 2, 9, 4, 10, 2, 2]
y_dimensions = [6, 3, 8, 26, 3, 11, 3, 10, 11, 4, 6, 12, 3, 5, 3, 8, 5, 6, 4, 7, 5, 8, 7, 3, 11]
minimum_height = 51
----------
x_coordinates = [8, 10, 6, 0, 4, 5, 9, 13, 10, 5, 8, 7, 7, 10, 6, 12, 10, 14, 7, 9, 1, 11, 0, 7, 11]
y_coordinates = [37, 16, 16, 17, 38, 24, 14, 1, 39, 4, 31, 2, 30, 34, 35, 11, 19, 42, 33, 24, 8, 26, 43, 27, 0]
x_dimensions = [2, 2, 4, 4, 4, 2, 3, 2, 4, 2, 2, 4, 1, 5, 1, 3, 4, 1, 1, 2, 5, 4, 10, 2, 2]
y_dimensions = [6, 3, 8, 26, 3, 11, 2, 10, 11, 4, 6, 12, 3, 5, 3, 8, 5, 6, 4, 7, 9, 8, 7, 3, 11]
minimum_height = 50
----------
x_coordinates = [5, 4, 5, 0, 10, 6, 0, 4, 0, 13, 9, 8, 14, 8, 7, 2, 11, 4, 14, 9, 5, 11, 5, 13, 7]
y_coordinates = [30, 46, 36, 4, 25, 14, 35, 20, 38, 20, 35, 13, 24, 44, 45, 30, 37, 40, 42, 28, 8, 29, 1, 46, 25]
x_dimensions = [2, 2, 4, 4, 4, 2, 2, 2, 4, 2, 2, 4, 1, 5, 1, 3, 4, 1, 1, 2, 9, 4, 10, 2, 2]
y_dimensions = [6, 3, 8, 26, 3, 11, 3, 10, 11, 4, 6, 12, 3, 5, 3, 8, 5, 6, 4, 7, 5, 8, 7, 3, 11]
minimum_height = 49
----------
x_coordinates = [13, 13, 11, 7, 6, 0, 0, 5, 2, 1, 13, 11, 12, 10, 7, 4, 0, 14, 4, 12, 8, 4, 0, 3, 2]
y_coordinates = [42, 12, 15, 7, 4, 28, 45, 8, 44, 4, 36, 23, 12, 0, 33, 28, 39, 6, 14, 5, 35, 36, 18, 4, 28]
x_dimensions = [2, 2, 4, 4, 4, 2, 2, 2, 11, 2, 2, 4, 1, 5, 1, 3, 4, 1, 1, 2, 5, 4, 7, 2, 2]
y_dimensions = [6, 3, 8, 26, 3, 11, 3, 10, 4, 4, 6, 12, 3, 5, 3, 8, 5, 6, 4, 7, 9, 8, 10, 3, 11]
minimum_height = 48
----------
x_coordinates = [13, 4, 5, 7, 9, 0, 1, 1, 2, 11, 13, 11, 12, 10, 4, 4, 0, 14, 4, 13, 9, 5, 0, 5, 2]
y_coordinates = [20, 15, 4, 12, 4, 31, 18, 6, 0, 22, 14, 26, 14, 7, 44, 31, 42, 41, 11, 0, 38, 39, 21, 18, 31]
x_dimensions = [2, 2, 4, 4, 4, 2, 2, 2, 11, 2, 2, 4, 1, 5, 1, 3, 4, 1, 1, 2, 5, 4, 7, 2, 2]
y_dimensions = [6, 3, 8, 26, 3, 11, 3, 10, 4, 4, 6, 12, 3, 5, 3, 8, 5, 6, 4, 7, 9, 8, 10, 3, 11]
minimum_height = 47
----------
x_coordinates = [13, 5, 2, 7, 11, 4, 2, 11, 2, 13, 13, 11, 14, 0, 6, 7, 0, 3, 6, 1, 10, 6, 0, 5, 4]
y_coordinates = [16, 13, 4, 14, 13, 44, 38, 18, 0, 0, 22, 28, 40, 12, 6, 6, 41, 27, 9, 27, 4, 40, 17, 27, 33]
x_dimensions = [2, 2, 4, 4, 4, 11, 2, 2, 11, 2, 2, 4, 1, 5, 1, 3, 4, 1, 1, 2, 5, 8, 7, 2, 2]
y_dimensions = [6, 3, 8, 26, 3, 2, 3, 10, 4, 4, 6, 12, 3, 5, 3, 8, 5, 6, 4, 7, 9, 4, 10, 3, 11]
minimum_height = 46
----------
x_coordinates = [10, 11, 3, 7, 12, 1, 8, 13, 2, 0, 13, 11, 11, 0, 11, 12, 0, 12, 12, 0, 2, 7, 0, 8, 5]
y_coordinates = [34, 20, 0, 1, 31, 32, 38, 21, 27, 13, 35, 0, 12, 34, 16, 12, 41, 35, 23, 6, 8, 41, 17, 34, 34]
x_dimensions = [2, 2, 4, 4, 3, 11, 2, 2, 11, 2, 2, 4, 1, 5, 1, 3, 5, 1, 1, 2, 5, 8, 7, 2, 2]
y_dimensions = [6, 3, 8, 26, 4, 2, 3, 10, 4, 4, 6, 12, 3, 5, 3, 8, 4, 6, 4, 7, 9, 4, 10, 3, 11]
minimum_height = 45
----------
x_coordinates = [0, 13, 11, 7, 4, 9, 0, 11, 3, 7, 5, 11, 14, 8, 2, 0, 0, 0, 1, 13, 4, 11, 0, 13, 2]
y_coordinates = [35, 0, 28, 5, 14, 32, 41, 6, 18, 31, 29, 16, 10, 0, 18, 21, 13, 29, 32, 3, 35, 36, 2, 13, 33]
x_dimensions = [2, 2, 4, 4, 3, 2, 2, 2, 4, 2, 2, 4, 1, 5, 1, 3, 4, 1, 4, 2, 5, 4, 7, 2, 2]
y_dimensions = [6, 3, 8, 26, 4, 11, 3, 10, 11, 4, 6, 12, 3, 5, 3, 8, 5, 6, 1, 7, 9, 8, 10, 3, 11]
minimum_height = 44
----------
x_coordinates = [5, 13, 6, 7, 4, 13, 7, 0, 11, 0, 11, 3, 0, 10, 3, 0, 2, 9, 9, 11, 10, 0, 0, 1, 4]
y_coordinates = [37, 9, 0, 9, 21, 13, 40, 0, 24, 10, 9, 8, 14, 37, 22, 17, 3, 42, 38, 17, 0, 35, 25, 14, 35]
x_dimensions = [2, 2, 4, 4, 3, 2, 2, 2, 4, 2, 2, 4, 1, 5, 1, 3, 4, 6, 1, 2, 5, 4, 7, 2, 11]
y_dimensions = [6, 3, 8, 26, 4, 11, 3, 10, 11, 4, 6, 12, 3, 5, 3, 8, 5, 1, 4, 7, 9, 8, 10, 3, 2]
minimum_height = 43
----------
x_coordinates = [11, 0, 0, 7, 0, 13, 0, 1, 3, 0, 9, 11, 0, 5, 12, 4, 0, 0, 11, 13, 10, 3, 2, 1, 11]
y_coordinates = [1, 4, 15, 16, 24, 18, 1, 32, 31, 7, 1, 30, 39, 10, 29, 15, 11, 28, 17, 0, 7, 23, 0, 28, 18]
x_dimensions = [2, 2, 4, 4, 3, 2, 2, 2, 4, 2, 2, 4, 1, 5, 3, 3, 5, 1, 4, 2, 5, 4, 7, 2, 2]
y_dimensions = [6, 3, 8, 26, 4, 11, 3, 10, 11, 4, 6, 12, 3, 5, 1, 8, 4, 6, 1, 7, 9, 8, 10, 3, 11]
minimum_height = 42
----------
x_coordinates = [9, 6, 7, 0, 4, 4, 12, 5, 4, 8, 5, 11, 5, 6, 5, 0, 10, 2, 4, 4, 10, 0, 0, 6, 8]
y_coordinates = [39, 39, 35, 15, 35, 33, 31, 29, 25, 31, 23, 13, 32, 18, 31, 12, 9, 11, 29, 16, 0, 7, 0, 15, 7]
x_dimensions = [6, 3, 8, 4, 3, 11, 3, 10, 11, 4, 6, 4, 3, 5, 3, 8, 5, 6, 1, 2, 5, 8, 10, 2, 2]
y_dimensions = [2, 2, 4, 26, 4, 2, 2, 2, 4, 2, 2, 12, 1, 5, 1, 3, 4, 1, 4, 7, 9, 4, 7, 3, 11]
minimum_height = 41
----------
x_coordinates = [8, 0, 4, 0, 8, 13, 8, 13, 4, 4, 11, 0, 10, 10, 4, 10, 8, 4, 14, 8, 5, 4, 8, 10, 3]
y_coordinates = [2, 0, 23, 2, 6, 29, 4, 4, 4, 2, 4, 28, 29, 24, 37, 30, 10, 31, 0, 24, 31, 15, 14, 38, 0]
x_dimensions = [6, 3, 4, 4, 3, 2, 3, 2, 4, 4, 2, 4, 3, 5, 1, 3, 5, 1, 1, 2, 5, 4, 7, 3, 11]
y_dimensions = [2, 2, 8, 26, 4, 11, 2, 10, 11, 2, 6, 12, 1, 5, 3, 8, 4, 6, 4, 7, 9, 8, 10, 2, 2]
minimum_height = 40
----------
==========
%%%mzn-stat: nodes=59467
%%%mzn-stat: failures=10147
%%%mzn-stat: restarts=401
%%%mzn-stat: variables=12861
%%%mzn-stat: intVars=103
%%%mzn-stat: boolVariables=12756
%%%mzn-stat: propagators=2454
%%%mzn-stat: propagations=11362820
%%%mzn-stat: peakDepth=374
%%%mzn-stat: nogoods=10147
%%%mzn-stat: backjumps=20032
%%%mzn-stat: peakMem=0.00
%%%mzn-stat: time=3.588
%%%mzn-stat: initTime=0.033
%%%mzn-stat: solveTime=3.555
%%%mzn-stat: objective=40
%%%mzn-stat: optTime=3.553
%%%mzn-stat: baseMem=0.00
%%%mzn-stat: trailMem=0.02
%%%mzn-stat: randomSeed=1657546336
