x_coordinates = [14, 0, 2, 10, 10, 3, 10, 11, 17, 3, 7, 0, 9, 3]
y_coordinates = [114, 61, 114, 90, 95, 111, 98, 107, 104, 73, 114, 117, 117, 59]
x_dimensions = [3, 3, 5, 6, 7, 8, 3, 3, 3, 17, 4, 9, 11, 17]
y_dimensions = [3, 4, 3, 3, 3, 3, 9, 10, 11, 3, 3, 4, 4, 4]
minimum_height = 121
----------
x_coordinates = [17, 10, 0, 14, 6, 5, 11, 12, 1, 1, 13, 11, 12, 2]
y_coordinates = [116, 17, 115, 113, 117, 114, 97, 103, 111, 100, 116, 93, 82, 59]
x_dimensions = [3, 4, 5, 6, 7, 8, 9, 3, 11, 17, 4, 9, 4, 17]
y_dimensions = [3, 3, 3, 3, 3, 3, 3, 10, 3, 3, 3, 4, 11, 4]
minimum_height = 120
----------
x_coordinates = [17, 13, 5, 9, 13, 6, 5, 17, 14, 1, 10, 11, 12, 3]
y_coordinates = [115, 7, 116, 105, 102, 113, 110, 105, 108, 102, 116, 36, 24, 47]
x_dimensions = [3, 4, 5, 6, 7, 8, 9, 3, 3, 3, 4, 9, 4, 17]
y_dimensions = [3, 3, 3, 3, 3, 3, 3, 10, 11, 17, 3, 4, 11, 4]
minimum_height = 119
----------
x_coordinates = [17, 15, 5, 11, 13, 6, 8, 17, 14, 0, 10, 8, 13, 1]
y_coordinates = [115, 27, 115, 104, 24, 112, 103, 103, 107, 101, 115, 62, 93, 47]
x_dimensions = [3, 4, 5, 6, 7, 8, 3, 3, 3, 3, 4, 9, 4, 17]
y_dimensions = [3, 3, 3, 3, 3, 3, 9, 10, 11, 17, 3, 4, 11, 4]
minimum_height = 118
----------
x_coordinates = [0, 15, 3, 11, 1, 8, 8, 13, 16, 17, 9, 2, 10, 3]
y_coordinates = [103, 26, 103, 101, 113, 114, 97, 104, 105, 88, 106, 109, 14, 44]
x_dimensions = [3, 3, 5, 6, 7, 8, 3, 3, 3, 3, 4, 9, 4, 17]
y_dimensions = [3, 4, 3, 3, 3, 3, 9, 10, 11, 17, 3, 4, 11, 4]
minimum_height = 117
----------
x_coordinates = [10, 9, 2, 4, 8, 7, 15, 13, 0, 7, 16, 11, 16, 1]
y_coordinates = [103, 86, 102, 105, 113, 106, 107, 96, 105, 89, 104, 61, 93, 33]
x_dimensions = [3, 4, 5, 3, 7, 8, 3, 3, 3, 3, 4, 9, 4, 17]
y_dimensions = [3, 3, 3, 6, 3, 3, 9, 10, 11, 17, 3, 4, 11, 4]
minimum_height = 116
----------
x_coordinates = [13, 16, 8, 17, 4, 9, 15, 5, 2, 8, 11, 5, 14, 4]
y_coordinates = [111, 112, 111, 106, 88, 108, 97, 105, 104, 91, 105, 81, 84, 56]
x_dimensions = [3, 4, 5, 3, 7, 8, 3, 3, 3, 3, 4, 9, 4, 4]
y_dimensions = [3, 3, 3, 6, 3, 3, 9, 10, 11, 17, 3, 4, 11, 17]
minimum_height = 115
----------
x_coordinates = [11, 8, 9, 2, 12, 1, 5, 17, 14, 16, 15, 7, 9, 3]
y_coordinates = [106, 106, 95, 105, 73, 111, 102, 97, 96, 79, 107, 40, 110, 56]
x_dimensions = [3, 3, 5, 3, 7, 8, 3, 3, 3, 3, 4, 9, 11, 17]
y_dimensions = [3, 4, 3, 6, 3, 3, 9, 10, 11, 17, 3, 4, 4, 4]
minimum_height = 114
----------
x_coordinates = [16, 11, 15, 14, 10, 11, 17, 8, 12, 9, 10, 10, 0, 3]
y_coordinates = [85, 84, 88, 104, 31, 110, 101, 79, 87, 89, 106, 34, 109, 54]
x_dimensions = [3, 4, 5, 3, 7, 8, 3, 3, 3, 3, 4, 9, 11, 17]
y_dimensions = [3, 3, 3, 6, 3, 3, 9, 10, 11, 17, 3, 4, 4, 4]
minimum_height = 113
----------
x_coordinates = [3, 5, 9, 0, 9, 11, 6, 14, 17, 17, 13, 16, 9, 1]
y_coordinates = [99, 109, 89, 106, 78, 68, 100, 90, 80, 91, 105, 71, 108, 43]
x_dimensions = [3, 4, 5, 6, 7, 8, 3, 3, 3, 3, 4, 4, 11, 17]
y_dimensions = [3, 3, 3, 3, 3, 3, 9, 10, 11, 17, 3, 9, 4, 4]
minimum_height = 112
----------
x_coordinates = [11, 12, 9, 15, 15, 11, 10, 17, 14, 14, 16, 5, 1, 1]
y_coordinates = [77, 108, 88, 72, 32, 23, 98, 88, 78, 89, 106, 37, 107, 54]
x_dimensions = [3, 4, 5, 3, 3, 8, 3, 3, 3, 3, 4, 9, 11, 17]
y_dimensions = [3, 3, 3, 6, 7, 3, 9, 10, 11, 17, 3, 4, 4, 4]
minimum_height = 111
----------
x_coordinates = [17, 14, 9, 17, 16, 12, 1, 17, 14, 14, 15, 7, 4, 3]
y_coordinates = [85, 72, 87, 101, 32, 75, 101, 88, 78, 89, 107, 37, 106, 22]
x_dimensions = [3, 4, 5, 3, 3, 8, 3, 3, 3, 3, 4, 9, 11, 17]
y_dimensions = [3, 3, 3, 6, 7, 3, 9, 10, 11, 17, 3, 4, 4, 4]
minimum_height = 110
----------
x_coordinates = [14, 13, 12, 15, 11, 8, 17, 9, 17, 6, 13, 2, 9, 3]
y_coordinates = [84, 103, 87, 94, 32, 29, 100, 80, 79, 89, 106, 38, 90, 15]
x_dimensions = [3, 4, 5, 3, 3, 8, 3, 3, 3, 3, 4, 9, 11, 17]
y_dimensions = [3, 3, 3, 6, 7, 3, 9, 10, 11, 17, 3, 4, 4, 4]
minimum_height = 109
----------
x_coordinates = [17, 15, 9, 17, 9, 12, 2, 17, 14, 14, 16, 16, 5, 3]
y_coordinates = [83, 73, 85, 99, 61, 35, 99, 86, 76, 87, 105, 60, 104, 42]
x_dimensions = [3, 4, 5, 3, 7, 8, 3, 3, 3, 3, 4, 4, 11, 4]
y_dimensions = [3, 3, 3, 6, 3, 3, 9, 10, 11, 17, 3, 9, 4, 17]
minimum_height = 108
----------
x_coordinates = [13, 13, 9, 16, 8, 8, 17, 17, 6, 14, 15, 8, 9, 3]
y_coordinates = [91, 88, 85, 92, 100, 97, 98, 82, 86, 71, 35, 103, 67, 12]
x_dimensions = [3, 4, 5, 3, 7, 8, 3, 3, 3, 3, 4, 9, 11, 17]
y_dimensions = [3, 3, 3, 6, 3, 3, 9, 10, 11, 17, 3, 4, 4, 4]
minimum_height = 107
----------
x_coordinates = [17, 5, 9, 17, 13, 11, 5, 17, 14, 14, 16, 11, 8, 3]
y_coordinates = [85, 87, 87, 100, 72, 75, 103, 88, 78, 89, 17, 66, 62, 0]
x_dimensions = [3, 4, 5, 3, 7, 8, 9, 3, 3, 3, 4, 9, 11, 17]
y_dimensions = [3, 3, 3, 6, 3, 3, 3, 10, 11, 17, 3, 4, 4, 4]
minimum_height = 106
----------
x_coordinates = [2, 5, 9, 17, 11, 11, 4, 17, 14, 14, 16, 2, 8, 4]
y_coordinates = [86, 87, 87, 99, 80, 74, 102, 87, 77, 88, 28, 72, 69, 2]
x_dimensions = [3, 4, 5, 3, 3, 8, 9, 3, 3, 3, 4, 4, 11, 4]
y_dimensions = [3, 3, 3, 6, 7, 3, 3, 10, 11, 17, 3, 9, 4, 17]
minimum_height = 105
----------
x_coordinates = [1, 13, 9, 17, 3, 12, 11, 14, 17, 4, 15, 7, 9, 2]
y_coordinates = [90, 85, 91, 92, 97, 101, 98, 88, 81, 80, 71, 94, 77, 5]
x_dimensions = [3, 4, 5, 3, 3, 8, 9, 3, 3, 3, 4, 4, 11, 17]
y_dimensions = [3, 3, 3, 6, 7, 3, 3, 10, 11, 17, 3, 9, 4, 4]
minimum_height = 104
----------
x_coordinates = [6, 15, 9, 17, 9, 12, 6, 17, 14, 14, 14, 16, 5, 8]
y_coordinates = [88, 100, 88, 71, 60, 59, 100, 88, 89, 72, 8, 62, 68, 0]
x_dimensions = [3, 4, 5, 3, 3, 8, 9, 3, 3, 3, 4, 4, 11, 4]
y_dimensions = [3, 3, 3, 6, 7, 3, 3, 10, 11, 17, 3, 9, 4, 17]
minimum_height = 103
----------
x_coordinates = [9, 14, 15, 17, 6, 11, 5, 12, 6, 9, 16, 15, 9, 3]
y_coordinates = [96, 98, 89, 92, 74, 76, 99, 88, 88, 79, 37, 80, 72, 10]
x_dimensions = [3, 4, 5, 3, 3, 8, 9, 3, 3, 3, 4, 4, 11, 17]
y_dimensions = [3, 3, 3, 6, 7, 3, 3, 10, 11, 17, 3, 9, 4, 4]
minimum_height = 102
----------
x_coordinates = [3, 16, 9, 17, 9, 12, 4, 17, 14, 14, 15, 16, 5, 2]
y_coordinates = [89, 70, 89, 35, 59, 57, 98, 89, 90, 73, 42, 60, 68, 46]
x_dimensions = [3, 4, 5, 3, 3, 8, 9, 3, 3, 3, 4, 4, 11, 4]
y_dimensions = [3, 3, 3, 6, 7, 3, 3, 10, 11, 17, 3, 9, 4, 17]
minimum_height = 101
----------
x_coordinates = [14, 13, 12, 16, 6, 12, 17, 17, 6, 9, 15, 15, 9, 3]
y_coordinates = [97, 91, 94, 35, 79, 78, 65, 90, 89, 80, 60, 81, 74, 42]
x_dimensions = [3, 4, 5, 3, 3, 8, 3, 3, 3, 3, 4, 4, 11, 17]
y_dimensions = [3, 3, 3, 6, 7, 3, 9, 10, 11, 17, 3, 9, 4, 4]
minimum_height = 100
----------
x_coordinates = [2, 16, 9, 17, 3, 11, 9, 14, 17, 6, 15, 12, 9, 3]
y_coordinates = [91, 79, 91, 93, 78, 76, 82, 89, 82, 75, 63, 80, 72, 22]
x_dimensions = [3, 4, 5, 3, 3, 8, 3, 3, 3, 3, 4, 4, 11, 17]
y_dimensions = [3, 3, 3, 6, 7, 3, 9, 10, 11, 17, 3, 9, 4, 4]
minimum_height = 99
----------
x_coordinates = [0, 7, 9, 8, 9, 1, 11, 14, 17, 16, 15, 12, 9, 1]
y_coordinates = [88, 89, 86, 92, 71, 69, 89, 88, 87, 70, 55, 71, 66, 1]
x_dimensions = [3, 4, 5, 3, 3, 8, 3, 3, 3, 3, 4, 4, 11, 17]
y_dimensions = [3, 3, 3, 6, 7, 3, 9, 10, 11, 17, 3, 9, 4, 4]
minimum_height = 98
----------
x_coordinates = [14, 14, 12, 13, 14, 4, 5, 16, 1, 17, 11, 14, 10, 3]
y_coordinates = [84, 67, 94, 70, 87, 93, 90, 70, 86, 80, 76, 58, 79, 10]
x_dimensions = [3, 4, 5, 3, 3, 8, 9, 3, 3, 3, 4, 4, 4, 4]
y_dimensions = [3, 3, 3, 6, 7, 3, 3, 10, 11, 17, 3, 9, 11, 17]
minimum_height = 97
----------
x_coordinates = [1, 16, 12, 10, 4, 9, 1, 17, 7, 17, 16, 16, 13, 3]
y_coordinates = [84, 53, 82, 90, 81, 79, 93, 84, 82, 67, 50, 56, 85, 27]
x_dimensions = [3, 4, 5, 3, 3, 8, 9, 3, 3, 3, 4, 4, 4, 17]
y_dimensions = [3, 3, 3, 6, 7, 3, 3, 10, 11, 17, 3, 9, 11, 4]
minimum_height = 96
----------
x_coordinates = [14, 16, 9, 15, 3, 9, 0, 16, 6, 17, 16, 13, 16, 1]
y_coordinates = [88, 48, 88, 51, 85, 91, 92, 57, 81, 78, 45, 79, 67, 26]
x_dimensions = [3, 4, 5, 3, 3, 8, 9, 3, 3, 3, 4, 4, 4, 17]
y_dimensions = [3, 3, 3, 6, 7, 3, 3, 10, 11, 17, 3, 9, 11, 4]
minimum_height = 95
----------
x_coordinates = [14, 14, 15, 15, 1, 7, 7, 17, 4, 4, 14, 0, 16, 1]
y_coordinates = [76, 66, 79, 60, 75, 81, 90, 69, 83, 66, 31, 82, 82, 14]
x_dimensions = [3, 4, 5, 3, 3, 8, 9, 3, 3, 3, 4, 4, 4, 17]
y_dimensions = [3, 3, 3, 6, 7, 3, 3, 10, 11, 17, 3, 9, 11, 4]
minimum_height = 94
----------
x_coordinates = [15, 14, 15, 17, 2, 8, 14, 17, 12, 5, 15, 1, 16, 1]
y_coordinates = [60, 41, 79, 63, 76, 90, 68, 69, 79, 76, 53, 84, 82, 27]
x_dimensions = [3, 4, 5, 3, 3, 8, 3, 3, 3, 3, 4, 4, 4, 17]
y_dimensions = [3, 3, 3, 6, 7, 3, 9, 10, 11, 17, 3, 9, 11, 4]
minimum_height = 93
----------
x_coordinates = [17, 15, 12, 15, 4, 8, 17, 9, 5, 2, 15, 12, 16, 3]
y_coordinates = [78, 66, 77, 49, 67, 89, 69, 79, 79, 74, 61, 80, 81, 7]
x_dimensions = [3, 4, 5, 3, 3, 8, 3, 3, 3, 3, 4, 4, 4, 17]
y_dimensions = [3, 3, 3, 6, 7, 3, 9, 10, 11, 17, 3, 9, 11, 4]
minimum_height = 92
----------
x_coordinates = [2, 15, 5, 17, 9, 1, 10, 13, 11, 9, 15, 12, 16, 9]
y_coordinates = [88, 69, 87, 74, 62, 81, 82, 81, 51, 65, 66, 72, 80, 29]
x_dimensions = [3, 4, 5, 3, 7, 8, 3, 3, 3, 3, 4, 4, 4, 4]
y_dimensions = [3, 3, 3, 6, 3, 3, 9, 10, 11, 17, 3, 9, 11, 17]
minimum_height = 91
----------
x_coordinates = [6, 15, 1, 17, 12, 1, 17, 16, 16, 17, 12, 13, 9, 3]
y_coordinates = [79, 65, 79, 42, 68, 87, 71, 80, 31, 48, 47, 71, 79, 0]
x_dimensions = [3, 4, 5, 3, 7, 8, 3, 3, 3, 3, 4, 4, 4, 17]
y_dimensions = [3, 3, 3, 6, 3, 3, 9, 10, 11, 17, 3, 9, 11, 4]
minimum_height = 90
----------
x_coordinates = [10, 10, 2, 16, 12, 5, 14, 17, 7, 17, 15, 12, 13, 9]
y_coordinates = [77, 71, 77, 45, 56, 86, 69, 62, 68, 72, 53, 60, 78, 19]
x_dimensions = [3, 4, 5, 3, 7, 8, 3, 3, 3, 3, 4, 4, 4, 4]
y_dimensions = [3, 3, 3, 6, 3, 3, 9, 10, 11, 17, 3, 9, 11, 17]
minimum_height = 89
----------
x_coordinates = [6, 15, 2, 15, 11, 4, 17, 13, 10, 14, 15, 16, 5, 3]
y_coordinates = [78, 46, 78, 49, 43, 68, 70, 72, 71, 55, 3, 79, 82, 30]
x_dimensions = [3, 4, 3, 3, 7, 8, 3, 3, 3, 3, 4, 4, 11, 17]
y_dimensions = [3, 3, 5, 6, 3, 3, 9, 10, 11, 17, 3, 9, 4, 4]
minimum_height = 88
----------
x_coordinates = [13, 14, 8, 17, 12, 0, 17, 17, 7, 14, 15, 15, 16, 3]
y_coordinates = [57, 39, 58, 33, 45, 58, 69, 59, 68, 60, 42, 78, 48, 29]
x_dimensions = [3, 4, 5, 3, 7, 8, 3, 3, 3, 3, 4, 4, 4, 17]
y_dimensions = [3, 3, 3, 6, 3, 3, 9, 10, 11, 17, 3, 9, 11, 4]
minimum_height = 87
----------
x_coordinates = [11, 16, 7, 17, 16, 12, 4, 17, 11, 14, 10, 7, 7, 1]
y_coordinates = [57, 55, 63, 70, 58, 65, 75, 76, 75, 69, 54, 77, 66, 39]
x_dimensions = [3, 4, 5, 3, 3, 8, 3, 3, 3, 3, 4, 4, 4, 17]
y_dimensions = [3, 3, 3, 6, 7, 3, 9, 10, 11, 17, 3, 9, 11, 4]
minimum_height = 86
----------
x_coordinates = [14, 14, 15, 17, 17, 6, 0, 13, 16, 6, 11, 16, 9, 1]
y_coordinates = [59, 46, 55, 49, 58, 57, 82, 75, 65, 65, 54, 76, 74, 17]
x_dimensions = [3, 4, 5, 3, 3, 8, 9, 3, 3, 3, 4, 4, 4, 17]
y_dimensions = [3, 3, 3, 6, 7, 3, 3, 10, 11, 17, 3, 9, 11, 4]
minimum_height = 85
----------
x_coordinates = [4, 16, 15, 16, 14, 0, 8, 11, 17, 0, 6, 7, 3, 6]
y_coordinates = [80, 67, 81, 61, 74, 76, 71, 74, 70, 59, 64, 75, 69, 11]
x_dimensions = [3, 4, 5, 3, 3, 3, 9, 3, 3, 3, 3, 4, 4, 4]
y_dimensions = [3, 3, 3, 6, 7, 8, 3, 10, 11, 17, 4, 9, 11, 17]
minimum_height = 84
----------
x_coordinates = [17, 15, 6, 9, 0, 11, 10, 17, 3, 14, 13, 12, 16, 2]
y_coordinates = [80, 47, 80, 47, 76, 74, 50, 65, 72, 66, 53, 57, 54, 40]
x_dimensions = [3, 4, 5, 6, 3, 3, 9, 3, 3, 3, 3, 4, 4, 17]
y_dimensions = [3, 3, 3, 3, 7, 8, 3, 10, 11, 17, 4, 9, 11, 4]
minimum_height = 83
----------
x_coordinates = [17, 2, 1, 17, 0, 17, 11, 14, 3, 8, 13, 6, 10, 1]
y_coordinates = [71, 65, 79, 60, 72, 74, 67, 70, 68, 54, 62, 73, 71, 19]
x_dimensions = [3, 4, 5, 3, 3, 3, 9, 3, 3, 3, 3, 4, 4, 17]
y_dimensions = [3, 3, 3, 6, 7, 8, 3, 10, 11, 17, 4, 9, 11, 4]
minimum_height = 82
----------
x_coordinates = [17, 11, 11, 17, 13, 3, 9, 10, 0, 6, 9, 16, 6, 2]
y_coordinates = [77, 53, 78, 51, 71, 73, 64, 68, 70, 53, 56, 68, 70, 39]
x_dimensions = [3, 4, 5, 3, 3, 3, 9, 3, 3, 3, 3, 4, 4, 17]
y_dimensions = [3, 3, 3, 6, 7, 8, 3, 10, 11, 17, 4, 9, 11, 4]
minimum_height = 81
----------
x_coordinates = [10, 3, 15, 7, 13, 12, 4, 14, 17, 14, 13, 16, 11, 0]
y_coordinates = [53, 47, 55, 47, 48, 77, 43, 67, 66, 27, 44, 46, 56, 9]
x_dimensions = [3, 4, 5, 6, 3, 8, 9, 3, 3, 3, 3, 4, 4, 17]
y_dimensions = [3, 3, 3, 3, 7, 3, 3, 10, 11, 17, 4, 9, 11, 4]
minimum_height = 80
----------
x_coordinates = [16, 2, 17, 6, 1, 12, 3, 15, 4, 12, 15, 7, 13, 9]
y_coordinates = [76, 50, 67, 50, 71, 72, 59, 51, 68, 44, 47, 75, 61, 16]
x_dimensions = [3, 4, 3, 6, 3, 8, 9, 3, 3, 3, 3, 9, 4, 4]
y_dimensions = [3, 3, 5, 3, 7, 3, 3, 10, 11, 17, 4, 4, 11, 17]
minimum_height = 79
----------
x_coordinates = [10, 12, 17, 10, 7, 17, 11, 15, 10, 15, 13, 16, 13, 3]
y_coordinates = [64, 50, 55, 47, 66, 60, 25, 68, 67, 29, 53, 46, 57, 19]
x_dimensions = [3, 4, 3, 6, 3, 3, 9, 3, 3, 3, 3, 4, 4, 17]
y_dimensions = [3, 3, 5, 3, 7, 8, 3, 10, 11, 17, 4, 9, 11, 4]
minimum_height = 78
----------
x_coordinates = [10, 3, 17, 5, 7, 16, 2, 16, 9, 11, 13, 16, 13, 2]
y_coordinates = [63, 61, 65, 53, 59, 38, 56, 55, 66, 41, 58, 46, 65, 29]
x_dimensions = [3, 4, 3, 6, 3, 3, 9, 3, 3, 3, 3, 4, 4, 17]
y_dimensions = [3, 3, 5, 3, 7, 8, 3, 10, 11, 17, 4, 9, 11, 4]
minimum_height = 77
----------
x_coordinates = [12, 17, 12, 17, 9, 17, 11, 17, 10, 13, 17, 16, 15, 0]
y_coordinates = [70, 27, 64, 21, 64, 38, 35, 55, 45, 45, 31, 46, 65, 25]
x_dimensions = [3, 3, 3, 3, 3, 3, 9, 3, 3, 3, 3, 4, 4, 17]
y_dimensions = [3, 4, 5, 6, 7, 8, 3, 10, 11, 17, 4, 9, 11, 4]
minimum_height = 76
----------
x_coordinates = [6, 1, 9, 15, 9, 15, 5, 17, 11, 3, 15, 16, 12, 2]
y_coordinates = [64, 47, 60, 24, 65, 48, 46, 56, 49, 55, 44, 66, 64, 20]
x_dimensions = [3, 3, 3, 3, 3, 3, 9, 3, 3, 3, 3, 4, 4, 17]
y_dimensions = [3, 4, 5, 6, 7, 8, 3, 10, 11, 17, 4, 9, 11, 4]
minimum_height = 75
----------
x_coordinates = [9, 8, 9, 15, 5, 15, 6, 17, 11, 6, 15, 16, 12, 3]
y_coordinates = [68, 45, 63, 36, 71, 47, 41, 64, 52, 54, 42, 55, 63, 32]
x_dimensions = [3, 3, 3, 3, 7, 3, 9, 3, 3, 3, 3, 4, 4, 17]
y_dimensions = [3, 4, 5, 6, 3, 8, 3, 10, 11, 17, 4, 9, 11, 4]
minimum_height = 74
----------
x_coordinates = [9, 8, 9, 15, 5, 15, 6, 17, 11, 6, 15, 16, 12, 3]
y_coordinates = [67, 45, 62, 36, 70, 46, 41, 63, 51, 53, 42, 54, 62, 2]
x_dimensions = [3, 3, 3, 3, 7, 3, 9, 3, 3, 3, 3, 4, 4, 17]
y_dimensions = [3, 4, 5, 6, 3, 8, 3, 10, 11, 17, 4, 9, 11, 4]
minimum_height = 73
----------
x_coordinates = [9, 8, 9, 15, 5, 15, 4, 17, 9, 6, 15, 16, 12, 1]
y_coordinates = [66, 44, 61, 35, 69, 45, 40, 62, 50, 51, 41, 53, 60, 23]
x_dimensions = [3, 3, 3, 3, 7, 3, 9, 3, 3, 3, 3, 4, 4, 17]
y_dimensions = [3, 4, 5, 6, 3, 8, 3, 10, 11, 17, 4, 9, 11, 4]
minimum_height = 72
----------
x_coordinates = [6, 7, 9, 15, 9, 15, 6, 17, 11, 6, 15, 16, 12, 4]
y_coordinates = [68, 43, 59, 34, 64, 44, 39, 61, 48, 51, 40, 52, 60, 2]
x_dimensions = [3, 3, 3, 3, 3, 3, 9, 3, 3, 3, 3, 4, 4, 4]
y_dimensions = [3, 4, 5, 6, 7, 8, 3, 10, 11, 17, 4, 9, 11, 17]
minimum_height = 71
----------
x_coordinates = [9, 1, 9, 15, 5, 15, 4, 17, 11, 2, 15, 16, 12, 3]
y_coordinates = [64, 42, 59, 33, 67, 43, 42, 60, 48, 53, 39, 51, 59, 4]
x_dimensions = [3, 3, 3, 3, 7, 3, 9, 3, 3, 3, 3, 4, 4, 17]
y_dimensions = [3, 4, 5, 6, 3, 8, 3, 10, 11, 17, 4, 9, 11, 4]
minimum_height = 70
----------
x_coordinates = [10, 0, 10, 17, 13, 13, 1, 0, 10, 7, 14, 16, 3, 6]
y_coordinates = [66, 55, 61, 50, 65, 57, 49, 59, 50, 52, 52, 56, 58, 15]
x_dimensions = [3, 3, 3, 3, 7, 3, 9, 3, 3, 3, 3, 4, 4, 4]
y_dimensions = [3, 4, 5, 6, 3, 8, 3, 10, 11, 17, 4, 9, 11, 17]
minimum_height = 69
----------
x_coordinates = [7, 8, 13, 17, 10, 17, 2, 17, 11, 14, 17, 3, 15, 2]
y_coordinates = [62, 47, 63, 26, 60, 50, 42, 58, 42, 43, 44, 57, 32, 11]
x_dimensions = [3, 3, 3, 3, 7, 3, 9, 3, 3, 3, 3, 4, 4, 17]
y_dimensions = [3, 4, 5, 6, 3, 8, 3, 10, 11, 17, 4, 9, 11, 4]
minimum_height = 68
----------
x_coordinates = [0, 0, 13, 17, 7, 17, 5, 3, 11, 14, 17, 7, 3, 2]
y_coordinates = [60, 63, 62, 46, 58, 52, 44, 61, 47, 45, 60, 49, 50, 18]
x_dimensions = [3, 3, 3, 3, 7, 3, 9, 10, 3, 3, 3, 4, 4, 17]
y_dimensions = [3, 4, 5, 6, 3, 8, 3, 3, 11, 17, 4, 9, 11, 4]
minimum_height = 67
----------
x_coordinates = [0, 0, 13, 17, 7, 17, 5, 3, 11, 14, 17, 7, 3, 1]
y_coordinates = [59, 62, 61, 46, 58, 52, 44, 63, 47, 44, 60, 49, 52, 22]
x_dimensions = [3, 3, 3, 3, 7, 3, 9, 10, 3, 3, 3, 4, 4, 17]
y_dimensions = [3, 4, 5, 6, 3, 8, 3, 3, 11, 17, 4, 9, 11, 4]
minimum_height = 66
----------
x_coordinates = [9, 14, 15, 17, 12, 13, 8, 2, 14, 16, 10, 6, 12, 3]
y_coordinates = [62, 24, 62, 23, 58, 50, 21, 59, 28, 45, 54, 50, 39, 16]
x_dimensions = [3, 3, 5, 3, 3, 3, 9, 10, 3, 3, 3, 4, 4, 17]
y_dimensions = [3, 4, 3, 6, 7, 8, 3, 3, 11, 17, 4, 9, 11, 4]
minimum_height = 65
----------
x_coordinates = [10, 8, 14, 17, 13, 6, 1, 3, 14, 17, 11, 10, 2, 0]
y_coordinates = [58, 54, 52, 41, 57, 50, 46, 61, 41, 47, 53, 41, 49, 19]
x_dimensions = [3, 3, 3, 3, 3, 8, 9, 10, 3, 3, 3, 4, 4, 17]
y_dimensions = [3, 4, 5, 6, 7, 3, 3, 3, 11, 17, 4, 9, 11, 4]
minimum_height = 64
----------
x_coordinates = [0, 6, 14, 16, 0, 14, 6, 7, 0, 17, 11, 7, 3, 1]
y_coordinates = [45, 43, 46, 40, 59, 52, 40, 60, 48, 46, 56, 51, 47, 30]
x_dimensions = [3, 3, 3, 3, 7, 3, 9, 10, 3, 3, 3, 4, 4, 17]
y_dimensions = [3, 4, 5, 6, 3, 8, 3, 3, 11, 17, 4, 9, 11, 4]
minimum_height = 63
----------
x_coordinates = [6, 5, 14, 15, 0, 14, 5, 7, 5, 17, 11, 6, 2, 2]
y_coordinates = [47, 43, 46, 31, 59, 51, 29, 59, 32, 45, 55, 50, 48, 12]
x_dimensions = [3, 3, 3, 3, 7, 3, 9, 10, 3, 3, 3, 4, 4, 17]
y_dimensions = [3, 4, 5, 6, 3, 8, 3, 3, 11, 17, 4, 9, 11, 4]
minimum_height = 62
----------
x_coordinates = [16, 1, 14, 17, 10, 11, 3, 3, 8, 17, 8, 4, 0, 3]
y_coordinates = [41, 57, 53, 35, 58, 50, 37, 40, 43, 44, 54, 52, 46, 29]
x_dimensions = [3, 3, 3, 3, 7, 3, 9, 10, 3, 3, 3, 4, 4, 17]
y_dimensions = [3, 4, 5, 6, 3, 8, 3, 3, 11, 17, 4, 9, 11, 4]
minimum_height = 61
----------
x_coordinates = [1, 7, 14, 16, 4, 14, 3, 4, 4, 17, 11, 10, 0, 3]
y_coordinates = [57, 49, 47, 37, 57, 52, 39, 53, 42, 43, 56, 44, 46, 19]
x_dimensions = [3, 3, 3, 3, 7, 3, 9, 10, 3, 3, 3, 4, 4, 17]
y_dimensions = [3, 4, 5, 6, 3, 8, 3, 3, 11, 17, 4, 9, 11, 4]
minimum_height = 60
----------
x_coordinates = [10, 8, 14, 16, 6, 14, 4, 3, 0, 17, 11, 13, 2, 3]
y_coordinates = [47, 55, 37, 22, 50, 51, 44, 41, 37, 41, 55, 42, 48, 28]
x_dimensions = [3, 3, 3, 3, 7, 3, 9, 10, 3, 3, 3, 4, 4, 17]
y_dimensions = [3, 4, 5, 6, 3, 8, 3, 3, 11, 17, 4, 9, 11, 4]
minimum_height = 59
----------
x_coordinates = [6, 13, 3, 15, 9, 12, 11, 3, 0, 3, 15, 16, 1, 9]
y_coordinates = [51, 47, 49, 29, 51, 55, 37, 46, 43, 43, 40, 46, 54, 9]
x_dimensions = [3, 3, 3, 3, 7, 8, 9, 10, 3, 17, 4, 4, 11, 4]
y_dimensions = [3, 4, 5, 6, 3, 3, 3, 3, 11, 3, 3, 9, 4, 17]
minimum_height = 58
----------
x_coordinates = [13, 14, 14, 17, 9, 8, 5, 10, 12, 3, 15, 16, 2, 3]
y_coordinates = [51, 21, 25, 24, 47, 54, 24, 30, 33, 44, 41, 48, 50, 3]
x_dimensions = [3, 3, 3, 3, 7, 8, 9, 10, 3, 17, 4, 4, 11, 17]
y_dimensions = [3, 4, 5, 6, 3, 3, 3, 3, 11, 3, 3, 9, 4, 4]
minimum_height = 57
----------
x_coordinates = [6, 14, 17, 2, 9, 1, 11, 17, 13, 8, 15, 16, 2, 2]
y_coordinates = [50, 37, 29, 36, 52, 53, 34, 37, 41, 33, 26, 47, 42, 2]
x_dimensions = [3, 3, 3, 6, 7, 8, 9, 3, 3, 3, 4, 4, 4, 17]
y_dimensions = [3, 4, 5, 3, 3, 3, 3, 10, 11, 17, 3, 9, 11, 4]
minimum_height = 56
----------
x_coordinates = [17, 17, 14, 8, 10, 2, 11, 0, 5, 3, 16, 16, 3, 3]
y_coordinates = [51, 47, 47, 38, 52, 52, 41, 42, 33, 44, 29, 32, 48, 5]
x_dimensions = [3, 3, 3, 3, 7, 8, 9, 3, 3, 17, 4, 4, 11, 17]
y_dimensions = [3, 4, 5, 6, 3, 3, 3, 10, 11, 3, 3, 9, 4, 4]
minimum_height = 55
----------
x_coordinates = [12, 7, 11, 14, 9, 13, 17, 1, 10, 0, 16, 16, 1, 3]
y_coordinates = [51, 35, 42, 41, 28, 20, 45, 43, 31, 47, 23, 27, 50, 14]
x_dimensions = [3, 3, 3, 6, 7, 3, 3, 10, 3, 17, 4, 4, 11, 17]
y_dimensions = [3, 4, 5, 3, 3, 8, 9, 3, 11, 3, 3, 9, 4, 4]
minimum_height = 54
----------
x_coordinates = [12, 6, 11, 14, 9, 13, 17, 1, 10, 0, 16, 16, 1, 3]
y_coordinates = [50, 29, 41, 40, 27, 32, 43, 42, 30, 46, 37, 28, 49, 5]
x_dimensions = [3, 3, 3, 6, 7, 3, 3, 10, 3, 17, 4, 4, 11, 17]
y_dimensions = [3, 4, 5, 3, 3, 8, 9, 3, 11, 3, 3, 9, 4, 4]
minimum_height = 53
----------
x_coordinates = [0, 15, 17, 4, 14, 6, 17, 10, 9, 2, 13, 13, 3, 3]
y_coordinates = [45, 23, 41, 46, 39, 34, 32, 46, 31, 49, 36, 27, 42, 19]
x_dimensions = [3, 3, 3, 6, 3, 3, 3, 10, 3, 17, 4, 4, 11, 17]
y_dimensions = [3, 4, 5, 3, 7, 8, 9, 3, 11, 3, 3, 9, 4, 4]
minimum_height = 52
----------
x_coordinates = [1, 3, 17, 14, 3, 9, 16, 4, 13, 3, 17, 13, 5, 3]
y_coordinates = [47, 31, 43, 48, 41, 32, 34, 48, 33, 21, 30, 24, 44, 17]
x_dimensions = [3, 3, 3, 6, 7, 3, 3, 10, 3, 17, 3, 4, 11, 17]
y_dimensions = [3, 4, 5, 3, 3, 8, 9, 3, 11, 3, 4, 9, 4, 4]
minimum_height = 51
----------
x_coordinates = [6, 0, 15, 9, 3, 13, 0, 10, 14, 2, 16, 16, 9, 1]
y_coordinates = [47, 45, 38, 40, 43, 30, 36, 43, 14, 11, 34, 25, 46, 3]
x_dimensions = [3, 3, 3, 6, 7, 3, 3, 10, 3, 17, 3, 4, 11, 17]
y_dimensions = [3, 4, 5, 3, 3, 8, 9, 3, 11, 3, 4, 9, 4, 4]
minimum_height = 50
----------
x_coordinates = [0, 2, 17, 9, 3, 13, 5, 10, 15, 0, 16, 16, 9, 3]
y_coordinates = [45, 39, 24, 23, 46, 34, 37, 46, 13, 26, 38, 29, 42, 5]
x_dimensions = [3, 3, 3, 6, 7, 3, 3, 10, 3, 17, 3, 4, 11, 17]
y_dimensions = [3, 4, 5, 3, 3, 8, 9, 3, 11, 3, 4, 9, 4, 4]
minimum_height = 49
----------
x_coordinates = [1, 9, 17, 4, 10, 13, 13, 0, 3, 0, 17, 16, 9, 3]
y_coordinates = [41, 25, 43, 42, 43, 27, 18, 45, 24, 35, 34, 25, 38, 5]
x_dimensions = [3, 3, 3, 6, 7, 3, 3, 10, 3, 17, 3, 4, 11, 17]
y_dimensions = [3, 4, 5, 3, 3, 8, 9, 3, 11, 3, 4, 9, 4, 4]
minimum_height = 48
----------
x_coordinates = [0, 9, 17, 3, 10, 14, 5, 0, 17, 8, 17, 1, 9, 3]
y_coordinates = [41, 16, 42, 41, 43, 30, 32, 44, 23, 21, 34, 32, 38, 5]
x_dimensions = [3, 3, 3, 6, 7, 3, 3, 10, 3, 3, 3, 4, 11, 17]
y_dimensions = [3, 4, 5, 3, 3, 8, 9, 3, 11, 17, 4, 9, 4, 4]
minimum_height = 47
----------
x_coordinates = [0, 2, 17, 9, 3, 13, 14, 10, 10, 6, 16, 16, 9, 3]
y_coordinates = [41, 37, 21, 36, 43, 28, 17, 43, 25, 25, 35, 26, 39, 13]
x_dimensions = [3, 3, 3, 6, 7, 3, 3, 10, 3, 3, 3, 4, 11, 17]
y_dimensions = [3, 4, 5, 3, 3, 8, 9, 3, 11, 17, 4, 9, 4, 4]
minimum_height = 46
----------
x_coordinates = [3, 9, 16, 10, 6, 17, 0, 0, 14, 4, 11, 7, 9, 2]
y_coordinates = [38, 21, 40, 42, 39, 27, 33, 42, 24, 21, 31, 26, 35, 15]
x_dimensions = [3, 3, 3, 6, 7, 3, 3, 10, 3, 3, 3, 4, 11, 17]
y_dimensions = [3, 4, 5, 3, 3, 8, 9, 3, 11, 17, 4, 9, 4, 4]
minimum_height = 45
----------
x_coordinates = [1, 8, 17, 10, 4, 17, 17, 0, 14, 11, 5, 0, 10, 2]
y_coordinates = [23, 35, 22, 41, 25, 27, 35, 40, 25, 24, 33, 27, 13, 9]
x_dimensions = [3, 3, 3, 6, 7, 3, 3, 10, 3, 3, 3, 4, 4, 17]
y_dimensions = [3, 4, 5, 3, 3, 8, 9, 3, 11, 17, 4, 9, 11, 4]
minimum_height = 44
----------
x_coordinates = [1, 8, 16, 10, 4, 17, 17, 0, 14, 11, 3, 0, 10, 1]
y_coordinates = [22, 29, 38, 40, 24, 30, 21, 39, 24, 23, 35, 26, 12, 4]
x_dimensions = [3, 3, 3, 6, 7, 3, 3, 10, 3, 3, 3, 4, 4, 17]
y_dimensions = [3, 4, 5, 3, 3, 8, 9, 3, 11, 17, 4, 9, 11, 4]
minimum_height = 43
----------
x_coordinates = [1, 8, 16, 10, 4, 17, 17, 0, 14, 11, 5, 7, 10, 3]
y_coordinates = [21, 35, 37, 39, 23, 29, 20, 39, 21, 22, 35, 26, 11, 7]
x_dimensions = [3, 3, 3, 6, 7, 3, 3, 10, 3, 3, 3, 4, 4, 17]
y_dimensions = [3, 4, 5, 3, 3, 8, 9, 3, 11, 17, 4, 9, 11, 4]
minimum_height = 42
----------
x_coordinates = [2, 16, 0, 6, 5, 17, 15, 2, 15, 0, 3, 12, 11, 1]
y_coordinates = [27, 27, 30, 32, 28, 33, 7, 35, 16, 38, 31, 29, 17, 3]
x_dimensions = [3, 3, 3, 6, 7, 3, 3, 10, 3, 17, 3, 4, 4, 17]
y_dimensions = [3, 4, 5, 3, 3, 8, 9, 3, 11, 3, 4, 9, 11, 4]
minimum_height = 41
----------
x_coordinates = [12, 17, 4, 10, 5, 5, 17, 6, 14, 3, 13, 16, 1, 5]
y_coordinates = [30, 36, 24, 27, 31, 34, 12, 37, 10, 21, 33, 27, 29, 2]
x_dimensions = [3, 3, 3, 6, 7, 8, 3, 10, 3, 17, 3, 4, 4, 4]
y_dimensions = [3, 4, 5, 3, 3, 3, 9, 3, 11, 3, 4, 9, 11, 17]
minimum_height = 40
----------
x_coordinates = [7, 17, 10, 12, 9, 1, 15, 0, 17, 3, 17, 12, 13, 3]
y_coordinates = [29, 30, 31, 0, 36, 35, 3, 32, 19, 12, 34, 16, 25, 15]
x_dimensions = [3, 3, 3, 6, 7, 8, 3, 10, 3, 17, 3, 4, 4, 4]
y_dimensions = [3, 4, 5, 3, 3, 3, 9, 3, 11, 3, 4, 9, 11, 17]
minimum_height = 39
----------
x_coordinates = [7, 17, 0, 11, 9, 8, 17, 10, 8, 0, 16, 13, 3, 3]
y_coordinates = [29, 16, 31, 26, 32, 35, 20, 29, 18, 14, 34, 17, 27, 12]
x_dimensions = [3, 3, 3, 6, 7, 8, 3, 10, 3, 3, 3, 4, 4, 17]
y_dimensions = [3, 4, 5, 3, 3, 3, 9, 3, 11, 17, 4, 9, 11, 4]
minimum_height = 38
----------
x_coordinates = [17, 17, 0, 10, 7, 12, 4, 10, 0, 7, 14, 16, 3, 0]
y_coordinates = [33, 14, 32, 24, 34, 27, 17, 30, 21, 17, 33, 18, 26, 13]
x_dimensions = [3, 3, 3, 6, 7, 8, 3, 10, 3, 3, 3, 4, 4, 17]
y_dimensions = [3, 4, 5, 3, 3, 3, 9, 3, 11, 17, 4, 9, 11, 4]
minimum_height = 37
----------
x_coordinates = [17, 17, 0, 0, 7, 9, 10, 10, 17, 3, 14, 13, 3, 1]
y_coordinates = [33, 10, 31, 16, 33, 26, 17, 29, 18, 14, 32, 17, 25, 6]
x_dimensions = [3, 3, 3, 3, 7, 8, 3, 10, 3, 17, 3, 4, 4, 17]
y_dimensions = [3, 4, 5, 6, 3, 3, 9, 3, 11, 3, 4, 9, 11, 4]
minimum_height = 36
----------
x_coordinates = [17, 4, 7, 17, 7, 9, 16, 10, 17, 0, 14, 3, 12, 0]
y_coordinates = [32, 3, 4, 25, 32, 27, 5, 2, 14, 23, 30, 26, 5, 16]
x_dimensions = [3, 3, 3, 3, 7, 8, 3, 10, 3, 17, 3, 4, 4, 17]
y_dimensions = [3, 4, 5, 6, 3, 3, 9, 3, 11, 3, 4, 9, 11, 4]
minimum_height = 35
----------
x_coordinates = [17, 0, 7, 4, 13, 5, 17, 10, 0, 3, 14, 3, 10, 2]
y_coordinates = [16, 15, 15, 25, 31, 31, 19, 13, 21, 28, 18, 15, 17, 4]
x_dimensions = [3, 3, 3, 6, 7, 8, 3, 10, 3, 17, 3, 4, 4, 17]
y_dimensions = [3, 4, 5, 3, 3, 3, 9, 3, 11, 3, 4, 9, 11, 4]
minimum_height = 34
----------
x_coordinates = [11, 14, 4, 13, 10, 12, 17, 17, 0, 0, 14, 3, 7, 0]
y_coordinates = [22, 19, 19, 5, 30, 27, 8, 17, 22, 16, 23, 24, 19, 12]
x_dimensions = [3, 3, 3, 6, 7, 8, 3, 3, 3, 17, 3, 4, 4, 17]
y_dimensions = [3, 4, 5, 3, 3, 3, 9, 10, 11, 3, 4, 9, 11, 4]
minimum_height = 33
----------
x_coordinates = [11, 13, 1, 0, 7, 12, 0, 14, 8, 3, 17, 9, 4, 2]
y_coordinates = [26, 12, 27, 12, 0, 29, 18, 19, 21, 16, 25, 7, 21, 3]
x_dimensions = [3, 3, 3, 3, 7, 8, 3, 3, 3, 17, 3, 4, 4, 17]
y_dimensions = [3, 4, 5, 6, 3, 3, 9, 10, 11, 3, 4, 9, 11, 4]
minimum_height = 32
----------
x_coordinates = [16, 9, 7, 14, 13, 9, 0, 17, 17, 0, 14, 3, 10, 1]
y_coordinates = [7, 9, 19, 22, 0, 28, 21, 10, 20, 14, 18, 21, 17, 3]
x_dimensions = [3, 3, 3, 3, 7, 8, 3, 3, 3, 17, 3, 4, 4, 17]
y_dimensions = [3, 4, 5, 6, 3, 3, 9, 10, 11, 3, 4, 9, 11, 4]
minimum_height = 31
----------
x_coordinates = [15, 13, 3, 14, 13, 12, 0, 17, 3, 6, 14, 9, 11, 2]
y_coordinates = [7, 0, 19, 23, 20, 27, 19, 10, 24, 7, 16, 15, 4, 2]
x_dimensions = [3, 3, 3, 6, 7, 8, 3, 3, 11, 3, 3, 4, 4, 4]
y_dimensions = [3, 4, 5, 3, 3, 3, 9, 10, 3, 17, 4, 9, 11, 17]
minimum_height = 30
----------
x_coordinates = [17, 17, 10, 10, 10, 12, 0, 13, 5, 7, 14, 3, 16, 2]
y_coordinates = [12, 7, 18, 23, 6, 3, 20, 13, 26, 8, 9, 17, 18, 0]
x_dimensions = [3, 3, 3, 6, 7, 8, 3, 3, 11, 3, 3, 4, 4, 4]
y_dimensions = [3, 4, 5, 3, 3, 3, 9, 10, 3, 17, 4, 9, 11, 17]
minimum_height = 29
----------
x_coordinates = [13, 0, 3, 17, 2, 16, 0, 6, 1, 9, 0, 16, 12, 0]
y_coordinates = [14, 14, 17, 5, 9, 11, 22, 12, 25, 8, 18, 19, 17, 4]
x_dimensions = [3, 3, 3, 3, 7, 3, 9, 3, 11, 3, 3, 4, 4, 17]
y_dimensions = [3, 4, 5, 6, 3, 8, 3, 10, 3, 17, 4, 9, 11, 4]
minimum_height = 28
----------
x_coordinates = [0, 2, 7, 12, 3, 17, 10, 1, 2, 17, 4, 4, 13, 0]
y_coordinates = [11, 2, 13, 0, 10, 17, 11, 14, 24, 0, 16, 20, 16, 6]
x_dimensions = [3, 3, 3, 3, 7, 3, 3, 3, 11, 3, 3, 9, 4, 17]
y_dimensions = [3, 4, 5, 6, 3, 8, 9, 10, 3, 17, 4, 4, 11, 4]
minimum_height = 27
----------
x_coordinates = [4, 10, 10, 3, 6, 1, 1, 7, 6, 17, 16, 11, 13, 0]
y_coordinates = [16, 13, 17, 1, 1, 13, 21, 11, 4, 5, 0, 22, 11, 7]
x_dimensions = [3, 3, 3, 3, 7, 3, 9, 3, 11, 3, 3, 9, 4, 17]
y_dimensions = [3, 4, 5, 6, 3, 8, 3, 10, 3, 17, 4, 4, 11, 4]
minimum_height = 26
----------
x_coordinates = [10, 4, 10, 9, 6, 7, 2, 17, 2, 13, 6, 11, 16, 0]
y_coordinates = [9, 9, 12, 0, 6, 9, 20, 0, 17, 4, 2, 21, 10, 0]
x_dimensions = [3, 3, 3, 3, 7, 3, 9, 3, 11, 3, 3, 9, 4, 4]
y_dimensions = [3, 4, 5, 6, 3, 8, 3, 10, 3, 17, 4, 4, 11, 17]
minimum_height = 25
----------
x_coordinates = [11, 11, 11, 14, 13, 14, 0, 17, 9, 4, 1, 11, 0, 7]
y_coordinates = [14, 4, 8, 3, 0, 9, 19, 5, 17, 2, 2, 20, 7, 0]
x_dimensions = [3, 3, 3, 3, 7, 3, 9, 3, 11, 3, 3, 9, 4, 4]
y_dimensions = [3, 4, 5, 6, 3, 8, 3, 10, 3, 17, 4, 4, 11, 17]
minimum_height = 24
----------
x_coordinates = [0, 3, 3, 6, 2, 6, 11, 0, 0, 17, 3, 13, 13, 9]
y_coordinates = [16, 4, 8, 5, 1, 11, 20, 6, 19, 3, 15, 0, 9, 2]
x_dimensions = [3, 3, 3, 3, 7, 3, 9, 3, 11, 3, 3, 4, 4, 4]
y_dimensions = [3, 4, 5, 6, 3, 8, 3, 10, 3, 17, 4, 9, 11, 17]
minimum_height = 23
----------
x_coordinates = [7, 0, 7, 7, 0, 10, 2, 3, 6, 17, 4, 11, 13, 0]
y_coordinates = [16, 5, 11, 7, 12, 10, 19, 5, 4, 1, 15, 18, 7, 0]
x_dimensions = [3, 3, 3, 6, 3, 3, 9, 3, 11, 3, 3, 9, 4, 17]
y_dimensions = [3, 4, 5, 3, 7, 8, 3, 10, 3, 17, 4, 4, 11, 4]
minimum_height = 22
----------
x_coordinates = [6, 0, 0, 0, 2, 6, 8, 3, 9, 17, 4, 9, 13, 0]
y_coordinates = [10, 0, 16, 10, 7, 13, 0, 11, 18, 1, 0, 9, 7, 3]
x_dimensions = [3, 4, 3, 3, 7, 3, 9, 3, 11, 3, 4, 4, 4, 17]
y_dimensions = [3, 3, 5, 6, 3, 8, 3, 10, 3, 17, 3, 9, 11, 4]
minimum_height = 21
----------
x_coordinates = [6, 6, 15, 3, 0, 7, 0, 10, 9, 3, 0, 11, 0, 3]
y_coordinates = [8, 11, 17, 8, 17, 17, 8, 11, 8, 14, 4, 0, 0, 4]
x_dimensions = [3, 4, 5, 3, 7, 8, 3, 10, 11, 17, 3, 9, 11, 17]
y_dimensions = [3, 3, 3, 6, 3, 3, 9, 3, 3, 3, 4, 4, 4, 4]
minimum_height = 20
----------
==========
%%%mzn-stat: nodes=30043
%%%mzn-stat: failures=11675
%%%mzn-stat: restarts=417
%%%mzn-stat: variables=5129
%%%mzn-stat: intVars=59
%%%mzn-stat: boolVariables=5068
%%%mzn-stat: propagators=760
%%%mzn-stat: propagations=4022768
%%%mzn-stat: peakDepth=122
%%%mzn-stat: nogoods=11675
%%%mzn-stat: backjumps=5538
%%%mzn-stat: peakMem=0.00
%%%mzn-stat: time=1.518
%%%mzn-stat: initTime=0.010
%%%mzn-stat: solveTime=1.508
%%%mzn-stat: objective=20
%%%mzn-stat: optTime=1.508
%%%mzn-stat: baseMem=0.00
%%%mzn-stat: trailMem=0.01
%%%mzn-stat: randomSeed=1657541159
