x_coordinates = [22, 12, 1, 19, 0, 10, 7, 7, 11, 12, 0, 0, 3, 11, 13, 11, 20, 15, 4]
y_coordinates = [165, 152, 165, 15, 99, 169, 191, 194, 188, 197, 187, 177, 197, 163, 185, 166, 185, 182, 194]
x_dimensions = [3, 13, 4, 4, 25, 3, 18, 17, 14, 13, 3, 10, 9, 8, 7, 6, 5, 4, 3]
y_dimensions = [6, 4, 7, 5, 3, 19, 3, 3, 3, 3, 11, 3, 3, 3, 3, 3, 3, 3, 3]
minimum_height = 200
----------
x_coordinates = [19, 21, 15, 5, 0, 16, 7, 3, 7, 12, 0, 6, 3, 9, 9, 19, 11, 21, 7]
y_coordinates = [166, 172, 122, 39, 20, 171, 190, 179, 193, 196, 187, 180, 196, 112, 183, 185, 187, 193, 186]
x_dimensions = [3, 4, 7, 5, 25, 3, 18, 3, 14, 13, 3, 10, 9, 8, 7, 6, 5, 4, 3]
y_dimensions = [6, 13, 4, 4, 3, 19, 3, 17, 3, 3, 11, 3, 3, 3, 3, 3, 3, 3, 3]
minimum_height = 199
----------
x_coordinates = [6, 5, 17, 20, 0, 14, 7, 4, 11, 11, 8, 12, 16, 0, 6, 0, 10, 0, 16]
y_coordinates = [83, 174, 126, 177, 62, 139, 181, 178, 188, 191, 187, 185, 194, 195, 156, 154, 136, 190, 122]
x_dimensions = [6, 13, 7, 5, 25, 3, 18, 3, 14, 13, 3, 10, 9, 8, 7, 6, 5, 4, 3]
y_dimensions = [3, 4, 4, 4, 3, 19, 3, 17, 3, 3, 11, 3, 3, 3, 3, 3, 3, 3, 3]
minimum_height = 198
----------
x_coordinates = [22, 12, 11, 17, 12, 19, 7, 21, 18, 15, 12, 5, 13, 5, 8, 14, 14, 21, 15]
y_coordinates = [191, 31, 124, 175, 46, 152, 146, 171, 180, 181, 149, 184, 194, 193, 187, 172, 169, 188, 130]
x_dimensions = [3, 4, 4, 4, 3, 3, 18, 3, 3, 3, 11, 10, 9, 8, 7, 6, 5, 4, 3]
y_dimensions = [6, 13, 7, 5, 25, 19, 3, 17, 14, 13, 3, 3, 3, 3, 3, 3, 3, 3, 3]
minimum_height = 197
----------
x_coordinates = [15, 6, 18, 18, 0, 22, 7, 4, 13, 15, 10, 4, 16, 6, 18, 22, 8, 15, 7]
y_coordinates = [156, 30, 180, 191, 73, 141, 177, 179, 182, 159, 182, 171, 184, 103, 187, 190, 193, 174, 183]
x_dimensions = [6, 4, 7, 4, 25, 3, 18, 3, 3, 3, 3, 10, 9, 8, 7, 3, 5, 4, 3]
y_dimensions = [3, 13, 4, 5, 3, 19, 3, 17, 14, 13, 11, 3, 3, 3, 3, 6, 3, 3, 3]
minimum_height = 196
----------
x_coordinates = [19, 5, 8, 21, 0, 14, 7, 5, 22, 21, 11, 15, 13, 17, 4, 16, 10, 15, 18]
y_coordinates = [154, 147, 124, 173, 96, 151, 170, 182, 181, 157, 188, 178, 185, 141, 189, 191, 192, 56, 125]
x_dimensions = [6, 13, 7, 4, 25, 3, 18, 17, 3, 3, 11, 10, 9, 8, 7, 6, 5, 4, 3]
y_dimensions = [3, 4, 4, 5, 3, 19, 3, 3, 14, 13, 3, 3, 3, 3, 3, 3, 3, 3, 3]
minimum_height = 195
----------
x_coordinates = [17, 5, 3, 18, 12, 19, 4, 5, 22, 21, 6, 12, 10, 10, 3, 17, 1, 0, 9]
y_coordinates = [2, 87, 173, 186, 53, 158, 177, 180, 176, 5, 189, 183, 174, 186, 186, 191, 189, 182, 130]
x_dimensions = [6, 13, 7, 4, 3, 3, 18, 17, 3, 3, 11, 10, 9, 8, 7, 6, 5, 4, 3]
y_dimensions = [3, 4, 4, 5, 25, 19, 3, 3, 14, 13, 3, 3, 3, 3, 3, 3, 3, 3, 3]
minimum_height = 194
----------
x_coordinates = [17, 4, 12, 21, 0, 1, 7, 5, 17, 20, 7, 7, 9, 17, 18, 19, 2, 22, 17]
y_coordinates = [43, 175, 124, 188, 39, 171, 137, 183, 166, 167, 190, 179, 187, 180, 186, 163, 190, 184, 132]
x_dimensions = [6, 13, 7, 4, 25, 3, 18, 17, 3, 3, 11, 10, 9, 8, 3, 6, 5, 3, 3]
y_dimensions = [3, 4, 4, 5, 3, 19, 3, 3, 14, 13, 3, 3, 3, 3, 7, 3, 3, 4, 3]
minimum_height = 193
----------
x_coordinates = [17, 6, 15, 21, 0, 17, 7, 6, 17, 20, 7, 11, 15, 17, 18, 19, 2, 19, 22]
y_coordinates = [142, 136, 124, 184, 10, 162, 129, 181, 148, 160, 188, 185, 145, 133, 189, 136, 187, 139, 126]
x_dimensions = [6, 13, 7, 4, 25, 3, 18, 17, 3, 3, 11, 10, 9, 8, 7, 6, 5, 4, 3]
y_dimensions = [3, 4, 4, 5, 3, 19, 3, 3, 14, 13, 3, 3, 3, 3, 3, 3, 3, 3, 3]
minimum_height = 192
----------
x_coordinates = [1, 3, 15, 21, 0, 22, 7, 5, 15, 11, 10, 6, 16, 4, 3, 22, 16, 12, 20]
y_coordinates = [179, 75, 124, 186, 88, 155, 174, 181, 160, 152, 188, 184, 177, 178, 187, 180, 185, 178, 150]
x_dimensions = [3, 4, 7, 4, 3, 3, 18, 17, 3, 3, 11, 10, 9, 8, 7, 3, 5, 4, 3]
y_dimensions = [6, 13, 4, 5, 25, 19, 3, 3, 14, 13, 3, 3, 3, 3, 3, 6, 3, 3, 3]
minimum_height = 191
----------
x_coordinates = [22, 5, 16, 2, 0, 0, 3, 1, 21, 22, 8, 15, 6, 4, 12, 19, 5, 18, 20]
y_coordinates = [180, 169, 147, 185, 74, 163, 166, 182, 153, 167, 173, 187, 185, 179, 178, 175, 176, 184, 144]
x_dimensions = [3, 13, 7, 4, 25, 3, 18, 17, 3, 3, 11, 10, 9, 8, 7, 3, 5, 4, 3]
y_dimensions = [6, 4, 4, 5, 3, 19, 3, 3, 14, 13, 3, 3, 3, 3, 3, 6, 3, 3, 3]
minimum_height = 190
----------
x_coordinates = [22, 10, 3, 3, 0, 14, 17, 5, 20, 22, 3, 11, 13, 5, 4, 1, 8, 21, 19]
y_coordinates = [180, 105, 124, 174, 17, 159, 160, 182, 151, 167, 164, 185, 178, 179, 185, 181, 176, 186, 127]
x_dimensions = [3, 13, 7, 4, 25, 3, 3, 17, 3, 3, 11, 10, 9, 8, 7, 3, 5, 4, 3]
y_dimensions = [6, 4, 4, 5, 3, 19, 18, 3, 14, 13, 3, 3, 3, 3, 3, 6, 3, 3, 3]
minimum_height = 189
----------
x_coordinates = [21, 7, 9, 4, 0, 20, 7, 5, 21, 18, 4, 12, 16, 17, 5, 2, 4, 22, 20]
y_coordinates = [176, 145, 125, 161, 93, 134, 156, 182, 162, 169, 172, 185, 159, 153, 185, 182, 175, 184, 127]
x_dimensions = [3, 13, 4, 4, 25, 3, 18, 17, 3, 3, 11, 10, 9, 8, 7, 3, 5, 3, 3]
y_dimensions = [6, 4, 7, 5, 3, 19, 3, 3, 14, 13, 3, 3, 3, 3, 3, 6, 3, 4, 3]
minimum_height = 188
----------
x_coordinates = [22, 5, 17, 6, 0, 18, 3, 8, 21, 12, 6, 15, 16, 17, 15, 4, 7, 22, 22]
y_coordinates = [168, 148, 131, 167, 87, 143, 162, 184, 151, 171, 159, 174, 165, 181, 178, 180, 180, 177, 140]
x_dimensions = [3, 13, 7, 4, 25, 3, 18, 17, 3, 3, 11, 10, 9, 8, 7, 3, 5, 3, 3]
y_dimensions = [6, 4, 4, 5, 3, 19, 3, 3, 14, 13, 3, 3, 3, 3, 3, 6, 3, 4, 3]
minimum_height = 187
----------
x_coordinates = [22, 7, 21, 0, 5, 22, 7, 8, 22, 16, 3, 12, 7, 4, 0, 19, 0, 5, 19]
y_coordinates = [177, 160, 126, 178, 50, 135, 157, 183, 163, 167, 172, 180, 176, 179, 175, 171, 183, 182, 177]
x_dimensions = [3, 13, 4, 4, 3, 3, 18, 17, 3, 3, 11, 10, 9, 8, 7, 3, 5, 3, 3]
y_dimensions = [6, 4, 7, 5, 25, 19, 3, 3, 14, 13, 3, 3, 3, 3, 3, 6, 3, 4, 3]
minimum_height = 186
----------
x_coordinates = [22, 9, 4, 0, 0, 19, 1, 5, 22, 16, 14, 0, 10, 8, 3, 22, 11, 19, 20]
y_coordinates = [179, 69, 172, 174, 35, 151, 162, 182, 156, 165, 92, 179, 178, 175, 169, 173, 171, 177, 170]
x_dimensions = [3, 13, 4, 4, 25, 3, 18, 17, 3, 3, 11, 10, 9, 8, 7, 3, 5, 3, 3]
y_dimensions = [6, 4, 7, 5, 3, 19, 3, 3, 14, 13, 3, 3, 3, 3, 3, 6, 3, 4, 3]
minimum_height = 185
----------
x_coordinates = [4, 1, 10, 0, 0, 22, 7, 6, 6, 22, 6, 7, 12, 14, 13, 1, 16, 21, 20]
y_coordinates = [178, 87, 173, 179, 91, 135, 157, 154, 160, 168, 141, 174, 180, 177, 167, 175, 173, 181, 165]
x_dimensions = [3, 13, 4, 4, 25, 3, 18, 17, 3, 3, 11, 3, 9, 8, 7, 6, 5, 4, 3]
y_dimensions = [6, 4, 7, 5, 3, 19, 3, 3, 14, 13, 3, 10, 3, 3, 3, 3, 3, 3, 3]
minimum_height = 184
----------
x_coordinates = [19, 6, 21, 5, 12, 22, 0, 5, 18, 20, 10, 9, 22, 17, 6, 18, 13, 21, 20]
y_coordinates = [170, 98, 176, 175, 90, 144, 159, 167, 150, 128, 164, 174, 167, 141, 180, 177, 180, 163, 125]
x_dimensions = [3, 4, 4, 4, 3, 3, 18, 17, 3, 3, 11, 10, 3, 8, 7, 3, 5, 3, 3]
y_dimensions = [6, 13, 7, 5, 25, 19, 3, 3, 14, 13, 3, 3, 9, 3, 3, 6, 3, 4, 3]
minimum_height = 183
----------
x_coordinates = [22, 12, 15, 11, 0, 0, 3, 5, 21, 20, 14, 14, 22, 14, 18, 19, 20, 22, 20]
y_coordinates = [176, 103, 178, 175, 85, 159, 157, 169, 146, 120, 137, 160, 167, 166, 140, 172, 143, 163, 134]
x_dimensions = [3, 13, 7, 4, 25, 3, 18, 17, 3, 3, 11, 10, 3, 8, 7, 3, 5, 3, 3]
y_dimensions = [6, 4, 4, 5, 3, 19, 3, 3, 14, 13, 3, 3, 9, 3, 3, 6, 3, 4, 3]
minimum_height = 182
----------
x_coordinates = [22, 12, 18, 4, 7, 22, 3, 7, 21, 20, 4, 8, 16, 17, 9, 16, 2, 19, 20]
y_coordinates = [171, 99, 177, 176, 85, 149, 148, 116, 135, 119, 170, 178, 168, 132, 175, 171, 118, 173, 113]
x_dimensions = [3, 13, 7, 4, 3, 3, 18, 17, 3, 3, 11, 10, 9, 8, 7, 3, 5, 3, 3]
y_dimensions = [6, 4, 4, 5, 25, 19, 3, 3, 14, 13, 3, 3, 3, 3, 3, 6, 3, 4, 3]
minimum_height = 181
----------
x_coordinates = [22, 8, 21, 14, 0, 18, 7, 5, 22, 22, 11, 15, 20, 17, 17, 21, 16, 22, 20]
y_coordinates = [154, 99, 164, 159, 85, 155, 106, 152, 109, 141, 120, 177, 132, 129, 126, 171, 174, 160, 123]
x_dimensions = [3, 13, 4, 4, 3, 3, 18, 17, 3, 3, 11, 10, 3, 8, 7, 3, 5, 3, 3]
y_dimensions = [6, 4, 7, 5, 25, 19, 3, 3, 14, 13, 3, 3, 9, 3, 3, 6, 3, 4, 3]
minimum_height = 180
----------
x_coordinates = [22, 12, 21, 14, 0, 8, 3, 7, 21, 11, 0, 15, 16, 0, 13, 19, 14, 19, 20]
y_coordinates = [172, 121, 159, 175, 85, 160, 150, 153, 139, 165, 152, 156, 166, 172, 162, 173, 172, 169, 130]
x_dimensions = [3, 13, 4, 5, 25, 3, 18, 17, 3, 3, 3, 10, 9, 8, 7, 3, 5, 3, 3]
y_dimensions = [6, 4, 7, 4, 3, 19, 3, 3, 14, 13, 11, 3, 3, 3, 3, 6, 3, 4, 3]
minimum_height = 179
----------
x_coordinates = [22, 1, 21, 20, 5, 9, 7, 6, 22, 19, 4, 12, 6, 8, 15, 18, 1, 15, 20]
y_coordinates = [165, 101, 171, 160, 85, 159, 153, 156, 139, 136, 145, 167, 169, 148, 164, 171, 169, 170, 129]
x_dimensions = [3, 4, 4, 5, 3, 3, 18, 17, 3, 3, 3, 10, 3, 8, 7, 3, 5, 3, 3]
y_dimensions = [6, 13, 7, 4, 25, 19, 3, 3, 14, 13, 11, 3, 9, 3, 3, 6, 3, 4, 3]
minimum_height = 178
----------
x_coordinates = [22, 11, 20, 16, 0, 4, 9, 6, 12, 18, 1, 15, 7, 8, 13, 19, 18, 16, 22]
y_coordinates = [168, 82, 161, 160, 87, 155, 150, 174, 151, 141, 164, 154, 171, 168, 165, 168, 157, 170, 137]
x_dimensions = [3, 13, 4, 4, 25, 3, 3, 17, 3, 3, 3, 10, 9, 8, 7, 3, 5, 3, 3]
y_dimensions = [6, 4, 7, 5, 3, 19, 18, 3, 14, 13, 11, 3, 3, 3, 3, 6, 3, 4, 3]
minimum_height = 177
----------
x_coordinates = [18, 6, 21, 11, 10, 5, 15, 8, 8, 20, 2, 14, 9, 17, 8, 20, 20, 22, 20]
y_coordinates = [166, 96, 162, 162, 87, 157, 152, 173, 153, 146, 165, 137, 170, 134, 167, 140, 159, 169, 130]
x_dimensions = [3, 4, 4, 4, 3, 3, 3, 17, 3, 3, 3, 10, 9, 8, 7, 3, 5, 3, 3]
y_dimensions = [6, 13, 7, 5, 25, 19, 18, 3, 14, 13, 11, 3, 3, 3, 3, 6, 3, 4, 3]
minimum_height = 176
----------
x_coordinates = [22, 1, 21, 7, 7, 18, 22, 8, 22, 7, 14, 15, 16, 10, 11, 22, 17, 5, 20]
y_coordinates = [124, 109, 168, 167, 85, 156, 150, 121, 130, 149, 143, 115, 118, 172, 169, 144, 149, 120, 109]
x_dimensions = [3, 4, 4, 4, 3, 3, 3, 17, 3, 3, 3, 10, 9, 8, 7, 3, 5, 3, 3]
y_dimensions = [6, 13, 7, 5, 25, 19, 18, 3, 14, 13, 11, 3, 3, 3, 3, 6, 3, 4, 3]
minimum_height = 175
----------
x_coordinates = [22, 12, 2, 17, 0, 22, 21, 5, 22, 19, 18, 15, 13, 10, 6, 20, 17, 2, 20]
y_coordinates = [168, 104, 163, 163, 85, 117, 150, 171, 136, 122, 146, 108, 168, 149, 167, 111, 135, 170, 89]
x_dimensions = [3, 13, 4, 4, 25, 3, 3, 17, 3, 3, 3, 10, 9, 8, 7, 3, 5, 3, 3]
y_dimensions = [6, 4, 7, 5, 3, 19, 18, 3, 14, 13, 11, 3, 3, 3, 3, 6, 3, 4, 3]
minimum_height = 174
----------
x_coordinates = [22, 7, 12, 1, 11, 22, 19, 4, 16, 19, 4, 9, 13, 8, 8, 5, 15, 10, 20]
y_coordinates = [148, 104, 163, 168, 85, 154, 152, 149, 153, 133, 156, 160, 146, 156, 170, 167, 170, 145, 124]
x_dimensions = [3, 4, 4, 4, 3, 3, 3, 17, 3, 3, 3, 3, 9, 8, 7, 3, 5, 3, 3]
y_dimensions = [6, 13, 7, 5, 25, 19, 18, 3, 14, 13, 11, 10, 3, 3, 3, 6, 3, 4, 3]
minimum_height = 173
----------
x_coordinates = [22, 12, 18, 14, 3, 20, 22, 4, 20, 19, 16, 13, 13, 15, 14, 17, 19, 21, 20]
y_coordinates = [148, 99, 165, 164, 85, 121, 154, 146, 104, 152, 153, 153, 149, 140, 143, 134, 118, 144, 59]
x_dimensions = [3, 13, 4, 4, 3, 3, 3, 17, 3, 3, 3, 3, 9, 8, 7, 3, 5, 3, 3]
y_dimensions = [6, 4, 7, 5, 25, 19, 18, 3, 14, 13, 11, 10, 3, 3, 3, 6, 3, 4, 3]
minimum_height = 172
----------
x_coordinates = [20, 8, 13, 21, 12, 22, 3, 3, 19, 20, 17, 20, 8, 9, 16, 19, 19, 17, 20]
y_coordinates = [147, 102, 164, 166, 83, 118, 168, 149, 117, 153, 152, 137, 152, 159, 57, 131, 114, 145, 96]
x_dimensions = [3, 4, 7, 4, 3, 3, 18, 17, 3, 3, 3, 3, 9, 8, 7, 3, 5, 3, 3]
y_dimensions = [6, 13, 4, 5, 25, 19, 3, 3, 14, 13, 11, 10, 3, 3, 3, 6, 3, 4, 3]
minimum_height = 171
----------
x_coordinates = [22, 7, 13, 20, 4, 22, 1, 4, 20, 22, 19, 21, 10, 17, 15, 19, 18, 20, 20]
y_coordinates = [147, 107, 165, 166, 84, 118, 162, 146, 97, 153, 152, 137, 152, 81, 128, 131, 111, 114, 8]
x_dimensions = [3, 13, 7, 5, 3, 3, 18, 17, 3, 3, 3, 3, 9, 8, 7, 3, 5, 3, 3]
y_dimensions = [6, 4, 4, 4, 25, 19, 3, 3, 14, 13, 11, 10, 3, 3, 3, 6, 3, 4, 3]
minimum_height = 170
----------
x_coordinates = [22, 7, 14, 17, 4, 21, 3, 8, 20, 21, 11, 22, 13, 13, 13, 18, 20, 5, 20]
y_coordinates = [150, 104, 165, 143, 80, 118, 155, 147, 98, 156, 158, 137, 152, 136, 113, 130, 115, 149, 112]
x_dimensions = [3, 13, 7, 5, 3, 3, 18, 17, 3, 3, 3, 3, 9, 8, 7, 3, 5, 3, 3]
y_dimensions = [6, 4, 4, 4, 25, 19, 3, 3, 14, 13, 11, 10, 3, 3, 3, 6, 3, 4, 3]
minimum_height = 169
----------
x_coordinates = [19, 8, 14, 20, 12, 22, 3, 5, 19, 21, 20, 9, 12, 17, 13, 19, 18, 22, 16]
y_coordinates = [146, 93, 164, 119, 69, 124, 155, 152, 123, 155, 105, 158, 161, 143, 119, 137, 116, 151, 122]
x_dimensions = [3, 4, 7, 5, 3, 3, 18, 17, 3, 3, 3, 3, 9, 8, 7, 3, 5, 3, 3]
y_dimensions = [6, 13, 4, 4, 25, 19, 3, 3, 14, 13, 11, 10, 3, 3, 3, 6, 3, 4, 3]
minimum_height = 168
----------
x_coordinates = [18, 3, 21, 21, 8, 19, 2, 4, 6, 20, 18, 22, 9, 17, 13, 16, 18, 1, 21]
y_coordinates = [148, 100, 113, 149, 77, 126, 164, 145, 148, 154, 109, 136, 153, 120, 157, 139, 123, 145, 146]
x_dimensions = [3, 4, 4, 4, 3, 3, 18, 17, 3, 3, 3, 3, 9, 8, 7, 3, 5, 3, 3]
y_dimensions = [6, 13, 7, 5, 25, 19, 3, 3, 14, 13, 11, 10, 3, 3, 3, 6, 3, 4, 3]
minimum_height = 167
----------
x_coordinates = [19, 5, 20, 21, 0, 19, 3, 4, 22, 21, 20, 22, 12, 13, 14, 16, 9, 16, 22]
y_coordinates = [146, 110, 94, 121, 50, 127, 157, 152, 129, 153, 109, 143, 160, 163, 124, 142, 125, 148, 126]
x_dimensions = [3, 13, 4, 4, 25, 3, 18, 17, 3, 3, 3, 3, 9, 8, 7, 3, 5, 3, 3]
y_dimensions = [6, 4, 7, 5, 3, 19, 3, 3, 14, 13, 11, 10, 3, 3, 3, 6, 3, 4, 3]
minimum_height = 166
----------
x_coordinates = [19, 13, 21, 18, 10, 19, 3, 4, 22, 21, 20, 1, 12, 17, 18, 16, 18, 16, 22]
y_coordinates = [146, 99, 84, 122, 75, 127, 158, 155, 138, 152, 105, 148, 162, 97, 119, 144, 116, 151, 126]
x_dimensions = [3, 4, 4, 4, 3, 3, 18, 17, 3, 3, 3, 3, 9, 8, 7, 3, 5, 3, 3]
y_dimensions = [6, 13, 7, 5, 25, 19, 3, 3, 14, 13, 11, 10, 3, 3, 3, 6, 3, 4, 3]
minimum_height = 165
----------
x_coordinates = [19, 0, 20, 21, 0, 11, 3, 4, 22, 8, 13, 21, 1, 10, 14, 3, 6, 15, 18]
y_coordinates = [148, 109, 124, 135, 41, 136, 161, 158, 140, 155, 125, 154, 152, 122, 136, 139, 138, 151, 139]
x_dimensions = [3, 13, 4, 4, 25, 3, 18, 17, 3, 13, 3, 3, 3, 8, 7, 3, 5, 3, 3]
y_dimensions = [6, 4, 7, 5, 3, 19, 3, 3, 14, 3, 11, 10, 9, 3, 3, 6, 3, 4, 3]
minimum_height = 164
----------
x_coordinates = [22, 4, 3, 14, 0, 18, 6, 6, 7, 3, 21, 3, 16, 10, 0, 15, 17, 0, 22]
y_coordinates = [148, 129, 140, 136, 72, 135, 157, 154, 136, 160, 137, 149, 160, 143, 135, 146, 132, 158, 134]
x_dimensions = [3, 13, 4, 4, 25, 3, 18, 17, 3, 13, 3, 3, 9, 8, 7, 3, 5, 3, 3]
y_dimensions = [6, 4, 7, 5, 3, 19, 3, 3, 14, 3, 11, 10, 3, 3, 3, 6, 3, 4, 3]
minimum_height = 163
----------
x_coordinates = [0, 5, 20, 2, 2, 6, 7, 5, 6, 3, 18, 22, 16, 12, 15, 3, 21, 4, 22]
y_coordinates = [156, 98, 128, 137, 74, 135, 159, 152, 138, 155, 141, 146, 156, 132, 138, 131, 141, 158, 138]
x_dimensions = [3, 13, 4, 4, 3, 19, 18, 17, 3, 13, 3, 3, 9, 8, 7, 3, 3, 3, 3]
y_dimensions = [6, 4, 7, 5, 25, 3, 3, 3, 14, 3, 11, 10, 3, 3, 3, 6, 5, 4, 3]
minimum_height = 162
----------
x_coordinates = [16, 2, 21, 15, 10, 22, 4, 5, 12, 3, 22, 22, 2, 15, 19, 18, 19, 0, 21]
y_coordinates = [152, 98, 122, 147, 74, 142, 158, 119, 138, 155, 111, 129, 152, 80, 144, 138, 151, 157, 139]
x_dimensions = [3, 4, 4, 4, 3, 3, 18, 17, 3, 13, 3, 3, 9, 8, 3, 3, 3, 3, 3]
y_dimensions = [6, 13, 7, 5, 25, 19, 3, 3, 14, 3, 11, 10, 3, 3, 7, 6, 5, 4, 3]
minimum_height = 161
----------
x_coordinates = [3, 0, 10, 18, 4, 22, 5, 6, 9, 9, 14, 12, 13, 16, 15, 3, 19, 20, 21]
y_coordinates = [146, 94, 132, 152, 72, 141, 127, 143, 140, 157, 133, 147, 144, 130, 150, 153, 147, 134, 138]
x_dimensions = [3, 4, 4, 4, 3, 3, 18, 3, 3, 13, 3, 3, 9, 8, 3, 3, 3, 3, 3]
y_dimensions = [6, 13, 7, 5, 25, 19, 3, 17, 14, 3, 11, 10, 3, 3, 7, 6, 5, 4, 3]
minimum_height = 160
----------
x_coordinates = [14, 2, 3, 21, 0, 11, 7, 10, 14, 10, 20, 1, 22, 18, 5, 8, 17, 13, 10]
y_coordinates = [153, 74, 130, 154, 78, 140, 134, 114, 139, 131, 120, 156, 145, 151, 149, 150, 148, 127, 137]
x_dimensions = [3, 13, 4, 4, 25, 3, 18, 3, 3, 13, 3, 10, 3, 3, 3, 3, 5, 3, 3]
y_dimensions = [6, 4, 7, 5, 3, 19, 3, 17, 14, 3, 11, 3, 9, 8, 7, 6, 3, 4, 3]
minimum_height = 159
----------
x_coordinates = [8, 1, 0, 21, 5, 11, 7, 7, 14, 10, 4, 13, 22, 20, 3, 15, 17, 10, 10]
y_coordinates = [151, 102, 129, 153, 78, 139, 130, 127, 138, 133, 126, 117, 144, 136, 151, 152, 149, 123, 136]
x_dimensions = [3, 4, 4, 4, 3, 3, 18, 17, 3, 13, 3, 3, 3, 3, 3, 6, 5, 3, 3]
y_dimensions = [6, 13, 7, 5, 25, 19, 3, 3, 14, 3, 11, 10, 9, 8, 7, 3, 3, 4, 3]
minimum_height = 158
----------
x_coordinates = [22, 11, 17, 18, 2, 6, 3, 7, 0, 5, 22, 21, 15, 12, 3, 2, 21, 19, 9]
y_coordinates = [151, 98, 129, 148, 74, 145, 136, 142, 140, 139, 121, 132, 148, 149, 147, 154, 116, 153, 152]
x_dimensions = [3, 13, 4, 4, 3, 19, 18, 17, 3, 13, 3, 3, 3, 3, 3, 6, 3, 3, 3]
y_dimensions = [6, 4, 7, 5, 25, 3, 3, 3, 14, 3, 11, 10, 9, 8, 7, 3, 5, 4, 3]
minimum_height = 157
----------
x_coordinates = [3, 2, 0, 12, 11, 21, 4, 1, 22, 6, 17, 22, 19, 22, 18, 19, 21, 20, 16]
y_coordinates = [150, 96, 114, 147, 76, 120, 112, 143, 139, 152, 119, 93, 144, 107, 137, 153, 115, 103, 149]
x_dimensions = [3, 4, 4, 4, 3, 3, 18, 17, 3, 13, 3, 3, 3, 3, 3, 6, 3, 3, 3]
y_dimensions = [6, 13, 7, 5, 25, 19, 3, 3, 14, 3, 11, 10, 9, 8, 7, 3, 5, 4, 3]
minimum_height = 156
----------
x_coordinates = [22, 4, 3, 11, 1, 15, 7, 2, 2, 6, 22, 19, 19, 18, 22, 0, 21, 8, 5]
y_coordinates = [142, 100, 125, 144, 76, 130, 123, 149, 135, 152, 131, 136, 146, 128, 148, 152, 126, 145, 146]
x_dimensions = [3, 13, 4, 4, 3, 3, 18, 17, 3, 13, 3, 3, 3, 3, 3, 6, 3, 3, 3]
y_dimensions = [6, 4, 7, 5, 25, 19, 3, 3, 14, 3, 11, 10, 9, 8, 7, 3, 5, 4, 3]
minimum_height = 155
----------
x_coordinates = [21, 9, 21, 17, 0, 16, 7, 1, 13, 4, 14, 1, 2, 4, 18, 19, 1, 11, 22]
y_coordinates = [125, 121, 131, 144, 76, 122, 141, 151, 127, 144, 148, 130, 147, 136, 151, 138, 140, 147, 145]
x_dimensions = [3, 4, 4, 5, 25, 3, 18, 17, 3, 13, 11, 3, 9, 3, 7, 6, 3, 3, 3]
y_dimensions = [6, 13, 7, 4, 3, 19, 3, 3, 14, 3, 3, 10, 3, 8, 3, 3, 5, 4, 3]
minimum_height = 154
----------
x_coordinates = [22, 1, 0, 3, 0, 4, 17, 8, 13, 3, 7, 14, 16, 18, 0, 7, 16, 22, 22]
y_coordinates = [120, 115, 138, 149, 25, 127, 121, 150, 119, 146, 143, 133, 147, 139, 146, 125, 116, 140, 144]
x_dimensions = [3, 13, 4, 5, 25, 3, 3, 17, 3, 13, 11, 3, 9, 3, 3, 6, 3, 3, 3]
y_dimensions = [6, 4, 7, 4, 3, 19, 18, 3, 14, 3, 3, 10, 3, 8, 7, 3, 5, 4, 3]
minimum_height = 153
----------
x_coordinates = [21, 0, 12, 4, 0, 16, 9, 8, 4, 0, 7, 22, 13, 22, 19, 1, 1, 22, 21]
y_coordinates = [129, 108, 139, 126, 70, 127, 128, 124, 134, 149, 146, 114, 149, 139, 142, 130, 144, 147, 135]
x_dimensions = [3, 13, 4, 4, 25, 3, 3, 17, 3, 13, 11, 3, 9, 3, 3, 3, 3, 3, 3]
y_dimensions = [6, 4, 7, 5, 3, 19, 18, 3, 14, 3, 3, 10, 3, 8, 7, 6, 5, 4, 3]
minimum_height = 152
----------
x_coordinates = [16, 11, 19, 18, 0, 22, 17, 8, 19, 6, 14, 13, 16, 19, 22, 15, 15, 22, 21]
y_coordinates = [137, 113, 95, 88, 69, 121, 102, 82, 128, 148, 92, 133, 85, 142, 140, 120, 143, 147, 118]
x_dimensions = [3, 4, 4, 5, 25, 3, 3, 17, 3, 13, 11, 3, 9, 3, 3, 6, 3, 3, 3]
y_dimensions = [6, 13, 7, 4, 3, 19, 18, 3, 14, 3, 3, 10, 3, 8, 7, 3, 5, 4, 3]
minimum_height = 151
----------
x_coordinates = [20, 6, 17, 11, 10, 13, 21, 14, 20, 1, 14, 22, 16, 21, 16, 15, 13, 19, 22]
y_coordinates = [126, 94, 119, 103, 74, 125, 108, 108, 132, 107, 97, 79, 105, 89, 143, 100, 145, 146, 147]
x_dimensions = [3, 4, 4, 5, 3, 3, 3, 3, 3, 13, 11, 3, 9, 3, 3, 6, 3, 3, 3]
y_dimensions = [6, 13, 7, 4, 25, 19, 18, 17, 14, 3, 3, 10, 3, 8, 7, 3, 5, 4, 3]
minimum_height = 150
----------
x_coordinates = [22, 4, 1, 4, 1, 13, 5, 1, 19, 12, 8, 22, 9, 22, 16, 16, 10, 22, 22]
y_coordinates = [134, 90, 139, 118, 68, 130, 122, 119, 135, 120, 127, 110, 118, 126, 142, 132, 144, 145, 123]
x_dimensions = [3, 13, 4, 5, 3, 3, 3, 3, 3, 13, 11, 3, 3, 3, 3, 6, 3, 3, 3]
y_dimensions = [6, 4, 7, 4, 25, 19, 18, 17, 14, 3, 3, 10, 9, 8, 7, 3, 5, 4, 3]
minimum_height = 149
----------
x_coordinates = [11, 9, 18, 17, 0, 4, 14, 7, 22, 1, 10, 6, 11, 8, 4, 19, 21, 19, 22]
y_coordinates = [141, 98, 135, 131, 55, 125, 130, 119, 131, 134, 125, 109, 129, 136, 144, 128, 123, 143, 145]
x_dimensions = [3, 13, 4, 5, 25, 3, 3, 3, 3, 3, 11, 3, 3, 3, 7, 6, 3, 3, 3]
y_dimensions = [6, 4, 7, 4, 3, 19, 18, 17, 14, 13, 3, 10, 9, 8, 3, 3, 5, 4, 3]
minimum_height = 148
----------
x_coordinates = [15, 12, 2, 4, 0, 6, 17, 8, 22, 3, 8, 15, 19, 16, 9, 19, 20, 20, 0]
y_coordinates = [135, 68, 129, 143, 72, 130, 109, 106, 133, 139, 103, 93, 138, 139, 144, 127, 119, 124, 137]
x_dimensions = [6, 13, 4, 5, 25, 19, 3, 17, 3, 13, 11, 3, 3, 3, 7, 6, 3, 4, 3]
y_dimensions = [3, 4, 7, 4, 3, 3, 18, 3, 14, 3, 3, 10, 9, 8, 3, 3, 5, 3, 3]
minimum_height = 147
----------
x_coordinates = [19, 2, 1, 0, 0, 3, 22, 8, 5, 9, 14, 15, 5, 17, 18, 0, 18, 20, 14]
y_coordinates = [142, 100, 134, 141, 50, 130, 118, 139, 143, 133, 104, 109, 134, 136, 112, 128, 125, 115, 136]
x_dimensions = [6, 4, 4, 5, 25, 19, 3, 17, 14, 13, 11, 10, 3, 8, 7, 3, 3, 4, 3]
y_dimensions = [3, 13, 7, 4, 3, 3, 18, 3, 3, 3, 3, 3, 9, 3, 3, 6, 5, 3, 3]
minimum_height = 146
----------
x_coordinates = [16, 5, 1, 3, 12, 6, 17, 8, 0, 5, 7, 15, 22, 14, 17, 0, 13, 21, 0]
y_coordinates = [139, 92, 131, 141, 68, 130, 112, 142, 138, 133, 106, 103, 133, 136, 109, 128, 111, 115, 141]
x_dimensions = [6, 4, 4, 5, 3, 19, 3, 17, 14, 13, 11, 10, 3, 8, 7, 6, 3, 4, 3]
y_dimensions = [3, 13, 7, 4, 25, 3, 18, 3, 3, 3, 3, 3, 9, 3, 3, 3, 5, 3, 3]
minimum_height = 145
----------
x_coordinates = [21, 1, 0, 13, 0, 3, 20, 1, 4, 9, 14, 15, 22, 18, 17, 7, 17, 20, 22]
y_coordinates = [138, 100, 134, 134, 68, 131, 105, 141, 138, 128, 99, 96, 129, 136, 102, 135, 122, 123, 126]
x_dimensions = [3, 13, 4, 5, 25, 19, 3, 17, 14, 13, 11, 10, 3, 3, 7, 6, 3, 4, 3]
y_dimensions = [6, 4, 7, 4, 3, 3, 18, 3, 3, 3, 3, 3, 9, 8, 3, 3, 5, 3, 3]
minimum_height = 144
----------
x_coordinates = [17, 0, 4, 20, 12, 6, 7, 7, 11, 10, 14, 15, 8, 17, 11, 0, 18, 21, 22]
y_coordinates = [137, 88, 136, 116, 69, 131, 107, 125, 134, 110, 107, 113, 134, 140, 121, 133, 120, 122, 128]
x_dimensions = [6, 4, 4, 5, 3, 19, 3, 17, 14, 13, 11, 10, 3, 8, 7, 6, 3, 4, 3]
y_dimensions = [3, 13, 7, 4, 25, 3, 18, 3, 3, 3, 3, 3, 9, 3, 3, 3, 5, 3, 3]
minimum_height = 143
----------
x_coordinates = [20, 1, 16, 21, 9, 3, 7, 5, 8, 12, 10, 15, 0, 22, 1, 9, 4, 11, 22]
y_coordinates = [136, 90, 135, 121, 67, 132, 108, 129, 126, 111, 123, 118, 128, 128, 121, 136, 124, 120, 115]
x_dimensions = [3, 4, 4, 4, 3, 19, 3, 17, 14, 13, 11, 10, 3, 3, 3, 6, 3, 4, 3]
y_dimensions = [6, 13, 7, 5, 25, 3, 18, 3, 3, 3, 3, 3, 9, 8, 7, 3, 5, 3, 3]
minimum_height = 142
----------
x_coordinates = [15, 12, 21, 21, 0, 2, 7, 8, 9, 12, 10, 15, 5, 20, 14, 9, 11, 22, 22]
y_coordinates = [138, 97, 134, 123, 37, 135, 108, 131, 128, 109, 125, 119, 126, 101, 122, 138, 120, 115, 112]
x_dimensions = [6, 13, 4, 4, 25, 19, 3, 17, 14, 13, 11, 10, 3, 3, 7, 6, 3, 3, 3]
y_dimensions = [3, 4, 7, 5, 3, 3, 18, 3, 3, 3, 3, 3, 9, 8, 3, 3, 5, 4, 3]
minimum_height = 141
----------
x_coordinates = [19, 10, 3, 21, 0, 6, 7, 8, 5, 9, 10, 20, 0, 22, 0, 6, 18, 21, 22]
y_coordinates = [137, 119, 127, 111, 19, 134, 110, 131, 137, 128, 115, 98, 131, 123, 124, 107, 123, 116, 108]
x_dimensions = [6, 13, 4, 4, 25, 19, 3, 17, 14, 13, 11, 3, 3, 3, 7, 6, 3, 4, 3]
y_dimensions = [3, 4, 7, 5, 3, 3, 18, 3, 3, 3, 3, 10, 9, 8, 3, 3, 5, 3, 3]
minimum_height = 140
----------
x_coordinates = [19, 1, 18, 10, 0, 6, 14, 17, 4, 0, 12, 22, 0, 22, 3, 13, 10, 13, 22]
y_coordinates = [136, 121, 126, 114, 51, 133, 108, 109, 130, 136, 105, 115, 125, 125, 125, 136, 125, 126, 112]
x_dimensions = [6, 13, 4, 4, 25, 19, 3, 3, 14, 13, 11, 3, 3, 3, 7, 6, 3, 3, 3]
y_dimensions = [3, 4, 7, 5, 3, 3, 18, 17, 3, 3, 3, 10, 9, 8, 3, 3, 5, 4, 3]
minimum_height = 139
----------
x_coordinates = [18, 1, 21, 12, 0, 19, 17, 20, 11, 4, 1, 16, 7, 14, 10, 16, 11, 18, 22]
y_coordinates = [100, 130, 128, 112, 51, 78, 113, 111, 135, 118, 115, 103, 121, 127, 122, 97, 125, 131, 108]
x_dimensions = [6, 13, 4, 4, 25, 3, 3, 3, 14, 13, 11, 3, 3, 3, 7, 6, 3, 3, 3]
y_dimensions = [3, 4, 7, 5, 3, 19, 18, 17, 3, 3, 3, 10, 9, 8, 3, 3, 5, 4, 3]
minimum_height = 138
----------
x_coordinates = [12, 6, 20, 15, 0, 22, 19, 22, 10, 0, 4, 14, 13, 16, 3, 18, 10, 19, 22]
y_coordinates = [106, 124, 130, 119, 52, 94, 108, 113, 91, 134, 121, 109, 128, 129, 128, 102, 129, 126, 85]
x_dimensions = [6, 13, 4, 4, 25, 3, 3, 3, 14, 13, 11, 3, 3, 3, 7, 3, 3, 3, 3]
y_dimensions = [3, 4, 7, 5, 3, 19, 18, 17, 3, 3, 3, 10, 9, 8, 3, 6, 5, 4, 3]
minimum_height = 137
----------
x_coordinates = [16, 12, 21, 15, 0, 8, 19, 22, 11, 0, 4, 12, 13, 16, 10, 5, 10, 9, 22]
y_coordinates = [111, 107, 129, 119, 65, 91, 111, 112, 104, 133, 121, 111, 127, 128, 124, 106, 128, 110, 101]
x_dimensions = [3, 13, 4, 4, 25, 3, 3, 3, 14, 13, 11, 3, 3, 3, 7, 3, 3, 3, 3]
y_dimensions = [6, 4, 7, 5, 3, 19, 18, 17, 3, 3, 3, 10, 9, 8, 3, 6, 5, 4, 3]
minimum_height = 136
----------
x_coordinates = [19, 11, 21, 20, 9, 7, 22, 10, 10, 10, 9, 18, 13, 17, 15, 15, 7, 8, 22]
y_coordinates = [118, 100, 107, 95, 6, 103, 114, 117, 104, 89, 96, 108, 129, 132, 126, 113, 128, 99, 92]
x_dimensions = [3, 13, 4, 4, 3, 3, 3, 3, 14, 13, 11, 3, 9, 8, 7, 3, 3, 3, 3]
y_dimensions = [6, 4, 7, 5, 25, 19, 18, 17, 3, 3, 3, 10, 3, 3, 3, 6, 5, 4, 3]
minimum_height = 135
----------
x_coordinates = [19, 12, 21, 21, 0, 7, 0, 10, 11, 11, 10, 22, 13, 17, 3, 16, 20, 9, 22]
y_coordinates = [122, 102, 109, 116, 55, 105, 115, 117, 106, 91, 114, 121, 128, 131, 129, 120, 97, 101, 94]
x_dimensions = [3, 13, 4, 4, 25, 3, 3, 3, 14, 13, 11, 3, 9, 8, 7, 3, 3, 3, 3]
y_dimensions = [6, 4, 7, 5, 3, 19, 18, 17, 3, 3, 3, 10, 3, 3, 3, 6, 5, 4, 3]
minimum_height = 134
----------
x_coordinates = [22, 12, 21, 21, 10, 7, 1, 11, 10, 10, 10, 8, 16, 17, 15, 4, 14, 9, 22]
y_coordinates = [121, 101, 108, 115, 27, 104, 115, 116, 105, 95, 113, 123, 130, 127, 122, 122, 125, 100, 98]
x_dimensions = [3, 13, 4, 4, 3, 3, 3, 3, 14, 13, 11, 3, 9, 8, 7, 3, 3, 3, 3]
y_dimensions = [6, 4, 7, 5, 25, 19, 18, 17, 3, 3, 3, 10, 3, 3, 3, 6, 5, 4, 3]
minimum_height = 133
----------
x_coordinates = [22, 5, 21, 21, 0, 18, 0, 15, 4, 3, 10, 0, 16, 17, 18, 4, 7, 15, 22]
y_coordinates = [115, 113, 108, 121, 48, 104, 117, 92, 120, 129, 123, 122, 129, 126, 101, 123, 124, 109, 105]
x_dimensions = [3, 13, 4, 4, 25, 3, 18, 3, 14, 13, 11, 3, 9, 8, 7, 3, 3, 3, 3]
y_dimensions = [6, 4, 7, 5, 3, 19, 3, 17, 3, 3, 3, 10, 3, 3, 3, 6, 5, 4, 3]
minimum_height = 132
----------
x_coordinates = [21, 0, 21, 21, 0, 16, 1, 13, 2, 0, 2, 22, 13, 21, 15, 19, 15, 12, 22]
y_coordinates = [101, 113, 107, 116, 55, 106, 125, 108, 105, 128, 120, 121, 128, 93, 90, 122, 100, 100, 90]
x_dimensions = [3, 13, 4, 4, 25, 3, 18, 3, 14, 13, 11, 3, 9, 3, 7, 3, 3, 3, 3]
y_dimensions = [6, 4, 7, 5, 3, 19, 3, 17, 3, 3, 3, 10, 3, 8, 3, 6, 5, 4, 3]
minimum_height = 131
----------
x_coordinates = [22, 1, 21, 17, 0, 14, 1, 11, 1, 10, 0, 15, 13, 22, 18, 19, 5, 8, 22]
y_coordinates = [121, 119, 114, 116, 30, 104, 123, 102, 126, 95, 116, 127, 99, 101, 111, 121, 108, 108, 98]
x_dimensions = [3, 13, 4, 4, 25, 3, 18, 3, 14, 13, 11, 10, 9, 3, 7, 3, 3, 3, 3]
y_dimensions = [6, 4, 7, 5, 3, 19, 3, 17, 3, 3, 3, 3, 3, 8, 3, 6, 5, 4, 3]
minimum_height = 130
----------
x_coordinates = [22, 1, 17, 21, 0, 14, 1, 13, 0, 2, 3, 15, 16, 22, 19, 19, 22, 10, 22]
y_coordinates = [119, 113, 113, 114, 57, 104, 123, 87, 120, 126, 117, 126, 101, 93, 92, 120, 88, 100, 85]
x_dimensions = [3, 13, 4, 4, 25, 3, 18, 3, 14, 13, 11, 10, 9, 3, 3, 3, 3, 3, 3]
y_dimensions = [6, 4, 7, 5, 3, 19, 3, 17, 3, 3, 3, 3, 3, 8, 7, 6, 5, 4, 3]
minimum_height = 129
----------
x_coordinates = [20, 12, 21, 17, 12, 8, 3, 10, 11, 10, 9, 11, 13, 22, 22, 5, 19, 12, 22]
y_coordinates = [104, 113, 121, 117, 37, 106, 125, 86, 110, 82, 103, 122, 93, 89, 97, 102, 96, 106, 85]
x_dimensions = [3, 13, 4, 4, 3, 3, 18, 3, 14, 13, 11, 10, 9, 3, 3, 3, 3, 3, 3]
y_dimensions = [6, 4, 7, 5, 25, 19, 3, 17, 3, 3, 3, 3, 3, 8, 7, 6, 5, 4, 3]
minimum_height = 128
----------
x_coordinates = [22, 5, 21, 21, 0, 18, 0, 17, 4, 12, 12, 15, 13, 22, 6, 19, 16, 10, 22]
y_coordinates = [104, 114, 112, 119, 18, 105, 118, 82, 108, 79, 76, 124, 98, 96, 98, 99, 100, 103, 93]
x_dimensions = [3, 13, 4, 4, 25, 3, 18, 3, 14, 13, 11, 10, 3, 3, 7, 3, 3, 3, 3]
y_dimensions = [6, 4, 7, 5, 3, 19, 3, 17, 3, 3, 3, 3, 9, 8, 3, 6, 5, 4, 3]
minimum_height = 127
----------
x_coordinates = [19, 7, 19, 21, 0, 20, 7, 19, 6, 12, 10, 21, 17, 22, 11, 22, 14, 16, 22]
y_coordinates = [83, 119, 89, 78, 24, 104, 123, 48, 116, 75, 80, 65, 103, 96, 102, 83, 103, 99, 62]
x_dimensions = [3, 13, 4, 4, 25, 3, 18, 3, 14, 13, 11, 3, 3, 3, 3, 3, 3, 3, 3]
y_dimensions = [6, 4, 7, 5, 3, 19, 3, 17, 3, 3, 3, 10, 9, 8, 7, 6, 5, 4, 3]
minimum_height = 126
----------
x_coordinates = [1, 9, 20, 21, 0, 3, 7, 17, 22, 8, 14, 0, 11, 0, 15, 18, 8, 5, 22]
y_coordinates = [121, 106, 90, 100, 0, 110, 122, 80, 105, 103, 119, 108, 113, 118, 116, 97, 117, 114, 87]
x_dimensions = [6, 13, 4, 4, 25, 19, 18, 3, 3, 13, 11, 3, 3, 8, 7, 3, 3, 3, 3]
y_dimensions = [3, 4, 7, 5, 3, 3, 3, 17, 14, 3, 3, 10, 9, 3, 3, 6, 5, 4, 3]
minimum_height = 125
----------
x_coordinates = [20, 12, 5, 21, 0, 3, 7, 9, 0, 15, 18, 6, 17, 6, 9, 22, 14, 13, 22]
y_coordinates = [115, 108, 97, 103, 58, 105, 121, 94, 110, 95, 97, 108, 112, 118, 111, 97, 116, 112, 112]
x_dimensions = [3, 13, 4, 4, 25, 3, 18, 3, 3, 3, 3, 3, 3, 8, 3, 3, 3, 3, 3]
y_dimensions = [6, 4, 7, 5, 3, 19, 3, 17, 14, 13, 11, 10, 9, 3, 7, 6, 5, 4, 3]
minimum_height = 124
----------
x_coordinates = [21, 0, 6, 21, 0, 0, 7, 13, 5, 10, 18, 22, 19, 19, 22, 19, 16, 20, 22]
y_coordinates = [82, 109, 92, 88, 18, 113, 120, 96, 116, 92, 82, 100, 111, 103, 110, 97, 108, 93, 117]
x_dimensions = [3, 13, 4, 4, 25, 19, 18, 3, 14, 3, 3, 3, 3, 3, 3, 3, 3, 3, 3]
y_dimensions = [6, 4, 7, 5, 3, 3, 3, 17, 3, 13, 11, 10, 9, 8, 7, 6, 5, 4, 3]
minimum_height = 123
----------
x_coordinates = [21, 3, 2, 15, 0, 6, 16, 0, 2, 9, 22, 10, 19, 21, 22, 13, 13, 20, 22]
y_coordinates = [84, 115, 95, 93, 5, 96, 104, 102, 119, 101, 94, 104, 113, 105, 115, 104, 110, 90, 81]
x_dimensions = [3, 13, 4, 4, 25, 3, 3, 3, 14, 13, 3, 3, 3, 3, 3, 3, 3, 3, 3]
y_dimensions = [6, 4, 7, 5, 3, 19, 18, 17, 3, 3, 11, 10, 9, 8, 7, 6, 5, 4, 3]
minimum_height = 122
----------
x_coordinates = [21, 3, 2, 15, 0, 5, 7, 9, 6, 10, 1, 4, 22, 0, 3, 22, 19, 6, 22]
y_coordinates = [94, 86, 91, 93, 57, 83, 115, 97, 94, 118, 99, 108, 106, 111, 118, 100, 107, 90, 91]
x_dimensions = [3, 13, 4, 4, 25, 19, 18, 3, 3, 13, 3, 3, 3, 3, 7, 3, 3, 3, 3]
y_dimensions = [6, 4, 7, 5, 3, 3, 3, 17, 14, 3, 11, 10, 9, 8, 3, 6, 5, 4, 3]
minimum_height = 121
----------
x_coordinates = [22, 3, 8, 15, 0, 6, 7, 12, 4, 19, 3, 1, 22, 8, 0, 16, 15, 6, 22]
y_coordinates = [102, 55, 105, 101, 59, 94, 117, 97, 106, 104, 95, 110, 108, 114, 103, 111, 106, 101, 99]
x_dimensions = [3, 13, 4, 4, 25, 19, 18, 3, 3, 3, 3, 3, 3, 8, 3, 3, 3, 3, 3]
y_dimensions = [6, 4, 7, 5, 3, 3, 3, 17, 14, 13, 11, 10, 9, 3, 7, 6, 5, 4, 3]
minimum_height = 120
----------
x_coordinates = [22, 3, 2, 9, 5, 5, 7, 22, 4, 13, 6, 1, 10, 6, 0, 7, 7, 3, 22]
y_coordinates = [89, 86, 91, 96, 27, 83, 113, 96, 102, 100, 90, 109, 104, 116, 100, 107, 101, 98, 86]
x_dimensions = [3, 13, 4, 4, 3, 19, 18, 3, 3, 3, 3, 3, 3, 8, 3, 3, 3, 3, 3]
y_dimensions = [6, 4, 7, 5, 25, 3, 3, 17, 14, 13, 11, 10, 9, 3, 7, 6, 5, 4, 3]
minimum_height = 119
----------
x_coordinates = [21, 9, 18, 21, 0, 3, 4, 10, 1, 22, 16, 15, 13, 7, 22, 19, 5, 3, 22]
y_coordinates = [80, 86, 90, 97, 30, 77, 111, 94, 104, 102, 100, 115, 98, 114, 89, 105, 106, 95, 86]
x_dimensions = [3, 13, 4, 4, 25, 19, 18, 3, 3, 3, 3, 10, 3, 8, 3, 3, 3, 3, 3]
y_dimensions = [6, 4, 7, 5, 3, 3, 3, 17, 14, 13, 11, 3, 9, 3, 7, 6, 5, 4, 3]
minimum_height = 118
----------
x_coordinates = [20, 10, 21, 21, 10, 3, 7, 1, 4, 12, 18, 2, 8, 6, 11, 22, 1, 8, 22]
y_coordinates = [80, 86, 90, 97, 52, 77, 108, 85, 96, 111, 96, 111, 99, 114, 98, 102, 106, 95, 114]
x_dimensions = [3, 13, 4, 4, 3, 19, 18, 3, 3, 13, 3, 10, 3, 8, 3, 3, 3, 3, 3]
y_dimensions = [6, 4, 7, 5, 25, 3, 3, 17, 14, 3, 11, 3, 9, 3, 7, 6, 5, 4, 3]
minimum_height = 117
----------
x_coordinates = [21, 12, 18, 21, 0, 6, 4, 5, 7, 22, 16, 9, 13, 15, 14, 19, 8, 12, 22]
y_coordinates = [78, 84, 88, 98, 38, 75, 113, 96, 82, 103, 99, 110, 101, 95, 88, 107, 107, 95, 92]
x_dimensions = [3, 13, 4, 4, 25, 19, 18, 3, 3, 3, 3, 10, 3, 8, 3, 3, 5, 3, 3]
y_dimensions = [6, 4, 7, 5, 3, 3, 3, 17, 14, 13, 11, 3, 9, 3, 7, 6, 3, 4, 3]
minimum_height = 116
----------
x_coordinates = [20, 11, 18, 21, 0, 6, 7, 9, 12, 22, 6, 15, 1, 17, 4, 18, 1, 15, 22]
y_coordinates = [74, 80, 93, 104, 38, 71, 112, 95, 98, 87, 97, 109, 101, 100, 108, 103, 110, 105, 84]
x_dimensions = [3, 13, 4, 4, 25, 19, 18, 3, 3, 3, 3, 10, 3, 8, 3, 3, 3, 3, 3]
y_dimensions = [6, 4, 7, 5, 3, 3, 3, 17, 14, 13, 11, 3, 9, 3, 7, 6, 5, 4, 3]
minimum_height = 115
----------
x_coordinates = [20, 6, 2, 4, 0, 5, 19, 18, 21, 6, 22, 9, 10, 8, 22, 18, 16, 3, 17]
y_coordinates = [90, 110, 103, 98, 23, 67, 96, 70, 73, 104, 103, 95, 107, 101, 96, 87, 99, 110, 92]
x_dimensions = [3, 13, 4, 4, 25, 19, 3, 3, 3, 13, 3, 10, 9, 8, 3, 6, 3, 3, 3]
y_dimensions = [6, 4, 7, 5, 3, 3, 18, 17, 14, 3, 11, 3, 3, 3, 7, 3, 5, 4, 3]
minimum_height = 114
----------
x_coordinates = [22, 6, 17, 13, 6, 3, 0, 22, 0, 12, 19, 15, 3, 14, 10, 19, 18, 21, 11]
y_coordinates = [98, 97, 79, 80, 35, 85, 81, 81, 99, 107, 96, 110, 109, 86, 80, 71, 74, 77, 102]
x_dimensions = [3, 13, 4, 4, 3, 3, 3, 3, 3, 13, 3, 10, 9, 8, 3, 6, 3, 3, 3]
y_dimensions = [6, 4, 7, 5, 25, 19, 18, 17, 14, 3, 11, 3, 3, 3, 7, 3, 5, 4, 3]
minimum_height = 113
----------
x_coordinates = [21, 9, 4, 18, 0, 3, 0, 22, 8, 9, 22, 15, 0, 11, 1, 16, 19, 15, 18]
y_coordinates = [78, 105, 95, 89, 22, 102, 83, 84, 99, 109, 101, 75, 108, 96, 95, 86, 94, 92, 83]
x_dimensions = [3, 13, 4, 4, 25, 19, 18, 3, 14, 13, 3, 10, 9, 8, 3, 6, 3, 3, 3]
y_dimensions = [6, 4, 7, 5, 3, 3, 3, 17, 3, 3, 11, 3, 3, 3, 7, 3, 5, 4, 3]
minimum_height = 112
----------
x_coordinates = [18, 9, 21, 10, 0, 3, 22, 4, 3, 5, 7, 9, 1, 14, 1, 17, 19, 16, 22]
y_coordinates = [103, 99, 104, 94, 33, 83, 83, 91, 86, 108, 105, 89, 102, 96, 95, 80, 91, 92, 101]
x_dimensions = [3, 13, 4, 4, 25, 19, 3, 3, 14, 13, 11, 10, 3, 8, 3, 6, 3, 3, 3]
y_dimensions = [6, 4, 7, 5, 3, 3, 18, 17, 3, 3, 3, 3, 9, 3, 7, 3, 5, 4, 3]
minimum_height = 111
----------
x_coordinates = [22, 12, 21, 16, 11, 6, 8, 5, 6, 9, 11, 11, 0, 12, 20, 8, 20, 2, 2]
y_coordinates = [104, 100, 93, 93, 52, 78, 88, 89, 82, 107, 104, 97, 106, 90, 81, 85, 88, 96, 103]
x_dimensions = [3, 13, 4, 5, 3, 19, 3, 3, 14, 13, 11, 10, 9, 8, 3, 6, 3, 3, 3]
y_dimensions = [6, 4, 7, 4, 25, 3, 18, 17, 3, 3, 3, 3, 3, 3, 7, 3, 5, 4, 3]
minimum_height = 110
----------
x_coordinates = [19, 12, 21, 7, 0, 6, 1, 2, 5, 9, 1, 11, 3, 13, 22, 18, 22, 17, 4]
y_coordinates = [106, 102, 95, 98, 53, 84, 85, 106, 90, 81, 103, 99, 76, 96, 77, 87, 90, 93, 100]
x_dimensions = [6, 13, 4, 4, 25, 19, 3, 17, 14, 13, 11, 10, 3, 8, 3, 6, 3, 4, 3]
y_dimensions = [3, 4, 7, 5, 3, 3, 18, 3, 3, 3, 3, 3, 9, 3, 7, 3, 5, 3, 3]
minimum_height = 109
----------
x_coordinates = [19, 12, 15, 8, 0, 5, 10, 12, 11, 22, 1, 15, 2, 0, 16, 19, 22, 18, 8]
y_coordinates = [78, 104, 97, 98, 48, 81, 65, 87, 84, 71, 103, 101, 82, 100, 77, 68, 96, 94, 83]
x_dimensions = [3, 13, 7, 4, 25, 3, 3, 3, 14, 3, 11, 10, 3, 8, 3, 6, 3, 4, 3]
y_dimensions = [6, 4, 4, 5, 3, 19, 18, 17, 3, 13, 3, 3, 9, 3, 7, 3, 5, 3, 3]
minimum_height = 108
----------
x_coordinates = [22, 10, 18, 7, 1, 4, 7, 19, 11, 12, 1, 1, 11, 11, 22, 18, 22, 21, 22]
y_coordinates = [94, 67, 94, 91, 45, 76, 74, 77, 101, 104, 104, 101, 92, 89, 79, 64, 89, 71, 86]
x_dimensions = [3, 13, 4, 4, 3, 3, 18, 3, 14, 13, 11, 10, 3, 8, 3, 6, 3, 4, 3]
y_dimensions = [6, 4, 7, 5, 25, 19, 3, 17, 3, 3, 3, 3, 9, 3, 7, 3, 5, 3, 3]
minimum_height = 107
----------
x_coordinates = [22, 2, 7, 4, 7, 1, 7, 21, 22, 19, 8, 15, 4, 13, 18, 18, 19, 10, 21]
y_coordinates = [100, 58, 92, 101, 33, 82, 83, 66, 86, 93, 99, 60, 92, 80, 64, 57, 88, 62, 63]
x_dimensions = [3, 13, 4, 4, 3, 3, 18, 3, 3, 3, 11, 10, 3, 8, 3, 6, 3, 4, 3]
y_dimensions = [6, 4, 7, 5, 25, 19, 3, 17, 14, 13, 3, 3, 9, 3, 7, 3, 5, 3, 3]
minimum_height = 106
----------
x_coordinates = [13, 15, 1, 8, 0, 0, 7, 18, 19, 16, 5, 5, 22, 10, 18, 17, 22, 21, 21]
y_coordinates = [99, 79, 98, 101, 11, 78, 76, 52, 91, 92, 96, 90, 91, 68, 69, 49, 100, 88, 67]
x_dimensions = [3, 4, 4, 5, 25, 3, 18, 3, 3, 3, 11, 10, 3, 8, 3, 6, 3, 4, 3]
y_dimensions = [6, 13, 7, 4, 3, 19, 3, 17, 14, 13, 3, 3, 9, 3, 7, 3, 5, 3, 3]
minimum_height = 105
----------
x_coordinates = [13, 12, 0, 3, 0, 4, 7, 18, 19, 16, 3, 0, 22, 10, 21, 17, 22, 7, 21]
y_coordinates = [98, 82, 87, 100, 41, 76, 79, 62, 90, 91, 95, 94, 90, 75, 69, 59, 99, 92, 76]
x_dimensions = [3, 4, 4, 5, 25, 3, 18, 3, 3, 3, 11, 3, 3, 8, 3, 6, 3, 4, 3]
y_dimensions = [6, 13, 7, 4, 3, 19, 3, 17, 14, 13, 3, 10, 9, 3, 7, 3, 5, 3, 3]
minimum_height = 104
----------
x_coordinates = [4, 0, 18, 9, 0, 5, 7, 21, 22, 19, 8, 7, 13, 12, 16, 18, 22, 1, 22]
y_coordinates = [97, 90, 81, 87, 30, 78, 75, 50, 89, 89, 96, 100, 87, 66, 88, 72, 67, 87, 86]
x_dimensions = [3, 4, 4, 4, 25, 3, 18, 3, 3, 3, 11, 10, 3, 8, 3, 6, 3, 4, 3]
y_dimensions = [6, 13, 7, 5, 3, 19, 3, 17, 14, 13, 3, 3, 9, 3, 7, 3, 5, 3, 3]
minimum_height = 103
----------
x_coordinates = [9, 4, 3, 6, 2, 0, 7, 21, 22, 19, 8, 9, 16, 11, 7, 18, 22, 0, 21]
y_coordinates = [90, 89, 82, 61, 43, 80, 84, 67, 88, 89, 96, 99, 87, 65, 66, 56, 59, 99, 64]
x_dimensions = [3, 4, 4, 4, 3, 3, 18, 3, 3, 3, 11, 10, 3, 8, 3, 6, 3, 4, 3]
y_dimensions = [6, 13, 7, 5, 25, 19, 3, 17, 14, 13, 3, 3, 9, 3, 7, 3, 5, 3, 3]
minimum_height = 102
----------
x_coordinates = [16, 1, 4, 0, 0, 22, 4, 7, 19, 5, 8, 9, 1, 13, 18, 18, 22, 12, 21]
y_coordinates = [92, 88, 77, 73, 49, 82, 84, 74, 87, 88, 98, 89, 79, 71, 64, 61, 77, 95, 71]
x_dimensions = [3, 4, 4, 4, 25, 3, 18, 17, 3, 3, 11, 10, 3, 8, 3, 6, 3, 4, 3]
y_dimensions = [6, 13, 7, 5, 3, 19, 3, 3, 14, 13, 3, 3, 9, 3, 7, 3, 5, 3, 3]
minimum_height = 101
----------
x_coordinates = [21, 18, 21, 8, 0, 18, 0, 8, 15, 22, 4, 4, 12, 11, 5, 12, 22, 14, 17]
y_coordinates = [92, 68, 85, 91, 46, 81, 97, 65, 79, 72, 80, 77, 84, 59, 64, 70, 60, 76, 62]
x_dimensions = [3, 4, 4, 4, 25, 3, 18, 17, 3, 3, 11, 10, 3, 8, 3, 6, 3, 4, 3]
y_dimensions = [6, 13, 7, 5, 3, 19, 3, 3, 14, 13, 3, 3, 9, 3, 7, 3, 5, 3, 3]
minimum_height = 100
----------
x_coordinates = [22, 21, 10, 6, 3, 19, 1, 16, 7, 22, 10, 11, 3, 9, 13, 18, 22, 8, 18]
y_coordinates = [93, 67, 88, 91, 48, 80, 96, 79, 75, 80, 76, 73, 87, 63, 66, 64, 59, 71, 69]
x_dimensions = [3, 4, 4, 4, 3, 3, 18, 3, 3, 3, 11, 10, 3, 8, 3, 6, 3, 3, 3]
y_dimensions = [6, 13, 7, 5, 25, 19, 3, 17, 14, 13, 3, 3, 9, 3, 7, 3, 5, 4, 3]
minimum_height = 99
----------
x_coordinates = [9, 21, 10, 2, 0, 19, 22, 13, 18, 6, 14, 3, 15, 15, 16, 12, 22, 11, 16]
y_coordinates = [79, 82, 91, 92, 14, 62, 64, 63, 81, 80, 95, 79, 84, 59, 70, 80, 54, 87, 77]
x_dimensions = [3, 4, 4, 4, 25, 3, 3, 3, 3, 3, 11, 3, 3, 8, 3, 6, 3, 3, 3]
y_dimensions = [6, 13, 7, 5, 3, 19, 18, 17, 14, 13, 3, 10, 9, 3, 7, 3, 5, 4, 3]
minimum_height = 98
----------
x_coordinates = [11, 17, 4, 12, 0, 22, 13, 15, 21, 8, 16, 3, 1, 7, 19, 17, 22, 0, 19]
y_coordinates = [90, 84, 86, 93, 40, 64, 72, 55, 83, 84, 73, 81, 88, 63, 71, 52, 59, 83, 80]
x_dimensions = [6, 4, 4, 5, 25, 3, 3, 3, 3, 3, 3, 10, 3, 8, 3, 6, 3, 3, 3]
y_dimensions = [3, 13, 7, 4, 3, 19, 18, 17, 14, 13, 11, 3, 9, 3, 7, 3, 5, 4, 3]
minimum_height = 97
----------
x_coordinates = [14, 19, 1, 12, 1, 21, 18, 16, 22, 11, 18, 15, 5, 4, 19, 19, 22, 8, 20]
y_coordinates = [93, 41, 89, 70, 47, 71, 72, 55, 57, 83, 30, 90, 87, 70, 64, 54, 36, 92, 93]
x_dimensions = [6, 4, 4, 4, 3, 3, 3, 3, 3, 3, 3, 10, 3, 8, 3, 6, 3, 3, 3]
y_dimensions = [3, 13, 7, 5, 25, 19, 18, 17, 14, 13, 11, 3, 9, 3, 7, 3, 5, 4, 3]
minimum_height = 96
----------
x_coordinates = [15, 18, 5, 12, 0, 22, 19, 16, 22, 12, 9, 15, 2, 4, 21, 12, 22, 9, 21]
y_coordinates = [92, 58, 88, 77, 31, 70, 71, 72, 56, 82, 69, 89, 86, 81, 49, 69, 43, 91, 92]
x_dimensions = [6, 4, 4, 4, 25, 3, 3, 3, 3, 3, 3, 10, 3, 8, 3, 6, 3, 3, 3]
y_dimensions = [3, 13, 7, 5, 3, 19, 18, 17, 14, 13, 11, 3, 9, 3, 7, 3, 5, 4, 3]
minimum_height = 95
----------
x_coordinates = [15, 18, 2, 11, 0, 22, 14, 20, 22, 9, 11, 12, 6, 11, 21, 18, 22, 3, 13]
y_coordinates = [91, 75, 82, 50, 26, 75, 67, 29, 58, 81, 70, 88, 84, 45, 51, 72, 46, 90, 85]
x_dimensions = [6, 4, 4, 4, 25, 3, 3, 3, 3, 3, 3, 10, 3, 8, 3, 6, 3, 3, 3]
y_dimensions = [3, 13, 7, 5, 3, 19, 18, 17, 14, 13, 11, 3, 9, 3, 7, 3, 5, 4, 3]
minimum_height = 94
----------
x_coordinates = [16, 18, 11, 11, 0, 3, 15, 21, 22, 9, 5, 12, 0, 6, 22, 19, 12, 0, 15]
y_coordinates = [90, 72, 73, 68, 30, 74, 66, 52, 72, 80, 63, 87, 79, 83, 86, 69, 82, 89, 84]
x_dimensions = [6, 4, 4, 4, 25, 3, 3, 3, 3, 3, 3, 10, 3, 3, 3, 6, 3, 3, 3]
y_dimensions = [3, 13, 7, 5, 3, 19, 18, 17, 14, 13, 11, 3, 9, 8, 7, 3, 5, 4, 3]
minimum_height = 93
----------
x_coordinates = [16, 18, 2, 11, 0, 6, 15, 14, 22, 9, 3, 12, 0, 18, 22, 12, 12, 2, 21]
y_coordinates = [89, 73, 81, 70, 27, 71, 65, 48, 78, 79, 70, 86, 71, 64, 71, 83, 77, 88, 68]
x_dimensions = [6, 4, 4, 4, 25, 3, 3, 3, 3, 3, 3, 10, 3, 3, 3, 6, 3, 3, 3]
y_dimensions = [3, 13, 7, 5, 3, 19, 18, 17, 14, 13, 11, 3, 9, 8, 7, 3, 5, 4, 3]
minimum_height = 92
----------
x_coordinates = [17, 21, 18, 11, 5, 12, 15, 19, 22, 9, 11, 15, 0, 3, 22, 17, 22, 6, 22]
y_coordinates = [88, 46, 78, 57, 44, 72, 67, 61, 59, 77, 61, 85, 82, 83, 73, 43, 80, 87, 40]
x_dimensions = [6, 4, 4, 5, 3, 3, 3, 3, 3, 3, 3, 10, 3, 3, 3, 6, 3, 3, 3]
y_dimensions = [3, 13, 7, 4, 25, 19, 18, 17, 14, 13, 11, 3, 9, 8, 7, 3, 5, 4, 3]
minimum_height = 91
----------
x_coordinates = [13, 20, 20, 20, 11, 9, 16, 18, 22, 22, 11, 12, 21, 18, 6, 19, 19, 6, 22]
y_coordinates = [84, 31, 44, 1, 22, 71, 66, 6, 60, 77, 60, 87, 51, 23, 72, 74, 82, 86, 22]
x_dimensions = [6, 4, 4, 4, 3, 3, 3, 3, 3, 3, 3, 10, 3, 3, 3, 6, 3, 3, 3]
y_dimensions = [3, 13, 7, 5, 25, 19, 18, 17, 14, 13, 11, 3, 9, 8, 7, 3, 5, 4, 3]
minimum_height = 90
----------
x_coordinates = [12, 20, 16, 21, 0, 20, 18, 19, 22, 9, 15, 12, 22, 22, 20, 17, 21, 9, 20]
y_coordinates = [80, 35, 14, 75, 6, 16, 65, 48, 56, 86, 64, 83, 80, 48, 9, 0, 70, 82, 3]
x_dimensions = [6, 4, 4, 4, 25, 3, 3, 3, 3, 13, 3, 10, 3, 3, 3, 6, 3, 3, 3]
y_dimensions = [3, 13, 7, 5, 3, 19, 18, 17, 14, 3, 11, 3, 9, 8, 7, 3, 5, 4, 3]
minimum_height = 89
----------
x_coordinates = [18, 11, 16, 10, 12, 9, 19, 16, 8, 22, 5, 12, 1, 9, 2, 11, 10, 5, 22]
y_coordinates = [31, 67, 48, 37, 42, 48, 66, 63, 69, 36, 66, 34, 85, 29, 78, 80, 83, 79, 82]
x_dimensions = [6, 4, 4, 4, 3, 3, 3, 3, 3, 3, 3, 10, 9, 3, 3, 6, 3, 3, 3]
y_dimensions = [3, 13, 7, 5, 25, 19, 18, 17, 14, 13, 11, 3, 3, 8, 7, 3, 5, 4, 3]
minimum_height = 88
----------
x_coordinates = [19, 10, 2, 10, 0, 6, 9, 8, 11, 11, 5, 0, 16, 12, 10, 9, 10, 6, 22]
y_coordinates = [39, 74, 77, 52, 42, 78, 24, 56, 68, 71, 62, 73, 83, 34, 45, 81, 84, 83, 51]
x_dimensions = [6, 13, 4, 5, 25, 19, 3, 3, 14, 13, 3, 10, 9, 3, 3, 6, 5, 3, 3]
y_dimensions = [3, 4, 7, 4, 3, 3, 18, 17, 3, 3, 11, 3, 3, 8, 7, 3, 3, 4, 3]
minimum_height = 87
----------
x_coordinates = [14, 12, 1, 10, 0, 6, 5, 8, 11, 12, 2, 2, 7, 12, 10, 19, 14, 11, 22]
y_coordinates = [46, 75, 78, 65, 42, 55, 68, 69, 79, 49, 66, 48, 52, 32, 58, 83, 83, 82, 64]
x_dimensions = [6, 13, 4, 5, 25, 19, 3, 3, 14, 13, 3, 10, 9, 3, 3, 6, 5, 3, 3]
y_dimensions = [3, 4, 7, 4, 3, 3, 18, 17, 3, 3, 11, 3, 3, 8, 7, 3, 3, 4, 3]
minimum_height = 86
----------
x_coordinates = [13, 12, 4, 10, 0, 6, 10, 8, 11, 12, 1, 2, 11, 14, 3, 18, 12, 1, 22]
y_coordinates = [35, 78, 78, 62, 41, 59, 19, 67, 75, 38, 69, 37, 66, 67, 61, 82, 82, 81, 67]
x_dimensions = [6, 13, 4, 5, 25, 19, 3, 3, 14, 13, 3, 10, 3, 3, 3, 6, 5, 3, 3]
y_dimensions = [3, 4, 7, 4, 3, 3, 18, 17, 3, 3, 11, 3, 9, 8, 7, 3, 3, 4, 3]
minimum_height = 85
----------
x_coordinates = [14, 12, 1, 10, 0, 6, 5, 8, 11, 12, 2, 2, 7, 12, 10, 19, 14, 4, 22]
y_coordinates = [35, 77, 76, 49, 41, 60, 66, 67, 74, 38, 65, 37, 63, 66, 53, 81, 81, 56, 57]
x_dimensions = [6, 13, 4, 5, 25, 19, 3, 3, 14, 13, 3, 10, 9, 3, 3, 6, 5, 3, 3]
y_dimensions = [3, 4, 7, 4, 3, 3, 18, 17, 3, 3, 11, 3, 3, 8, 7, 3, 3, 4, 3]
minimum_height = 84
----------
x_coordinates = [14, 12, 2, 20, 0, 5, 9, 22, 8, 12, 3, 6, 10, 17, 18, 19, 18, 6, 20]
y_coordinates = [67, 79, 76, 69, 40, 62, 65, 20, 33, 73, 65, 68, 36, 65, 55, 37, 76, 78, 17]
x_dimensions = [3, 13, 4, 5, 25, 19, 3, 3, 14, 13, 3, 3, 9, 3, 3, 6, 5, 3, 3]
y_dimensions = [6, 4, 7, 4, 3, 3, 18, 17, 3, 3, 11, 10, 3, 8, 7, 3, 3, 4, 3]
minimum_height = 83
----------
x_coordinates = [21, 9, 2, 15, 0, 5, 6, 22, 2, 11, 9, 2, 8, 12, 14, 16, 15, 19, 21]
y_coordinates = [50, 75, 70, 67, 40, 58, 61, 65, 79, 61, 64, 55, 48, 66, 51, 79, 64, 71, 47]
x_dimensions = [3, 13, 4, 5, 25, 19, 3, 3, 14, 13, 3, 3, 9, 3, 3, 6, 5, 3, 3]
y_dimensions = [6, 4, 7, 4, 3, 3, 18, 17, 3, 3, 11, 10, 3, 8, 7, 3, 3, 4, 3]
minimum_height = 82
----------
x_coordinates = [18, 12, 18, 5, 0, 6, 6, 9, 3, 10, 22, 0, 8, 3, 21, 16, 1, 0, 20]
y_coordinates = [51, 77, 70, 52, 39, 58, 63, 64, 67, 61, 66, 54, 43, 56, 51, 66, 64, 77, 48]
x_dimensions = [3, 13, 4, 5, 25, 19, 3, 3, 3, 13, 3, 3, 3, 3, 3, 6, 5, 3, 3]
y_dimensions = [6, 4, 7, 4, 3, 3, 18, 17, 14, 3, 11, 10, 9, 8, 7, 3, 3, 4, 3]
minimum_height = 81
----------
x_coordinates = [22, 12, 4, 5, 0, 6, 6, 9, 3, 12, 0, 0, 8, 1, 9, 11, 5, 3, 22]
y_coordinates = [61, 75, 45, 52, 39, 56, 62, 63, 62, 68, 69, 59, 43, 51, 32, 60, 59, 76, 72]
x_dimensions = [3, 13, 4, 5, 25, 19, 3, 3, 3, 13, 3, 3, 3, 3, 3, 6, 5, 3, 3]
y_dimensions = [6, 4, 7, 4, 3, 3, 18, 17, 14, 3, 11, 10, 9, 8, 7, 3, 3, 4, 3]
minimum_height = 80
----------
x_coordinates = [22, 12, 2, 5, 0, 5, 6, 9, 3, 12, 0, 15, 8, 2, 9, 19, 5, 0, 22]
y_coordinates = [63, 75, 31, 51, 38, 55, 61, 62, 62, 69, 64, 72, 29, 50, 44, 60, 58, 75, 50]
x_dimensions = [3, 13, 4, 5, 25, 19, 3, 3, 3, 13, 3, 10, 3, 3, 3, 6, 5, 3, 3]
y_dimensions = [6, 4, 7, 4, 3, 3, 18, 17, 14, 3, 11, 3, 9, 8, 7, 3, 3, 4, 3]
minimum_height = 79
----------
x_coordinates = [21, 15, 11, 8, 0, 6, 22, 19, 6, 12, 3, 9, 22, 8, 21, 9, 4, 14, 22]
y_coordinates = [72, 56, 50, 57, 36, 39, 51, 50, 64, 69, 66, 66, 42, 49, 29, 63, 61, 74, 26]
x_dimensions = [3, 4, 4, 5, 25, 19, 3, 3, 3, 13, 3, 3, 3, 3, 3, 6, 5, 3, 3]
y_dimensions = [6, 13, 7, 4, 3, 3, 18, 17, 14, 3, 11, 10, 9, 8, 7, 3, 3, 4, 3]
minimum_height = 78
----------
x_coordinates = [19, 18, 1, 18, 0, 6, 22, 5, 21, 8, 13, 12, 20, 16, 18, 15, 16, 10, 21]
y_coordinates = [74, 46, 70, 16, 36, 39, 42, 58, 60, 59, 66, 43, 20, 69, 29, 63, 66, 73, 33]
x_dimensions = [6, 4, 4, 5, 25, 19, 3, 3, 3, 13, 3, 10, 3, 3, 3, 6, 5, 3, 3]
y_dimensions = [3, 13, 7, 4, 3, 3, 18, 17, 14, 3, 11, 3, 9, 8, 7, 3, 3, 4, 3]
minimum_height = 77
----------
x_coordinates = [12, 21, 1, 18, 0, 3, 9, 18, 22, 9, 15, 11, 11, 22, 0, 13, 20, 12, 22]
y_coordinates = [62, 63, 69, 34, 31, 43, 58, 59, 49, 55, 65, 52, 34, 38, 42, 48, 46, 72, 28]
x_dimensions = [6, 4, 4, 5, 25, 19, 3, 3, 3, 13, 3, 10, 3, 3, 3, 6, 5, 3, 3]
y_dimensions = [3, 13, 7, 4, 3, 3, 18, 17, 14, 3, 11, 3, 9, 8, 7, 3, 3, 4, 3]
minimum_height = 76
----------
x_coordinates = [12, 21, 2, 20, 0, 3, 9, 18, 22, 9, 2, 10, 0, 13, 0, 12, 16, 17, 22]
y_coordinates = [57, 61, 62, 43, 36, 51, 54, 55, 47, 48, 72, 45, 53, 67, 46, 60, 72, 41, 40]
x_dimensions = [6, 4, 4, 5, 25, 19, 3, 3, 3, 13, 11, 10, 3, 3, 3, 6, 5, 3, 3]
y_dimensions = [3, 13, 7, 4, 3, 3, 18, 17, 14, 3, 3, 3, 9, 8, 7, 3, 3, 4, 3]
minimum_height = 75
----------
x_coordinates = [11, 21, 2, 19, 0, 3, 11, 17, 22, 9, 11, 13, 0, 14, 0, 16, 20, 5, 22]
y_coordinates = [53, 57, 66, 37, 34, 47, 56, 55, 43, 41, 44, 28, 49, 66, 42, 50, 71, 55, 31]
x_dimensions = [6, 4, 4, 5, 25, 19, 3, 3, 3, 13, 11, 10, 3, 3, 3, 6, 5, 3, 3]
y_dimensions = [3, 13, 7, 4, 3, 3, 18, 17, 14, 3, 3, 3, 9, 8, 7, 3, 3, 4, 3]
minimum_height = 74
----------
x_coordinates = [12, 21, 1, 20, 0, 18, 15, 18, 22, 5, 14, 5, 2, 22, 12, 9, 20, 4, 22]
y_coordinates = [70, 46, 62, 30, 34, 37, 45, 56, 59, 66, 27, 55, 53, 38, 48, 58, 24, 69, 20]
x_dimensions = [6, 4, 4, 5, 25, 3, 3, 3, 3, 13, 11, 10, 3, 3, 3, 6, 5, 3, 3]
y_dimensions = [3, 13, 7, 4, 3, 19, 18, 17, 14, 3, 3, 3, 9, 8, 7, 3, 3, 4, 3]
minimum_height = 73
----------
x_coordinates = [14, 21, 0, 19, 0, 18, 14, 20, 17, 4, 9, 8, 11, 15, 2, 5, 20, 1, 22]
y_coordinates = [69, 42, 61, 28, 32, 35, 48, 55, 54, 66, 25, 45, 53, 37, 53, 53, 25, 68, 39]
x_dimensions = [6, 4, 4, 5, 25, 3, 3, 3, 3, 13, 11, 10, 3, 3, 3, 6, 5, 3, 3]
y_dimensions = [3, 13, 7, 4, 3, 19, 18, 17, 14, 3, 3, 3, 9, 8, 7, 3, 3, 4, 3]
minimum_height = 72
----------
x_coordinates = [17, 18, 0, 14, 0, 5, 22, 4, 12, 15, 8, 12, 20, 2, 9, 19, 0, 9, 20]
y_coordinates = [31, 52, 63, 44, 34, 48, 52, 68, 51, 52, 48, 65, 40, 55, 57, 49, 50, 64, 28]
x_dimensions = [6, 4, 4, 5, 25, 3, 3, 17, 3, 3, 11, 10, 3, 3, 3, 6, 5, 3, 3]
y_dimensions = [3, 13, 7, 4, 3, 19, 18, 3, 14, 13, 3, 3, 9, 8, 7, 3, 3, 4, 3]
minimum_height = 71
----------
x_coordinates = [9, 21, 9, 18, 0, 0, 13, 4, 16, 13, 14, 15, 20, 6, 3, 19, 2, 15, 22]
y_coordinates = [67, 54, 49, 30, 23, 50, 33, 64, 50, 51, 26, 67, 42, 50, 50, 51, 28, 29, 38]
x_dimensions = [6, 4, 4, 5, 25, 3, 3, 17, 3, 3, 11, 10, 3, 3, 3, 6, 5, 3, 3]
y_dimensions = [3, 13, 7, 4, 3, 19, 18, 3, 14, 13, 3, 3, 9, 8, 7, 3, 3, 4, 3]
minimum_height = 70
----------
x_coordinates = [14, 18, 5, 19, 0, 9, 12, 8, 22, 15, 3, 15, 13, 14, 11, 16, 6, 6, 21]
y_coordinates = [36, 53, 62, 43, 30, 49, 51, 33, 49, 53, 48, 66, 47, 39, 40, 50, 46, 58, 38]
x_dimensions = [6, 4, 4, 5, 25, 3, 3, 17, 3, 3, 3, 10, 9, 3, 3, 6, 5, 3, 3]
y_dimensions = [3, 13, 7, 4, 3, 19, 18, 3, 14, 13, 11, 3, 3, 8, 7, 3, 3, 4, 3]
minimum_height = 69
----------
x_coordinates = [0, 21, 6, 8, 12, 9, 14, 6, 8, 18, 19, 14, 16, 16, 4, 12, 7, 1, 22]
y_coordinates = [50, 55, 14, 28, 33, 32, 15, 34, 54, 55, 41, 12, 52, 4, 53, 65, 51, 53, 49]
x_dimensions = [6, 4, 4, 5, 3, 3, 3, 3, 3, 3, 3, 10, 9, 3, 3, 6, 5, 3, 3]
y_dimensions = [3, 13, 7, 4, 25, 19, 18, 17, 14, 13, 11, 3, 3, 8, 7, 3, 3, 4, 3]
minimum_height = 68
----------
x_coordinates = [16, 3, 2, 15, 3, 15, 7, 0, 19, 22, 22, 14, 6, 21, 12, 5, 10, 18, 21]
y_coordinates = [62, 63, 24, 33, 32, 43, 37, 50, 41, 54, 43, 30, 50, 17, 40, 60, 53, 55, 27]
x_dimensions = [6, 13, 4, 5, 3, 3, 18, 3, 3, 3, 3, 10, 9, 3, 7, 6, 5, 3, 3]
y_dimensions = [3, 4, 7, 4, 25, 19, 3, 17, 14, 13, 11, 3, 3, 8, 3, 3, 3, 4, 3]
minimum_height = 67
----------
x_coordinates = [2, 5, 20, 13, 2, 20, 22, 21, 10, 18, 17, 18, 9, 19, 17, 18, 14, 16, 8]
y_coordinates = [57, 47, 23, 55, 32, 1, 47, 30, 52, 35, 24, 48, 49, 58, 13, 20, 63, 59, 19]
x_dimensions = [3, 4, 4, 5, 3, 3, 3, 3, 3, 3, 3, 3, 9, 3, 3, 6, 5, 3, 3]
y_dimensions = [6, 13, 7, 4, 25, 19, 18, 17, 14, 13, 11, 10, 3, 8, 7, 3, 3, 4, 3]
minimum_height = 66
----------
x_coordinates = [7, 8, 12, 18, 3, 22, 6, 13, 0, 21, 11, 19, 16, 10, 0, 19, 14, 17, 22]
y_coordinates = [59, 46, 57, 61, 31, 42, 36, 40, 38, 20, 25, 51, 39, 62, 62, 33, 32, 47, 17]
x_dimensions = [3, 4, 7, 5, 3, 3, 18, 3, 3, 3, 3, 3, 9, 8, 7, 6, 5, 3, 3]
y_dimensions = [6, 13, 4, 4, 25, 19, 3, 17, 14, 13, 11, 10, 3, 3, 3, 3, 3, 4, 3]
minimum_height = 65
----------
x_coordinates = [22, 12, 15, 10, 6, 22, 7, 19, 1, 21, 22, 4, 16, 2, 0, 18, 13, 16, 22]
y_coordinates = [58, 32, 60, 59, 22, 33, 55, 38, 43, 9, 22, 47, 32, 61, 57, 6, 8, 51, 52]
x_dimensions = [3, 4, 7, 5, 3, 3, 18, 3, 3, 3, 3, 3, 3, 8, 7, 6, 5, 3, 3]
y_dimensions = [6, 13, 4, 4, 25, 19, 3, 17, 14, 13, 11, 10, 9, 3, 3, 3, 3, 4, 3]
minimum_height = 64
----------
x_coordinates = [19, 13, 12, 14, 11, 22, 7, 19, 5, 21, 22, 9, 16, 1, 0, 19, 11, 3, 6]
y_coordinates = [54, 34, 56, 52, 4, 41, 60, 37, 47, 14, 30, 50, 25, 56, 59, 27, 29, 52, 53]
x_dimensions = [3, 4, 7, 5, 3, 3, 18, 3, 14, 3, 3, 3, 3, 8, 7, 6, 5, 3, 3]
y_dimensions = [6, 13, 4, 4, 25, 19, 3, 17, 3, 13, 11, 10, 9, 3, 3, 3, 3, 4, 3]
minimum_height = 63
----------
x_coordinates = [21, 13, 3, 17, 12, 21, 18, 0, 8, 22, 22, 10, 15, 16, 6, 19, 14, 22, 18]
y_coordinates = [51, 49, 56, 58, 20, 32, 37, 44, 15, 5, 21, 52, 31, 18, 49, 2, 4, 57, 55]
x_dimensions = [3, 4, 7, 5, 3, 3, 3, 3, 14, 3, 3, 3, 3, 8, 7, 6, 5, 3, 3]
y_dimensions = [6, 13, 4, 4, 25, 19, 18, 17, 3, 13, 11, 10, 9, 3, 3, 3, 3, 4, 3]
minimum_height = 62
----------
x_coordinates = [15, 18, 10, 17, 12, 22, 21, 22, 11, 3, 19, 7, 15, 17, 9, 6, 13, 4, 4]
y_coordinates = [9, 41, 57, 15, 11, 0, 19, 37, 54, 14, 4, 50, 42, 57, 36, 14, 51, 54, 58]
x_dimensions = [3, 4, 7, 5, 3, 3, 3, 3, 14, 3, 3, 3, 3, 8, 7, 6, 5, 3, 3]
y_dimensions = [6, 13, 4, 4, 25, 19, 18, 17, 3, 13, 11, 10, 9, 3, 3, 3, 3, 4, 3]
minimum_height = 61
----------
x_coordinates = [21, 0, 4, 17, 12, 22, 21, 19, 11, 9, 16, 22, 3, 19, 18, 15, 13, 18, 10]
y_coordinates = [51, 47, 56, 19, 17, 18, 0, 23, 57, 16, 36, 38, 36, 40, 48, 16, 54, 53, 53]
x_dimensions = [3, 4, 7, 5, 3, 3, 3, 3, 14, 3, 3, 3, 3, 3, 7, 6, 5, 3, 3]
y_dimensions = [6, 13, 4, 4, 25, 19, 18, 17, 3, 13, 11, 10, 9, 8, 3, 3, 3, 4, 3]
minimum_height = 60
----------
x_coordinates = [20, 0, 4, 16, 11, 22, 19, 21, 8, 10, 14, 20, 18, 16, 14, 13, 15, 22, 12]
y_coordinates = [0, 44, 44, 24, 23, 6, 6, 25, 56, 10, 9, 45, 30, 42, 39, 20, 53, 55, 53]
x_dimensions = [3, 4, 7, 5, 3, 3, 3, 3, 14, 3, 3, 3, 3, 8, 7, 6, 5, 3, 3]
y_dimensions = [6, 13, 4, 4, 25, 19, 18, 17, 3, 13, 11, 10, 9, 3, 3, 3, 3, 4, 3]
minimum_height = 59
----------
x_coordinates = [22, 7, 10, 14, 12, 22, 18, 20, 11, 9, 15, 21, 18, 17, 15, 6, 13, 19, 11]
y_coordinates = [52, 45, 14, 54, 21, 20, 31, 2, 49, 18, 35, 39, 19, 11, 28, 38, 46, 54, 54]
x_dimensions = [3, 4, 7, 5, 3, 3, 3, 3, 14, 3, 3, 3, 3, 3, 7, 6, 5, 3, 3]
y_dimensions = [6, 13, 4, 4, 25, 19, 18, 17, 3, 13, 11, 10, 9, 8, 3, 3, 3, 4, 3]
minimum_height = 58
----------
x_coordinates = [21, 1, 14, 17, 11, 22, 19, 22, 8, 7, 16, 21, 5, 19, 18, 15, 14, 18, 16]
y_coordinates = [29, 44, 31, 47, 26, 10, 10, 37, 51, 28, 17, 0, 48, 35, 54, 28, 9, 43, 40]
x_dimensions = [3, 4, 7, 5, 3, 3, 3, 3, 14, 3, 3, 3, 3, 3, 7, 6, 5, 3, 3]
y_dimensions = [6, 13, 4, 4, 25, 19, 18, 17, 3, 13, 11, 10, 9, 8, 3, 3, 3, 4, 3]
minimum_height = 57
----------
x_coordinates = [21, 4, 11, 13, 11, 22, 19, 22, 8, 7, 14, 20, 17, 18, 17, 5, 15, 18, 16]
y_coordinates = [11, 43, 9, 16, 27, 17, 18, 39, 53, 21, 35, 0, 44, 10, 36, 34, 6, 40, 32]
x_dimensions = [3, 4, 7, 5, 3, 3, 3, 3, 14, 3, 3, 3, 3, 3, 7, 6, 5, 3, 3]
y_dimensions = [6, 13, 4, 4, 25, 19, 18, 17, 3, 13, 11, 10, 9, 8, 3, 3, 3, 4, 3]
minimum_height = 56
----------
x_coordinates = [21, 1, 14, 14, 12, 22, 19, 22, 8, 7, 15, 21, 12, 19, 18, 16, 16, 5, 17]
y_coordinates = [10, 42, 9, 14, 18, 16, 17, 38, 52, 34, 34, 0, 43, 38, 35, 46, 6, 51, 49]
x_dimensions = [3, 4, 7, 5, 3, 3, 3, 3, 14, 3, 3, 3, 3, 3, 7, 6, 5, 3, 3]
y_dimensions = [6, 13, 4, 4, 25, 19, 18, 17, 3, 13, 11, 10, 9, 8, 3, 3, 3, 4, 3]
minimum_height = 55
----------
x_coordinates = [8, 4, 13, 14, 12, 7, 22, 22, 7, 19, 16, 20, 1, 21, 15, 19, 16, 9, 6]
y_coordinates = [49, 41, 8, 50, 24, 18, 36, 19, 5, 41, 39, 9, 34, 1, 32, 35, 1, 40, 38]
x_dimensions = [6, 4, 7, 5, 3, 3, 3, 3, 14, 3, 3, 3, 3, 3, 7, 3, 5, 3, 3]
y_dimensions = [3, 13, 4, 4, 25, 19, 18, 17, 3, 13, 11, 10, 9, 8, 3, 6, 3, 4, 3]
minimum_height = 54
----------
x_coordinates = [8, 4, 13, 14, 12, 7, 22, 22, 7, 19, 16, 20, 0, 21, 15, 19, 16, 9, 6]
y_coordinates = [50, 40, 7, 49, 24, 17, 35, 18, 4, 39, 38, 8, 32, 0, 30, 33, 1, 38, 37]
x_dimensions = [6, 4, 7, 5, 3, 3, 3, 3, 14, 3, 3, 3, 3, 3, 7, 3, 5, 3, 3]
y_dimensions = [3, 13, 4, 4, 25, 19, 18, 17, 3, 13, 11, 10, 9, 8, 3, 6, 3, 4, 3]
minimum_height = 53
----------
x_coordinates = [2, 5, 10, 14, 12, 8, 22, 22, 10, 19, 16, 7, 2, 21, 18, 18, 16, 9, 8]
y_coordinates = [49, 36, 4, 48, 23, 17, 34, 16, 13, 39, 37, 7, 32, 5, 2, 31, 10, 36, 49]
x_dimensions = [6, 4, 7, 5, 3, 3, 3, 3, 14, 3, 3, 3, 3, 3, 7, 3, 5, 3, 3]
y_dimensions = [3, 13, 4, 4, 25, 19, 18, 17, 3, 13, 11, 10, 9, 8, 3, 6, 3, 4, 3]
minimum_height = 52
----------
x_coordinates = [16, 5, 12, 20, 12, 3, 22, 0, 7, 19, 22, 6, 0, 21, 19, 22, 17, 9, 3]
y_coordinates = [33, 38, 17, 27, 24, 16, 1, 17, 21, 36, 37, 28, 34, 19, 12, 31, 9, 36, 35]
x_dimensions = [3, 4, 7, 5, 3, 3, 3, 3, 14, 3, 3, 3, 3, 3, 3, 3, 5, 3, 3]
y_dimensions = [6, 13, 4, 4, 25, 19, 18, 17, 3, 13, 11, 10, 9, 8, 7, 6, 3, 4, 3]
minimum_height = 51
----------
x_coordinates = [18, 1, 5, 18, 12, 4, 20, 22, 8, 6, 19, 15, 9, 22, 9, 18, 15, 5, 3]
y_coordinates = [23, 34, 42, 35, 21, 15, 0, 18, 18, 46, 39, 33, 26, 42, 35, 29, 15, 34, 47]
x_dimensions = [3, 4, 7, 5, 3, 3, 3, 3, 14, 13, 3, 3, 3, 3, 3, 3, 5, 3, 3]
y_dimensions = [6, 13, 4, 4, 25, 19, 18, 17, 3, 3, 11, 10, 9, 8, 7, 6, 3, 4, 3]
minimum_height = 50
----------
x_coordinates = [22, 1, 6, 18, 12, 0, 5, 8, 11, 6, 19, 11, 2, 5, 3, 22, 13, 14, 2]
y_coordinates = [43, 36, 2, 34, 6, 5, 19, 29, 31, 46, 38, 35, 27, 37, 5, 25, 3, 35, 24]
x_dimensions = [3, 4, 7, 5, 3, 3, 3, 3, 14, 13, 3, 3, 3, 3, 3, 3, 5, 3, 3]
y_dimensions = [6, 13, 4, 4, 25, 19, 18, 17, 3, 3, 11, 10, 9, 8, 7, 6, 3, 4, 3]
minimum_height = 49
----------
x_coordinates = [16, 0, 10, 19, 8, 3, 0, 4, 11, 12, 20, 21, 15, 7, 12, 20, 15, 18, 3]
y_coordinates = [45, 34, 38, 38, 12, 9, 16, 31, 35, 42, 14, 25, 26, 37, 28, 8, 23, 31, 28]
x_dimensions = [6, 4, 7, 5, 3, 3, 3, 3, 14, 13, 3, 3, 3, 3, 3, 3, 5, 3, 3]
y_dimensions = [3, 13, 4, 4, 25, 19, 18, 17, 3, 3, 11, 10, 9, 8, 7, 6, 3, 4, 3]
minimum_height = 48
----------
x_coordinates = [0, 12, 13, 20, 12, 21, 3, 19, 6, 12, 22, 9, 0, 9, 16, 22, 16, 3, 16]
y_coordinates = [38, 36, 40, 40, 11, 0, 16, 19, 33, 44, 25, 29, 28, 39, 29, 19, 16, 34, 26]
x_dimensions = [6, 13, 7, 5, 3, 3, 3, 3, 3, 13, 3, 3, 3, 3, 3, 3, 5, 3, 3]
y_dimensions = [3, 4, 4, 4, 25, 19, 18, 17, 14, 3, 11, 10, 9, 8, 7, 6, 3, 4, 3]
minimum_height = 47
----------
x_coordinates = [13, 15, 14, 20, 8, 19, 6, 22, 11, 12, 21, 10, 3, 9, 16, 5, 20, 12, 18]
y_coordinates = [37, 17, 10, 39, 2, 20, 27, 22, 14, 43, 3, 28, 26, 38, 30, 13, 17, 24, 7]
x_dimensions = [6, 4, 7, 5, 3, 3, 3, 3, 14, 13, 3, 3, 3, 3, 3, 3, 5, 3, 3]
y_dimensions = [3, 13, 4, 4, 25, 19, 18, 17, 3, 3, 11, 10, 9, 8, 7, 6, 3, 4, 3]
minimum_height = 46
----------
x_coordinates = [3, 15, 12, 5, 12, 3, 0, 22, 19, 12, 22, 11, 9, 9, 0, 22, 6, 21, 18]
y_coordinates = [36, 24, 38, 39, 2, 17, 17, 25, 26, 42, 10, 27, 17, 37, 35, 4, 26, 21, 21]
x_dimensions = [6, 4, 7, 4, 3, 3, 3, 3, 3, 13, 3, 3, 3, 3, 3, 3, 5, 3, 3]
y_dimensions = [3, 13, 4, 5, 25, 19, 18, 17, 14, 3, 11, 10, 9, 8, 7, 6, 3, 4, 3]
minimum_height = 45
----------
x_coordinates = [4, 0, 17, 0, 12, 5, 9, 21, 15, 18, 22, 19, 3, 17, 18, 0, 10, 6, 0]
y_coordinates = [38, 26, 0, 39, 13, 41, 20, 20, 27, 22, 9, 4, 17, 14, 37, 17, 38, 25, 23]
x_dimensions = [6, 4, 7, 4, 3, 19, 3, 3, 3, 3, 3, 3, 3, 3, 7, 3, 5, 3, 3]
y_dimensions = [3, 13, 4, 5, 25, 3, 18, 17, 14, 13, 11, 10, 9, 8, 3, 6, 3, 4, 3]
minimum_height = 44
----------
x_coordinates = [4, 0, 15, 0, 12, 7, 4, 22, 19, 16, 22, 13, 0, 10, 16, 22, 7, 19, 3]
y_coordinates = [40, 25, 18, 38, 8, 21, 19, 20, 29, 23, 9, 33, 16, 35, 36, 3, 18, 24, 16]
x_dimensions = [6, 4, 7, 4, 3, 3, 3, 3, 3, 3, 3, 3, 3, 3, 3, 3, 5, 3, 3]
y_dimensions = [3, 13, 4, 5, 25, 19, 18, 17, 14, 13, 11, 10, 9, 8, 7, 6, 3, 4, 3]
minimum_height = 43
----------
x_coordinates = [11, 0, 16, 18, 12, 8, 4, 19, 22, 16, 21, 15, 3, 0, 22, 6, 7, 12, 11]
y_coordinates = [39, 29, 5, 37, 7, 23, 22, 20, 27, 15, 9, 28, 13, 21, 20, 8, 20, 35, 32]
x_dimensions = [6, 4, 7, 4, 3, 3, 3, 3, 3, 3, 3, 3, 3, 3, 3, 3, 5, 3, 3]
y_dimensions = [3, 13, 4, 5, 25, 19, 18, 17, 14, 13, 11, 10, 9, 8, 7, 6, 3, 4, 3]
minimum_height = 42
----------
x_coordinates = [15, 9, 2, 15, 3, 19, 1, 21, 6, 22, 22, 0, 16, 13, 3, 0, 10, 6, 15]
y_coordinates = [7, 18, 4, 36, 8, 22, 33, 0, 19, 28, 17, 16, 24, 25, 38, 27, 38, 15, 15]
x_dimensions = [6, 13, 7, 4, 3, 3, 18, 3, 3, 3, 3, 3, 3, 3, 7, 3, 5, 3, 3]
y_dimensions = [3, 4, 4, 5, 25, 19, 3, 17, 14, 13, 11, 10, 9, 8, 3, 6, 3, 4, 3]
minimum_height = 41
----------
x_coordinates = [11, 21, 1, 1, 8, 22, 5, 17, 14, 15, 18, 11, 14, 2, 11, 4, 20, 2, 20]
y_coordinates = [37, 20, 18, 35, 15, 1, 22, 21, 14, 1, 10, 19, 28, 27, 30, 12, 37, 23, 34]
x_dimensions = [6, 4, 7, 4, 3, 3, 3, 3, 3, 3, 3, 3, 3, 3, 3, 3, 5, 3, 3]
y_dimensions = [3, 13, 4, 5, 25, 19, 18, 17, 14, 13, 11, 10, 9, 8, 7, 6, 3, 4, 3]
minimum_height = 40
----------
x_coordinates = [10, 3, 9, 6, 0, 0, 4, 22, 14, 20, 7, 12, 18, 11, 19, 15, 18, 16, 4]
y_coordinates = [33, 20, 19, 11, 16, 20, 36, 22, 2, 3, 25, 23, 20, 8, 29, 26, 0, 32, 33]
x_dimensions = [6, 4, 7, 4, 25, 3, 18, 3, 3, 3, 3, 3, 3, 3, 3, 3, 5, 3, 3]
y_dimensions = [3, 13, 4, 5, 3, 19, 3, 17, 14, 13, 11, 10, 9, 8, 7, 6, 3, 4, 3]
minimum_height = 39
----------
x_coordinates = [19, 18, 13, 20, 0, 3, 4, 1, 16, 5, 22, 22, 3, 0, 6, 21, 13, 21, 15]
y_coordinates = [6, 21, 34, 34, 1, 15, 18, 26, 1, 2, 13, 24, 29, 30, 33, 0, 31, 9, 23]
x_dimensions = [6, 4, 7, 5, 3, 19, 18, 17, 3, 3, 3, 3, 3, 3, 7, 3, 5, 3, 3]
y_dimensions = [3, 13, 4, 4, 25, 3, 3, 3, 14, 13, 11, 10, 9, 8, 3, 6, 3, 4, 3]
minimum_height = 38
----------
x_coordinates = [17, 18, 11, 13, 0, 3, 5, 1, 14, 5, 22, 22, 3, 0, 6, 7, 5, 21, 16]
y_coordinates = [9, 24, 29, 33, 0, 21, 1, 25, 4, 5, 16, 27, 28, 29, 34, 28, 18, 12, 18]
x_dimensions = [6, 4, 7, 5, 3, 19, 18, 17, 3, 3, 3, 3, 3, 3, 7, 3, 5, 3, 3]
y_dimensions = [3, 13, 4, 4, 25, 3, 3, 3, 14, 13, 11, 10, 9, 8, 3, 6, 3, 4, 3]
minimum_height = 37
----------
x_coordinates = [22, 18, 11, 13, 0, 0, 7, 1, 19, 0, 16, 22, 8, 5, 11, 2, 10, 22, 18]
y_coordinates = [8, 23, 29, 20, 17, 11, 14, 24, 0, 21, 0, 26, 27, 28, 33, 30, 8, 22, 20]
x_dimensions = [3, 4, 7, 5, 25, 19, 18, 17, 3, 13, 3, 3, 3, 3, 7, 3, 5, 3, 3]
y_dimensions = [6, 13, 4, 4, 3, 3, 3, 3, 14, 3, 11, 10, 9, 8, 3, 6, 3, 4, 3]
minimum_height = 36
----------
x_coordinates = [0, 1, 17, 16, 12, 4, 15, 8, 18, 21, 9, 22, 5, 4, 10, 6, 4, 3, 19]
y_coordinates = [16, 22, 31, 24, 3, 0, 6, 28, 7, 5, 17, 18, 26, 10, 32, 20, 7, 18, 21]
x_dimensions = [3, 4, 7, 5, 3, 19, 3, 17, 3, 3, 3, 3, 3, 3, 7, 3, 5, 3, 3]
y_dimensions = [6, 13, 4, 4, 25, 3, 18, 3, 14, 13, 11, 10, 9, 8, 3, 6, 3, 4, 3]
minimum_height = 35
----------
x_coordinates = [19, 3, 17, 21, 11, 14, 22, 4, 2, 8, 17, 5, 16, 0, 14, 8, 0, 15, 22]
y_coordinates = [18, 30, 1, 26, 2, 1, 5, 27, 8, 8, 7, 17, 31, 25, 24, 21, 22, 20, 23]
x_dimensions = [3, 13, 7, 4, 3, 3, 3, 17, 3, 3, 3, 3, 9, 3, 7, 3, 5, 3, 3]
y_dimensions = [6, 4, 4, 5, 25, 19, 18, 3, 14, 13, 11, 10, 3, 8, 3, 6, 3, 4, 3]
minimum_height = 34
----------
x_coordinates = [21, 6, 5, 5, 12, 15, 22, 2, 9, 2, 18, 19, 16, 6, 18, 9, 1, 19, 22]
y_coordinates = [6, 28, 15, 10, 0, 5, 12, 25, 1, 11, 8, 19, 0, 1, 3, 19, 28, 29, 30]
x_dimensions = [3, 13, 7, 4, 3, 3, 3, 17, 3, 3, 3, 3, 9, 3, 7, 3, 5, 3, 3]
y_dimensions = [6, 4, 4, 5, 25, 19, 18, 3, 14, 13, 11, 10, 3, 8, 3, 6, 3, 4, 3]
minimum_height = 33
----------
x_coordinates = [22, 5, 1, 15, 11, 8, 19, 1, 15, 1, 18, 21, 16, 5, 4, 22, 14, 22, 2]
y_coordinates = [6, 28, 5, 6, 0, 2, 3, 25, 11, 10, 21, 22, 0, 14, 22, 12, 3, 18, 29]
x_dimensions = [3, 13, 7, 4, 3, 3, 3, 17, 3, 3, 3, 3, 9, 3, 7, 3, 5, 3, 3]
y_dimensions = [6, 4, 4, 5, 25, 19, 18, 3, 14, 13, 11, 10, 3, 8, 3, 6, 3, 4, 3]
minimum_height = 32
----------
x_coordinates = [5, 6, 3, 1, 0, 3, 16, 7, 13, 22, 19, 22, 6, 10, 15, 19, 5, 22, 5]
y_coordinates = [14, 27, 20, 27, 2, 6, 9, 0, 13, 4, 20, 21, 3, 19, 3, 14, 11, 17, 24]
x_dimensions = [3, 13, 7, 5, 3, 19, 3, 17, 3, 3, 3, 3, 9, 3, 7, 3, 5, 3, 3]
y_dimensions = [6, 4, 4, 4, 25, 3, 18, 3, 14, 13, 11, 10, 3, 8, 3, 6, 3, 4, 3]
minimum_height = 31
----------
x_coordinates = [5, 9, 3, 8, 0, 19, 22, 2, 13, 16, 22, 10, 11, 6, 15, 12, 7, 16, 7]
y_coordinates = [12, 0, 18, 11, 2, 11, 12, 27, 13, 10, 1, 17, 4, 0, 7, 7, 8, 23, 22]
x_dimensions = [3, 13, 7, 4, 3, 3, 3, 17, 3, 3, 3, 3, 9, 3, 7, 3, 5, 3, 3]
y_dimensions = [6, 4, 4, 5, 25, 19, 18, 3, 14, 13, 11, 10, 3, 8, 3, 6, 3, 4, 3]
minimum_height = 30
----------
x_coordinates = [4, 4, 8, 0, 0, 5, 19, 8, 13, 16, 22, 22, 16, 9, 3, 10, 17, 15, 13]
y_coordinates = [4, 0, 19, 25, 0, 10, 5, 23, 4, 6, 2, 13, 26, 11, 7, 5, 2, 19, 26]
x_dimensions = [6, 13, 7, 5, 3, 3, 3, 17, 3, 3, 3, 3, 9, 3, 7, 3, 5, 3, 3]
y_dimensions = [3, 4, 4, 4, 25, 19, 18, 3, 14, 13, 11, 10, 3, 8, 3, 6, 3, 4, 3]
minimum_height = 29
----------
x_coordinates = [3, 18, 18, 7, 12, 3, 9, 15, 6, 0, 11, 0, 16, 22, 15, 22, 7, 22, 22]
y_coordinates = [21, 6, 0, 3, 0, 2, 7, 2, 14, 2, 25, 18, 19, 11, 22, 22, 0, 4, 8]
x_dimensions = [3, 4, 7, 5, 3, 3, 3, 3, 3, 3, 11, 3, 9, 3, 7, 3, 5, 3, 3]
y_dimensions = [6, 13, 4, 4, 25, 19, 18, 17, 14, 13, 3, 10, 3, 8, 3, 6, 3, 4, 3]
minimum_height = 28
----------
x_coordinates = [9, 21, 21, 9, 0, 3, 6, 4, 7, 18, 14, 15, 12, 6, 9, 13, 15, 15, 12]
y_coordinates = [7, 11, 4, 13, 2, 2, 0, 21, 18, 5, 24, 0, 3, 24, 0, 12, 7, 3, 0]
x_dimensions = [3, 4, 4, 4, 3, 3, 3, 17, 14, 3, 11, 10, 3, 8, 3, 3, 3, 3, 3]
y_dimensions = [6, 13, 7, 5, 25, 19, 18, 3, 3, 13, 3, 3, 9, 3, 7, 6, 5, 4, 3]
minimum_height = 27
----------
x_coordinates = [22, 15, 3, 21, 0, 3, 6, 8, 7, 12, 10, 9, 9, 19, 22, 19, 22, 18, 9]
y_coordinates = [13, 10, 0, 3, 1, 7, 7, 0, 3, 10, 6, 10, 23, 9, 19, 17, 8, 23, 20]
x_dimensions = [3, 4, 4, 4, 3, 3, 3, 17, 14, 3, 11, 3, 9, 3, 3, 3, 3, 4, 3]
y_dimensions = [6, 13, 7, 5, 25, 19, 18, 3, 3, 13, 3, 10, 3, 8, 7, 6, 5, 3, 3]
minimum_height = 26
----------
x_coordinates = [9, 18, 15, 18, 12, 6, 15, 3, 0, 9, 22, 22, 0, 0, 15, 6, 3, 22, 9]
y_coordinates = [6, 9, 0, 4, 0, 6, 4, 8, 3, 12, 0, 15, 0, 17, 22, 3, 3, 11, 0]
x_dimensions = [3, 4, 7, 4, 3, 3, 3, 3, 3, 3, 3, 3, 9, 3, 7, 6, 3, 3, 3]
y_dimensions = [6, 13, 4, 5, 25, 19, 18, 17, 14, 13, 11, 10, 3, 8, 3, 3, 5, 4, 3]
minimum_height = 25
----------
==========
%%%mzn-stat: nodes=209205
%%%mzn-stat: failures=89697
%%%mzn-stat: restarts=2122
%%%mzn-stat: variables=10652
%%%mzn-stat: intVars=79
%%%mzn-stat: boolVariables=10571
%%%mzn-stat: propagators=1410
%%%mzn-stat: propagations=42605088
%%%mzn-stat: peakDepth=173
%%%mzn-stat: nogoods=89697
%%%mzn-stat: backjumps=54163
%%%mzn-stat: peakMem=0.00
%%%mzn-stat: time=23.659
%%%mzn-stat: initTime=0.030
%%%mzn-stat: solveTime=23.629
%%%mzn-stat: objective=25
%%%mzn-stat: optTime=23.629
%%%mzn-stat: baseMem=0.00
%%%mzn-stat: trailMem=0.02
%%%mzn-stat: randomSeed=1657541213
