x_coordinates = [11, 15, 21, 4, 1, 0, 25, 1, 19, 16, 7, 12, 23, 5, 8, 20, 14, 26, 23, 22, 8, 24, 24, 1]
y_coordinates = [114, 214, 225, 67, 229, 214, 224, 222, 230, 225, 225, 226, 196, 222, 219, 203, 143, 215, 216, 140, 145, 145, 70, 70]
x_dimensions = [17, 8, 4, 20, 18, 15, 4, 4, 6, 5, 4, 4, 3, 18, 15, 3, 10, 3, 3, 7, 6, 5, 4, 3]
y_dimensions = [5, 5, 5, 4, 4, 4, 9, 7, 4, 4, 4, 3, 20, 3, 3, 11, 3, 9, 8, 3, 3, 3, 3, 3]
minimum_height = 234
----------
x_coordinates = [5, 20, 25, 6, 5, 8, 21, 14, 23, 9, 7, 11, 23, 3, 6, 1, 19, 4, 26, 7, 13, 8, 5, 3]
y_coordinates = [114, 129, 228, 15, 203, 218, 224, 225, 200, 226, 222, 222, 204, 230, 215, 219, 35, 218, 220, 182, 37, 37, 227, 97]
x_dimensions = [17, 8, 4, 20, 18, 15, 4, 7, 6, 5, 4, 3, 3, 18, 15, 3, 10, 3, 3, 7, 6, 5, 4, 3]
y_dimensions = [5, 5, 5, 4, 4, 4, 9, 4, 4, 4, 4, 4, 20, 3, 3, 11, 3, 9, 8, 3, 3, 3, 3, 3]
minimum_height = 233
----------
x_coordinates = [11, 15, 23, 3, 11, 9, 25, 18, 23, 12, 9, 0, 1, 11, 9, 13, 13, 24, 4, 6, 23, 18, 8, 11]
y_coordinates = [82, 204, 206, 121, 198, 218, 223, 228, 202, 228, 222, 228, 208, 195, 215, 222, 209, 214, 226, 210, 211, 212, 229, 34]
x_dimensions = [17, 8, 4, 20, 18, 15, 4, 7, 6, 5, 4, 3, 3, 18, 15, 11, 10, 3, 8, 7, 6, 5, 4, 3]
y_dimensions = [5, 5, 5, 4, 4, 4, 9, 4, 4, 4, 4, 4, 20, 3, 3, 3, 3, 9, 3, 3, 3, 3, 3, 3]
minimum_height = 232
----------
x_coordinates = [3, 0, 24, 5, 0, 14, 25, 23, 14, 19, 11, 26, 24, 7, 4, 15, 9, 8, 19, 22, 18, 16, 24, 10]
y_coordinates = [79, 226, 204, 212, 207, 220, 208, 194, 205, 227, 224, 224, 63, 209, 216, 224, 228, 219, 217, 201, 191, 199, 228, 61]
x_dimensions = [5, 8, 5, 20, 4, 15, 4, 4, 6, 5, 4, 3, 3, 18, 15, 11, 10, 3, 8, 7, 6, 5, 4, 3]
y_dimensions = [17, 5, 4, 4, 18, 4, 9, 7, 4, 4, 4, 4, 20, 3, 3, 3, 3, 9, 3, 3, 3, 3, 3, 3]
minimum_height = 231
----------
x_coordinates = [0, 4, 25, 5, 1, 25, 21, 24, 16, 13, 3, 0, 2, 0, 11, 7, 3, 18, 8, 22, 12, 12, 21, 2]
y_coordinates = [109, 197, 205, 214, 202, 213, 218, 198, 208, 226, 223, 225, 35, 220, 174, 223, 227, 221, 211, 210, 199, 204, 227, 11]
x_dimensions = [5, 8, 4, 20, 4, 4, 4, 4, 6, 5, 4, 3, 3, 18, 15, 11, 10, 3, 8, 7, 6, 5, 4, 3]
y_dimensions = [17, 5, 5, 4, 18, 15, 9, 7, 4, 4, 4, 4, 20, 3, 3, 3, 3, 9, 3, 3, 3, 3, 3, 3]
minimum_height = 230
----------
x_coordinates = [1, 5, 7, 6, 12, 19, 25, 23, 23, 22, 19, 16, 3, 11, 11, 13, 15, 22, 26, 0, 19, 21, 24, 14]
y_coordinates = [98, 202, 220, 225, 207, 203, 184, 206, 217, 196, 218, 222, 209, 193, 156, 200, 181, 184, 221, 222, 171, 222, 202, 1]
x_dimensions = [17, 8, 5, 20, 4, 4, 4, 4, 6, 5, 4, 4, 3, 18, 15, 11, 10, 3, 3, 3, 6, 5, 4, 3]
y_dimensions = [5, 5, 4, 4, 18, 15, 9, 7, 4, 4, 4, 3, 20, 3, 3, 3, 3, 9, 8, 7, 3, 3, 3, 3]
minimum_height = 229
----------
x_coordinates = [13, 20, 25, 6, 11, 25, 21, 23, 24, 21, 20, 24, 26, 6, 7, 18, 15, 20, 22, 19, 22, 26, 26, 22]
y_coordinates = [93, 173, 202, 169, 189, 207, 201, 182, 222, 197, 221, 178, 153, 225, 218, 197, 210, 179, 213, 194, 2, 193, 198, 154]
x_dimensions = [5, 8, 4, 20, 18, 4, 4, 4, 4, 5, 4, 3, 3, 18, 15, 3, 10, 3, 3, 7, 6, 3, 3, 3]
y_dimensions = [17, 5, 5, 4, 4, 15, 9, 7, 6, 4, 4, 4, 20, 3, 3, 11, 3, 9, 8, 3, 3, 5, 4, 3]
minimum_height = 228
----------
x_coordinates = [4, 9, 13, 7, 11, 17, 22, 1, 0, 21, 6, 26, 5, 11, 9, 10, 16, 8, 26, 16, 22, 0, 26, 4]
y_coordinates = [50, 208, 213, 195, 204, 209, 215, 207, 223, 211, 223, 208, 203, 224, 97, 213, 201, 199, 216, 148, 111, 214, 212, 42]
x_dimensions = [17, 8, 4, 20, 18, 4, 4, 4, 6, 5, 4, 3, 3, 18, 15, 3, 10, 3, 3, 7, 6, 5, 3, 3]
y_dimensions = [5, 5, 5, 4, 4, 15, 9, 7, 4, 4, 4, 4, 20, 3, 3, 11, 3, 9, 8, 3, 3, 3, 4, 3]
minimum_height = 227
----------
x_coordinates = [14, 10, 16, 9, 2, 20, 25, 24, 25, 24, 9, 24, 5, 7, 2, 18, 18, 7, 24, 19, 16, 15, 22, 17]
y_coordinates = [25, 191, 214, 92, 210, 211, 199, 185, 220, 208, 219, 98, 205, 198, 223, 192, 195, 189, 212, 89, 96, 219, 201, 222]
x_dimensions = [5, 8, 4, 20, 18, 4, 4, 4, 4, 5, 4, 3, 20, 18, 15, 11, 10, 3, 3, 7, 6, 5, 3, 3]
y_dimensions = [17, 5, 5, 4, 4, 15, 9, 7, 6, 4, 4, 4, 3, 3, 3, 3, 3, 9, 8, 3, 3, 3, 4, 3]
minimum_height = 226
----------
x_coordinates = [2, 13, 21, 6, 11, 25, 0, 7, 6, 0, 11, 24, 9, 11, 11, 11, 22, 8, 4, 1, 26, 7, 5, 18]
y_coordinates = [66, 217, 220, 157, 194, 210, 206, 211, 221, 202, 210, 91, 207, 204, 201, 214, 210, 197, 213, 199, 198, 218, 204, 222]
x_dimensions = [5, 8, 4, 20, 18, 4, 4, 4, 6, 5, 4, 3, 20, 18, 15, 11, 3, 3, 3, 7, 3, 5, 3, 3]
y_dimensions = [17, 5, 5, 4, 4, 15, 9, 7, 4, 4, 4, 4, 3, 3, 3, 3, 10, 9, 8, 3, 6, 3, 4, 3]
minimum_height = 225
----------
x_coordinates = [10, 14, 22, 9, 22, 21, 2, 4, 23, 9, 19, 19, 6, 26, 8, 11, 26, 25, 1, 17, 19, 14, 8, 23]
y_coordinates = [107, 197, 215, 3, 194, 174, 207, 217, 190, 219, 220, 208, 212, 196, 189, 216, 214, 181, 216, 171, 202, 219, 215, 221]
x_dimensions = [5, 8, 4, 20, 4, 4, 4, 4, 6, 5, 4, 3, 20, 3, 15, 11, 3, 3, 3, 7, 3, 5, 3, 3]
y_dimensions = [17, 5, 5, 4, 18, 15, 9, 7, 4, 4, 4, 4, 3, 18, 3, 3, 10, 9, 8, 3, 6, 3, 4, 3]
minimum_height = 224
----------
x_coordinates = [3, 14, 25, 6, 2, 21, 23, 22, 5, 24, 22, 19, 6, 26, 14, 14, 3, 5, 10, 26, 19, 17, 24, 22]
y_coordinates = [103, 203, 218, 124, 195, 169, 187, 200, 182, 196, 207, 208, 212, 200, 184, 217, 213, 186, 215, 123, 195, 220, 165, 220]
x_dimensions = [5, 8, 4, 20, 4, 4, 4, 4, 6, 5, 4, 3, 20, 3, 15, 11, 3, 3, 3, 3, 3, 5, 3, 3]
y_dimensions = [17, 5, 5, 4, 18, 15, 9, 7, 4, 4, 4, 4, 3, 18, 3, 3, 10, 9, 8, 7, 6, 3, 4, 3]
minimum_height = 223
----------
x_coordinates = [3, 19, 25, 9, 0, 6, 23, 25, 25, 21, 22, 24, 9, 7, 9, 14, 4, 18, 22, 2, 26, 21, 26, 26]
y_coordinates = [102, 175, 217, 31, 204, 196, 36, 198, 183, 193, 210, 189, 214, 219, 188, 197, 212, 204, 180, 34, 205, 207, 194, 211]
x_dimensions = [5, 8, 4, 20, 4, 4, 4, 4, 4, 5, 4, 3, 20, 18, 15, 11, 3, 3, 3, 7, 3, 5, 3, 3]
y_dimensions = [17, 5, 5, 4, 18, 15, 9, 7, 6, 4, 4, 4, 3, 3, 3, 3, 10, 9, 8, 3, 6, 3, 4, 3]
minimum_height = 222
----------
x_coordinates = [4, 15, 25, 9, 1, 20, 23, 16, 8, 24, 22, 8, 5, 26, 11, 6, 4, 13, 12, 2, 6, 20, 26, 6]
y_coordinates = [107, 191, 216, 34, 203, 196, 38, 208, 193, 194, 211, 199, 215, 198, 188, 203, 193, 206, 193, 36, 209, 218, 190, 218]
x_dimensions = [5, 8, 4, 20, 4, 4, 4, 4, 4, 5, 4, 3, 20, 3, 15, 11, 3, 3, 3, 7, 3, 5, 3, 3]
y_dimensions = [17, 5, 5, 4, 18, 15, 9, 7, 6, 4, 4, 4, 3, 18, 3, 3, 10, 9, 8, 3, 6, 3, 4, 3]
minimum_height = 221
----------
x_coordinates = [14, 20, 25, 9, 18, 24, 24, 14, 12, 25, 25, 23, 2, 22, 3, 17, 17, 11, 26, 20, 23, 12, 26, 26]
y_coordinates = [3, 153, 190, 126, 196, 166, 181, 207, 197, 208, 213, 195, 214, 199, 202, 217, 157, 205, 195, 90, 160, 217, 204, 163]
x_dimensions = [5, 8, 4, 20, 4, 4, 4, 4, 6, 4, 4, 3, 20, 3, 15, 11, 3, 3, 3, 7, 3, 5, 3, 3]
y_dimensions = [17, 5, 5, 4, 18, 15, 9, 7, 4, 5, 4, 4, 3, 18, 3, 3, 10, 9, 8, 3, 6, 3, 4, 3]
minimum_height = 220
----------
x_coordinates = [5, 0, 25, 7, 19, 12, 25, 8, 2, 14, 8, 25, 7, 23, 8, 1, 26, 16, 26, 0, 6, 11, 16, 3]
y_coordinates = [85, 209, 191, 178, 198, 197, 182, 204, 214, 212, 211, 196, 175, 200, 216, 201, 200, 194, 210, 181, 195, 194, 208, 195]
x_dimensions = [5, 8, 4, 20, 4, 4, 4, 4, 6, 5, 4, 3, 20, 3, 15, 11, 3, 3, 3, 7, 3, 5, 3, 3]
y_dimensions = [17, 5, 5, 4, 18, 15, 9, 7, 4, 4, 4, 4, 3, 18, 3, 3, 10, 9, 8, 3, 6, 3, 4, 3]
minimum_height = 219
----------
x_coordinates = [10, 10, 25, 12, 22, 20, 25, 16, 0, 13, 18, 17, 9, 26, 7, 6, 23, 26, 26, 5, 7, 8, 17, 4]
y_coordinates = [63, 209, 178, 177, 200, 185, 183, 180, 199, 214, 213, 198, 164, 200, 202, 199, 168, 169, 192, 191, 209, 215, 177, 214]
x_dimensions = [5, 8, 4, 4, 4, 4, 4, 7, 6, 5, 4, 3, 20, 3, 15, 11, 3, 3, 3, 7, 3, 5, 4, 3]
y_dimensions = [17, 5, 5, 20, 18, 15, 9, 4, 4, 4, 4, 4, 3, 18, 3, 3, 10, 9, 8, 3, 6, 3, 3, 3]
minimum_height = 218
----------
x_coordinates = [8, 8, 16, 22, 25, 20, 13, 19, 9, 15, 17, 24, 9, 24, 5, 9, 26, 23, 6, 0, 26, 8, 21, 26]
y_coordinates = [0, 193, 138, 171, 192, 198, 184, 213, 209, 209, 190, 210, 150, 153, 206, 203, 140, 138, 209, 190, 186, 190, 191, 136]
x_dimensions = [5, 8, 4, 4, 4, 4, 4, 7, 6, 5, 4, 4, 20, 3, 15, 11, 3, 3, 3, 7, 3, 5, 4, 3]
y_dimensions = [17, 5, 5, 20, 18, 15, 9, 4, 4, 4, 4, 3, 3, 18, 3, 3, 10, 9, 8, 3, 6, 3, 3, 3]
minimum_height = 217
----------
x_coordinates = [7, 20, 14, 6, 22, 17, 1, 22, 21, 21, 18, 26, 9, 25, 6, 6, 26, 23, 26, 10, 20, 18, 26, 16]
y_coordinates = [36, 150, 189, 189, 194, 199, 193, 190, 158, 212, 193, 201, 155, 162, 161, 213, 180, 181, 208, 201, 179, 187, 196, 180]
x_dimensions = [5, 8, 4, 4, 4, 4, 4, 7, 6, 5, 4, 3, 20, 3, 15, 11, 3, 3, 3, 7, 3, 5, 3, 3]
y_dimensions = [17, 5, 5, 20, 18, 15, 9, 4, 4, 4, 4, 4, 3, 18, 3, 3, 10, 9, 8, 3, 6, 3, 4, 3]
minimum_height = 216
----------
x_coordinates = [14, 1, 21, 25, 8, 1, 16, 25, 4, 20, 24, 26, 7, 6, 6, 14, 21, 4, 26, 9, 1, 15, 16, 1]
y_coordinates = [105, 178, 191, 190, 211, 205, 199, 180, 209, 207, 176, 210, 187, 161, 179, 196, 177, 186, 168, 202, 209, 191, 208, 189]
x_dimensions = [5, 5, 4, 4, 18, 15, 4, 4, 4, 5, 4, 3, 20, 3, 15, 11, 3, 3, 3, 7, 3, 5, 4, 3]
y_dimensions = [17, 8, 5, 20, 4, 4, 9, 7, 6, 4, 4, 4, 3, 18, 3, 3, 10, 9, 8, 3, 6, 3, 3, 3]
minimum_height = 215
----------
x_coordinates = [13, 8, 10, 22, 11, 2, 17, 18, 23, 21, 25, 26, 9, 26, 13, 16, 26, 7, 15, 10, 19, 6, 21, 18]
y_coordinates = [100, 178, 201, 194, 165, 193, 186, 195, 169, 190, 175, 192, 155, 196, 179, 162, 182, 198, 201, 190, 208, 168, 158, 205]
x_dimensions = [5, 5, 4, 4, 18, 15, 4, 4, 4, 5, 4, 3, 20, 3, 15, 11, 3, 3, 3, 7, 3, 5, 3, 3]
y_dimensions = [17, 8, 5, 20, 4, 4, 9, 7, 6, 4, 4, 4, 3, 18, 3, 3, 10, 9, 8, 3, 6, 3, 4, 3]
minimum_height = 214
----------
x_coordinates = [6, 16, 8, 24, 10, 10, 25, 25, 25, 2, 24, 26, 6, 7, 10, 6, 4, 1, 22, 3, 24, 6, 26, 6]
y_coordinates = [102, 197, 199, 153, 173, 208, 200, 193, 187, 206, 177, 209, 150, 205, 194, 177, 196, 197, 197, 210, 181, 191, 149, 180]
x_dimensions = [5, 5, 4, 4, 18, 15, 4, 4, 4, 5, 4, 3, 20, 18, 15, 11, 3, 3, 3, 7, 3, 5, 3, 3]
y_dimensions = [17, 8, 5, 20, 4, 4, 9, 7, 6, 4, 4, 4, 3, 3, 3, 3, 10, 9, 8, 3, 6, 3, 4, 3]
minimum_height = 213
----------
x_coordinates = [12, 2, 25, 23, 11, 7, 22, 25, 25, 2, 25, 26, 6, 0, 7, 10, 18, 15, 21, 26, 26, 6, 26, 26]
y_coordinates = [105, 200, 155, 174, 170, 207, 203, 194, 145, 208, 151, 208, 142, 197, 204, 201, 191, 188, 195, 201, 160, 173, 166, 142]
x_dimensions = [17, 5, 4, 4, 18, 15, 4, 4, 4, 5, 4, 3, 20, 18, 15, 11, 3, 3, 3, 3, 3, 5, 3, 3]
y_dimensions = [5, 8, 5, 20, 4, 4, 9, 7, 6, 4, 4, 4, 3, 3, 3, 3, 10, 9, 8, 7, 6, 3, 4, 3]
minimum_height = 212
----------
x_coordinates = [5, 16, 25, 25, 7, 2, 17, 21, 25, 7, 12, 6, 9, 3, 10, 3, 0, 1, 25, 26, 4, 11, 4, 21]
y_coordinates = [60, 192, 191, 165, 184, 207, 206, 195, 185, 193, 193, 203, 159, 200, 203, 197, 197, 188, 196, 204, 191, 181, 183, 192]
x_dimensions = [5, 5, 4, 4, 18, 15, 9, 4, 4, 5, 4, 3, 20, 18, 15, 11, 3, 3, 3, 3, 3, 5, 3, 3]
y_dimensions = [17, 8, 5, 20, 4, 4, 4, 7, 6, 4, 4, 4, 3, 3, 3, 3, 10, 9, 8, 7, 6, 3, 4, 3]
minimum_height = 211
----------
x_coordinates = [13, 24, 25, 0, 5, 14, 20, 22, 23, 18, 25, 26, 4, 2, 9, 11, 12, 23, 26, 13, 22, 17, 24, 19]
y_coordinates = [0, 189, 175, 184, 184, 167, 206, 199, 157, 188, 171, 185, 192, 204, 195, 198, 201, 180, 197, 207, 174, 179, 163, 175]
x_dimensions = [5, 5, 4, 4, 18, 15, 9, 4, 4, 5, 4, 3, 20, 18, 15, 11, 10, 3, 3, 7, 3, 5, 3, 3]
y_dimensions = [17, 8, 5, 20, 4, 4, 4, 7, 6, 4, 4, 4, 3, 3, 3, 3, 3, 9, 8, 3, 6, 3, 4, 3]
minimum_height = 210
----------
x_coordinates = [4, 21, 0, 8, 0, 3, 23, 25, 25, 10, 11, 26, 18, 7, 10, 16, 4, 26, 7, 1, 15, 24, 14, 21]
y_coordinates = [94, 191, 196, 165, 191, 185, 177, 202, 168, 199, 195, 195, 183, 206, 203, 174, 198, 186, 198, 202, 197, 199, 181, 200]
x_dimensions = [5, 5, 4, 4, 18, 15, 4, 4, 4, 5, 4, 3, 3, 18, 15, 11, 3, 3, 3, 3, 3, 5, 3, 3]
y_dimensions = [17, 8, 5, 20, 4, 4, 9, 7, 6, 4, 4, 4, 20, 3, 3, 3, 10, 9, 8, 7, 6, 3, 4, 3]
minimum_height = 209
----------
x_coordinates = [14, 24, 18, 18, 1, 14, 21, 22, 25, 17, 15, 26, 19, 0, 11, 16, 7, 26, 26, 18, 4, 26, 12, 1]
y_coordinates = [92, 195, 176, 156, 196, 140, 144, 203, 134, 204, 200, 174, 184, 137, 181, 153, 205, 186, 178, 133, 202, 169, 201, 203]
x_dimensions = [5, 5, 4, 4, 18, 15, 4, 7, 4, 5, 4, 3, 3, 18, 15, 11, 10, 3, 3, 3, 3, 3, 3, 3]
y_dimensions = [17, 8, 5, 20, 4, 4, 9, 4, 6, 4, 4, 4, 20, 3, 3, 3, 3, 9, 8, 7, 6, 5, 4, 3]
minimum_height = 208
----------
x_coordinates = [9, 23, 20, 18, 2, 5, 22, 25, 25, 23, 21, 26, 20, 2, 14, 15, 11, 26, 24, 1, 8, 26, 17, 4]
y_coordinates = [6, 192, 177, 157, 191, 195, 168, 200, 162, 188, 202, 176, 182, 187, 150, 154, 204, 153, 180, 198, 199, 171, 199, 204]
x_dimensions = [5, 5, 4, 4, 18, 15, 4, 4, 4, 5, 4, 3, 3, 18, 15, 11, 10, 3, 3, 3, 3, 3, 3, 3]
y_dimensions = [17, 8, 5, 20, 4, 4, 9, 7, 6, 4, 4, 4, 20, 3, 3, 3, 3, 9, 8, 7, 6, 5, 4, 3]
minimum_height = 207
----------
x_coordinates = [6, 7, 22, 6, 3, 1, 23, 22, 25, 16, 25, 26, 21, 3, 14, 14, 12, 25, 26, 1, 26, 25, 4, 15]
y_coordinates = [81, 196, 177, 165, 192, 188, 157, 202, 166, 188, 198, 177, 182, 185, 145, 151, 203, 148, 181, 199, 191, 172, 201, 196]
x_dimensions = [17, 5, 4, 4, 18, 15, 4, 7, 4, 5, 4, 3, 3, 18, 15, 11, 10, 3, 3, 3, 3, 3, 3, 3]
y_dimensions = [5, 8, 5, 20, 4, 4, 9, 4, 6, 4, 4, 4, 20, 3, 3, 3, 3, 9, 8, 7, 6, 5, 4, 3]
minimum_height = 206
----------
x_coordinates = [12, 13, 25, 0, 1, 7, 24, 19, 25, 21, 22, 3, 26, 4, 11, 15, 18, 26, 22, 1, 10, 25, 18, 4]
y_coordinates = [101, 192, 180, 167, 200, 188, 171, 201, 165, 197, 193, 196, 185, 185, 162, 159, 153, 156, 184, 187, 193, 64, 196, 191]
x_dimensions = [5, 5, 4, 4, 18, 15, 4, 7, 4, 5, 4, 3, 3, 18, 15, 11, 10, 3, 3, 3, 3, 3, 3, 3]
y_dimensions = [17, 8, 5, 20, 4, 4, 9, 4, 6, 4, 4, 4, 20, 3, 3, 3, 3, 9, 8, 7, 6, 5, 4, 3]
minimum_height = 205
----------
x_coordinates = [12, 3, 25, 19, 2, 1, 23, 25, 25, 20, 24, 23, 21, 16, 11, 15, 11, 26, 24, 13, 10, 25, 8, 26]
y_coordinates = [47, 194, 178, 159, 183, 172, 165, 183, 142, 180, 200, 174, 184, 159, 156, 151, 201, 151, 192, 176, 189, 160, 199, 175]
x_dimensions = [5, 5, 4, 4, 18, 15, 4, 4, 4, 5, 4, 3, 3, 3, 15, 11, 10, 3, 3, 3, 3, 3, 3, 3]
y_dimensions = [17, 8, 5, 20, 4, 4, 9, 7, 6, 4, 4, 4, 20, 18, 3, 3, 3, 9, 8, 7, 6, 5, 4, 3]
minimum_height = 204
----------
x_coordinates = [13, 3, 25, 19, 4, 2, 25, 25, 25, 21, 25, 16, 23, 22, 13, 15, 9, 26, 0, 26, 1, 26, 2, 26]
y_coordinates = [69, 195, 138, 183, 179, 187, 161, 174, 143, 151, 170, 196, 182, 164, 158, 155, 200, 149, 195, 181, 180, 194, 173, 199]
x_dimensions = [5, 5, 4, 4, 18, 15, 4, 4, 4, 5, 4, 3, 3, 3, 15, 11, 10, 3, 3, 3, 3, 3, 3, 3]
y_dimensions = [17, 8, 5, 20, 4, 4, 9, 7, 6, 4, 4, 4, 20, 18, 3, 3, 3, 9, 8, 7, 6, 5, 4, 3]
minimum_height = 203
----------
x_coordinates = [5, 14, 24, 25, 6, 13, 24, 10, 25, 1, 14, 5, 22, 3, 11, 14, 17, 25, 19, 26, 5, 25, 18, 26]
y_coordinates = [95, 192, 142, 179, 178, 159, 170, 184, 131, 181, 184, 198, 182, 162, 167, 156, 147, 150, 194, 163, 187, 137, 184, 199]
x_dimensions = [5, 5, 4, 4, 18, 15, 4, 4, 4, 5, 4, 3, 3, 3, 15, 11, 10, 3, 3, 3, 3, 3, 3, 3]
y_dimensions = [17, 8, 5, 20, 4, 4, 9, 7, 6, 4, 4, 4, 20, 18, 3, 3, 3, 9, 8, 7, 6, 5, 4, 3]
minimum_height = 202
----------
x_coordinates = [6, 16, 24, 21, 6, 9, 4, 25, 20, 1, 25, 4, 24, 24, 9, 7, 19, 9, 7, 6, 8, 7, 18, 26]
y_coordinates = [43, 192, 133, 181, 177, 143, 184, 183, 132, 180, 179, 193, 159, 141, 172, 158, 138, 163, 193, 137, 187, 132, 182, 192]
x_dimensions = [5, 5, 4, 4, 18, 15, 4, 4, 4, 5, 4, 3, 3, 3, 15, 11, 10, 3, 3, 3, 3, 3, 3, 3]
y_dimensions = [17, 8, 5, 20, 4, 4, 9, 7, 6, 4, 4, 4, 20, 18, 3, 3, 3, 9, 8, 7, 6, 5, 4, 3]
minimum_height = 201
----------
x_coordinates = [10, 16, 9, 22, 7, 6, 25, 24, 14, 24, 25, 26, 25, 21, 26, 14, 12, 6, 13, 3, 5, 18, 20, 26]
y_coordinates = [98, 192, 189, 162, 155, 181, 129, 190, 185, 186, 138, 167, 142, 182, 171, 159, 178, 185, 191, 178, 194, 187, 141, 197]
x_dimensions = [17, 5, 4, 4, 18, 15, 4, 4, 4, 5, 4, 3, 3, 3, 3, 11, 10, 3, 3, 3, 3, 3, 3, 3]
y_dimensions = [5, 8, 5, 20, 4, 4, 9, 7, 6, 4, 4, 4, 20, 18, 15, 3, 3, 9, 8, 7, 6, 5, 4, 3]
minimum_height = 200
----------
x_coordinates = [14, 17, 11, 19, 1, 9, 25, 25, 15, 24, 22, 7, 26, 26, 6, 18, 8, 4, 23, 16, 8, 21, 23, 5]
y_coordinates = [5, 194, 190, 169, 180, 165, 78, 192, 187, 188, 158, 187, 142, 168, 164, 162, 184, 186, 180, 173, 193, 189, 154, 196]
x_dimensions = [5, 8, 4, 4, 18, 15, 4, 4, 4, 5, 4, 3, 3, 3, 3, 11, 10, 3, 3, 3, 3, 3, 3, 3]
y_dimensions = [17, 5, 5, 20, 4, 4, 9, 7, 6, 4, 4, 4, 20, 18, 15, 3, 3, 9, 8, 7, 6, 5, 4, 3]
minimum_height = 199
----------
x_coordinates = [7, 20, 24, 22, 0, 1, 25, 24, 21, 25, 25, 26, 26, 16, 19, 0, 11, 19, 26, 18, 26, 24, 22, 26]
y_coordinates = [98, 112, 152, 170, 191, 187, 103, 140, 190, 193, 157, 181, 161, 170, 173, 195, 195, 163, 185, 188, 134, 147, 160, 100]
x_dimensions = [5, 8, 4, 4, 18, 15, 4, 4, 4, 4, 4, 3, 3, 3, 3, 11, 10, 3, 3, 3, 3, 3, 3, 3]
y_dimensions = [17, 5, 5, 20, 4, 4, 9, 7, 6, 5, 4, 4, 20, 18, 15, 3, 3, 9, 8, 7, 6, 5, 4, 3]
minimum_height = 198
----------
x_coordinates = [10, 21, 0, 25, 1, 4, 25, 24, 25, 25, 25, 7, 3, 22, 19, 1, 12, 16, 22, 19, 5, 24, 22, 24]
y_coordinates = [66, 147, 185, 171, 190, 186, 127, 152, 191, 142, 164, 182, 165, 171, 172, 194, 194, 177, 189, 187, 151, 159, 164, 168]
x_dimensions = [5, 8, 4, 4, 18, 15, 4, 4, 4, 4, 4, 3, 3, 3, 3, 11, 10, 3, 3, 3, 3, 3, 3, 3]
y_dimensions = [17, 5, 5, 20, 4, 4, 9, 7, 6, 5, 4, 4, 20, 18, 15, 3, 3, 9, 8, 7, 6, 5, 4, 3]
minimum_height = 197
----------
x_coordinates = [7, 12, 0, 25, 4, 4, 22, 3, 23, 25, 6, 5, 0, 22, 19, 18, 10, 9, 0, 20, 3, 7, 7, 26]
y_coordinates = [83, 188, 182, 172, 184, 180, 152, 188, 192, 161, 165, 176, 162, 171, 169, 166, 193, 171, 187, 189, 160, 191, 188, 158]
x_dimensions = [5, 8, 4, 4, 18, 15, 4, 4, 6, 4, 4, 3, 3, 3, 3, 11, 10, 3, 3, 3, 3, 3, 4, 3]
y_dimensions = [17, 5, 5, 20, 4, 4, 9, 7, 4, 5, 4, 4, 20, 18, 15, 3, 3, 9, 8, 7, 6, 5, 3, 3]
minimum_height = 196
----------
x_coordinates = [14, 17, 21, 25, 3, 6, 24, 25, 16, 25, 2, 24, 0, 24, 4, 14, 12, 2, 0, 22, 2, 26, 24, 4]
y_coordinates = [93, 126, 182, 175, 184, 180, 166, 128, 191, 161, 160, 135, 165, 139, 165, 163, 188, 151, 186, 187, 130, 122, 157, 192]
x_dimensions = [5, 8, 4, 4, 18, 15, 4, 4, 6, 4, 4, 3, 3, 3, 3, 11, 10, 3, 3, 3, 3, 3, 3, 3]
y_dimensions = [17, 5, 5, 20, 4, 4, 9, 7, 4, 5, 4, 4, 20, 18, 15, 3, 3, 9, 8, 7, 6, 5, 4, 3]
minimum_height = 195
----------
x_coordinates = [2, 21, 3, 0, 8, 7, 3, 22, 4, 25, 21, 25, 5, 26, 21, 3, 12, 23, 25, 22, 15, 18, 20, 24]
y_coordinates = [5, 168, 158, 172, 186, 159, 149, 175, 188, 151, 164, 156, 167, 173, 144, 163, 190, 135, 160, 191, 172, 172, 182, 148]
x_dimensions = [5, 8, 4, 4, 18, 15, 4, 4, 4, 4, 4, 3, 3, 3, 3, 11, 10, 3, 3, 7, 3, 3, 3, 3]
y_dimensions = [17, 5, 5, 20, 4, 4, 9, 7, 6, 5, 4, 4, 20, 18, 15, 3, 3, 9, 8, 3, 6, 5, 4, 3]
minimum_height = 194
----------
x_coordinates = [11, 21, 10, 7, 11, 13, 8, 24, 24, 25, 22, 1, 12, 3, 15, 14, 16, 14, 4, 26, 0, 18, 20, 24]
y_coordinates = [40, 177, 154, 173, 189, 161, 164, 182, 155, 165, 173, 171, 169, 175, 174, 166, 170, 150, 167, 170, 181, 180, 185, 152]
x_dimensions = [5, 8, 4, 4, 18, 15, 4, 4, 4, 4, 4, 3, 3, 3, 3, 11, 10, 3, 3, 3, 3, 3, 4, 3]
y_dimensions = [17, 5, 5, 20, 4, 4, 9, 7, 6, 5, 4, 4, 20, 18, 15, 3, 3, 9, 8, 7, 6, 5, 3, 3]
minimum_height = 193
----------
x_coordinates = [14, 21, 5, 9, 11, 8, 4, 15, 24, 25, 18, 9, 6, 8, 12, 18, 19, 0, 3, 21, 3, 18, 21, 26]
y_coordinates = [55, 182, 188, 173, 166, 146, 158, 184, 149, 160, 162, 181, 168, 150, 177, 170, 187, 176, 167, 154, 182, 179, 179, 156]
x_dimensions = [5, 8, 5, 20, 18, 15, 4, 4, 4, 4, 4, 3, 3, 3, 3, 11, 10, 3, 3, 3, 3, 3, 4, 3]
y_dimensions = [17, 5, 4, 4, 4, 4, 9, 7, 6, 5, 4, 4, 20, 18, 15, 3, 3, 9, 8, 7, 6, 5, 3, 3]
minimum_height = 192
----------
x_coordinates = [11, 21, 8, 9, 15, 14, 12, 22, 16, 25, 20, 13, 6, 11, 26, 15, 11, 20, 13, 20, 10, 18, 18, 26]
y_coordinates = [75, 182, 155, 176, 138, 134, 164, 187, 158, 155, 159, 186, 171, 137, 161, 173, 180, 163, 156, 152, 185, 183, 188, 152]
x_dimensions = [5, 8, 4, 20, 4, 15, 4, 7, 4, 4, 4, 3, 3, 3, 3, 11, 10, 3, 3, 3, 3, 3, 4, 3]
y_dimensions = [17, 5, 5, 4, 18, 4, 9, 4, 6, 5, 4, 4, 20, 18, 15, 3, 3, 9, 8, 7, 6, 5, 3, 3]
minimum_height = 191
----------
x_coordinates = [9, 2, 17, 0, 24, 11, 21, 25, 25, 25, 25, 19, 26, 5, 8, 15, 13, 20, 5, 23, 16, 10, 11, 24]
y_coordinates = [93, 183, 166, 178, 132, 171, 162, 157, 164, 126, 153, 156, 170, 149, 163, 187, 184, 175, 169, 180, 159, 182, 187, 150]
x_dimensions = [5, 8, 4, 20, 4, 15, 4, 4, 4, 4, 4, 3, 3, 3, 3, 11, 10, 3, 3, 3, 3, 3, 4, 3]
y_dimensions = [17, 5, 5, 4, 18, 4, 9, 7, 6, 5, 4, 4, 20, 18, 15, 3, 3, 9, 8, 7, 6, 5, 3, 3]
minimum_height = 190
----------
x_coordinates = [11, 0, 8, 3, 13, 9, 16, 24, 24, 25, 24, 21, 7, 11, 7, 12, 12, 23, 11, 26, 11, 22, 25, 26]
y_coordinates = [93, 183, 183, 177, 122, 118, 163, 165, 117, 139, 161, 164, 172, 148, 103, 181, 185, 175, 140, 179, 166, 184, 186, 147]
x_dimensions = [17, 8, 4, 20, 4, 15, 4, 4, 4, 4, 4, 3, 20, 3, 3, 11, 10, 3, 3, 3, 3, 3, 4, 3]
y_dimensions = [5, 5, 5, 4, 18, 4, 9, 7, 6, 5, 4, 4, 3, 18, 15, 3, 3, 9, 8, 7, 6, 5, 3, 3]
minimum_height = 189
----------
x_coordinates = [13, 7, 24, 6, 14, 11, 18, 23, 7, 25, 25, 22, 26, 23, 26, 15, 19, 25, 21, 26, 22, 24, 22, 24]
y_coordinates = [89, 183, 109, 178, 154, 174, 165, 122, 169, 113, 118, 159, 141, 88, 170, 182, 185, 161, 147, 134, 168, 129, 140, 106]
x_dimensions = [5, 8, 5, 20, 4, 15, 4, 4, 4, 4, 4, 3, 3, 3, 3, 11, 10, 3, 3, 3, 3, 3, 4, 3]
y_dimensions = [17, 5, 4, 4, 18, 4, 9, 7, 6, 5, 4, 4, 20, 18, 15, 3, 3, 9, 8, 7, 6, 5, 3, 3]
minimum_height = 188
----------
x_coordinates = [2, 22, 24, 9, 15, 20, 19, 25, 24, 25, 25, 20, 26, 21, 9, 18, 12, 26, 23, 22, 22, 23, 24, 24]
y_coordinates = [91, 116, 124, 145, 163, 149, 164, 132, 149, 107, 128, 173, 155, 124, 171, 142, 183, 175, 164, 177, 184, 172, 139, 112]
x_dimensions = [5, 5, 5, 20, 4, 4, 4, 4, 4, 4, 4, 3, 3, 3, 3, 11, 10, 3, 3, 3, 6, 3, 4, 3]
y_dimensions = [17, 8, 4, 4, 18, 15, 9, 7, 6, 5, 4, 4, 20, 18, 15, 3, 3, 9, 8, 7, 3, 5, 3, 3]
minimum_height = 187
----------
x_coordinates = [10, 22, 24, 3, 13, 20, 24, 25, 23, 25, 25, 23, 26, 21, 0, 12, 13, 26, 22, 9, 23, 11, 25, 24]
y_coordinates = [59, 130, 113, 175, 147, 156, 148, 138, 124, 108, 120, 174, 157, 106, 171, 180, 183, 177, 140, 179, 180, 170, 145, 117]
x_dimensions = [5, 5, 5, 20, 4, 4, 4, 4, 4, 4, 4, 3, 3, 3, 3, 11, 10, 3, 3, 3, 3, 3, 4, 3]
y_dimensions = [17, 8, 4, 4, 18, 15, 9, 7, 6, 5, 4, 4, 20, 18, 15, 3, 3, 9, 8, 7, 6, 5, 3, 3]
minimum_height = 186
----------
x_coordinates = [3, 22, 24, 3, 14, 21, 4, 25, 25, 25, 25, 11, 1, 11, 8, 17, 19, 26, 0, 23, 25, 18, 26, 22]
y_coordinates = [14, 138, 156, 181, 160, 163, 171, 149, 160, 125, 134, 174, 157, 145, 178, 131, 146, 176, 177, 178, 166, 173, 172, 160]
x_dimensions = [5, 5, 5, 20, 4, 4, 4, 4, 4, 4, 4, 3, 3, 3, 15, 11, 10, 3, 3, 3, 3, 3, 3, 3]
y_dimensions = [17, 8, 4, 4, 18, 15, 9, 7, 6, 5, 4, 4, 20, 18, 3, 3, 3, 9, 8, 7, 6, 5, 4, 3]
minimum_height = 185
----------
x_coordinates = [13, 24, 24, 2, 11, 11, 22, 25, 24, 25, 25, 1, 5, 2, 7, 15, 14, 26, 4, 22, 25, 8, 26, 25]
y_coordinates = [91, 143, 157, 180, 155, 173, 164, 136, 151, 126, 132, 171, 152, 150, 177, 161, 150, 169, 172, 177, 178, 171, 163, 120]
x_dimensions = [5, 5, 5, 20, 4, 15, 4, 4, 4, 4, 4, 3, 3, 3, 15, 11, 10, 3, 3, 3, 3, 3, 3, 3]
y_dimensions = [17, 8, 4, 4, 18, 4, 9, 7, 6, 5, 4, 4, 20, 18, 3, 3, 3, 9, 8, 7, 6, 5, 4, 3]
minimum_height = 184
----------
x_coordinates = [10, 7, 17, 9, 3, 15, 7, 23, 22, 25, 25, 10, 26, 12, 21, 18, 12, 23, 25, 11, 19, 7, 26, 21]
y_coordinates = [44, 161, 161, 133, 163, 168, 174, 144, 160, 126, 140, 170, 151, 146, 116, 137, 165, 166, 175, 176, 180, 169, 171, 141]
x_dimensions = [5, 5, 5, 20, 4, 4, 4, 4, 4, 4, 4, 3, 3, 3, 3, 11, 10, 3, 3, 3, 6, 3, 3, 3]
y_dimensions = [17, 8, 4, 4, 18, 15, 9, 7, 6, 5, 4, 4, 20, 18, 15, 3, 3, 9, 8, 7, 3, 5, 4, 3]
minimum_height = 183
----------
x_coordinates = [12, 1, 21, 4, 11, 14, 17, 25, 25, 25, 25, 21, 26, 7, 23, 7, 15, 24, 0, 25, 8, 21, 26, 24]
y_coordinates = [57, 162, 164, 170, 149, 178, 152, 124, 163, 115, 120, 174, 131, 149, 137, 167, 161, 169, 177, 156, 179, 134, 151, 112]
x_dimensions = [5, 5, 4, 20, 4, 15, 9, 4, 4, 4, 4, 3, 3, 3, 3, 11, 10, 3, 8, 3, 6, 5, 3, 3]
y_dimensions = [17, 8, 5, 4, 18, 4, 4, 7, 6, 5, 4, 4, 20, 18, 15, 3, 3, 9, 3, 7, 3, 3, 4, 3]
minimum_height = 182
----------
x_coordinates = [13, 3, 21, 9, 4, 14, 20, 25, 25, 25, 23, 16, 11, 8, 17, 5, 16, 24, 13, 26, 20, 12, 20, 20]
y_coordinates = [88, 167, 163, 130, 147, 168, 151, 141, 162, 125, 137, 173, 154, 157, 144, 175, 159, 172, 178, 155, 148, 150, 156, 173]
x_dimensions = [5, 5, 4, 20, 4, 15, 9, 4, 4, 4, 4, 3, 3, 3, 3, 11, 10, 3, 8, 3, 6, 5, 4, 3]
y_dimensions = [17, 8, 5, 4, 18, 4, 4, 7, 6, 5, 4, 4, 20, 18, 15, 3, 3, 9, 3, 7, 3, 3, 3, 3]
minimum_height = 181
----------
x_coordinates = [12, 9, 24, 2, 14, 25, 21, 25, 25, 25, 25, 10, 18, 10, 0, 7, 17, 26, 3, 11, 23, 24, 22, 7]
y_coordinates = [86, 158, 130, 129, 146, 147, 161, 137, 162, 121, 126, 169, 160, 133, 165, 166, 134, 168, 176, 176, 144, 177, 174, 133]
x_dimensions = [5, 5, 5, 20, 4, 4, 4, 4, 4, 4, 4, 3, 3, 3, 3, 11, 10, 3, 8, 7, 6, 5, 4, 3]
y_dimensions = [17, 8, 4, 4, 18, 15, 9, 7, 6, 5, 4, 4, 20, 18, 15, 3, 3, 9, 3, 3, 3, 3, 3, 3]
minimum_height = 180
----------
x_coordinates = [3, 20, 24, 9, 13, 0, 22, 25, 25, 5, 19, 11, 26, 6, 10, 8, 9, 7, 4, 19, 14, 24, 26, 22]
y_coordinates = [46, 168, 144, 143, 146, 164, 159, 137, 173, 143, 143, 172, 149, 148, 176, 167, 164, 170, 169, 161, 172, 134, 169, 155]
x_dimensions = [5, 5, 4, 4, 4, 4, 4, 4, 4, 4, 4, 3, 3, 3, 15, 11, 10, 3, 3, 3, 6, 5, 3, 3]
y_dimensions = [17, 8, 5, 20, 18, 15, 9, 7, 6, 5, 4, 4, 20, 18, 3, 3, 3, 9, 8, 7, 3, 3, 4, 3]
minimum_height = 179
----------
x_coordinates = [5, 21, 25, 16, 9, 5, 22, 25, 25, 25, 21, 26, 3, 13, 6, 8, 12, 8, 7, 26, 6, 24, 26, 5]
y_coordinates = [86, 169, 148, 144, 146, 135, 160, 153, 137, 143, 147, 170, 158, 146, 167, 173, 164, 170, 127, 163, 164, 134, 174, 150]
x_dimensions = [5, 5, 4, 4, 4, 4, 4, 4, 4, 4, 4, 3, 3, 3, 15, 11, 10, 9, 3, 3, 6, 5, 3, 3]
y_dimensions = [17, 8, 5, 20, 18, 15, 9, 7, 6, 5, 4, 4, 20, 18, 3, 3, 3, 3, 8, 7, 3, 3, 4, 3]
minimum_height = 178
----------
x_coordinates = [11, 11, 5, 0, 25, 15, 0, 22, 21, 7, 7, 24, 9, 12, 10, 11, 2, 16, 8, 4, 24, 8, 4, 5]
y_coordinates = [60, 159, 164, 146, 149, 144, 166, 173, 154, 172, 160, 170, 167, 141, 138, 172, 143, 164, 147, 157, 143, 155, 169, 148]
x_dimensions = [5, 5, 4, 4, 4, 4, 4, 7, 4, 4, 4, 4, 20, 3, 15, 11, 10, 9, 3, 3, 3, 3, 3, 3]
y_dimensions = [17, 8, 5, 20, 18, 15, 9, 4, 6, 5, 4, 3, 3, 18, 3, 3, 3, 3, 8, 7, 6, 5, 4, 3]
minimum_height = 177
----------
x_coordinates = [13, 19, 13, 17, 21, 0, 4, 23, 3, 25, 23, 26, 9, 20, 14, 18, 6, 11, 25, 23, 24, 25, 8, 12]
y_coordinates = [53, 120, 168, 153, 155, 161, 169, 144, 152, 168, 151, 134, 173, 135, 117, 128, 137, 150, 155, 131, 138, 163, 150, 141]
x_dimensions = [5, 5, 4, 4, 4, 4, 9, 4, 4, 4, 4, 3, 20, 3, 15, 11, 10, 9, 3, 3, 3, 3, 3, 3]
y_dimensions = [17, 8, 5, 20, 18, 15, 4, 7, 6, 5, 4, 4, 3, 18, 3, 3, 3, 3, 8, 7, 6, 5, 4, 3]
minimum_height = 176
----------
x_coordinates = [8, 20, 16, 20, 25, 10, 6, 7, 0, 21, 23, 26, 9, 1, 9, 9, 3, 11, 24, 25, 24, 23, 4, 14]
y_coordinates = [30, 135, 168, 143, 154, 163, 168, 153, 161, 167, 131, 142, 172, 142, 125, 141, 138, 159, 123, 135, 148, 117, 159, 152]
x_dimensions = [5, 5, 5, 4, 4, 15, 9, 4, 4, 4, 4, 3, 20, 3, 15, 11, 10, 9, 3, 3, 3, 3, 3, 3]
y_dimensions = [17, 8, 4, 20, 18, 4, 4, 7, 6, 5, 4, 4, 3, 18, 3, 3, 3, 3, 8, 7, 6, 5, 4, 3]
minimum_height = 175
----------
x_coordinates = [3, 21, 20, 22, 5, 14, 9, 8, 18, 24, 24, 26, 6, 18, 9, 11, 11, 13, 26, 26, 26, 25, 15, 15]
y_coordinates = [47, 138, 131, 146, 156, 166, 170, 149, 170, 170, 125, 158, 135, 142, 127, 163, 139, 160, 150, 134, 144, 129, 155, 144]
x_dimensions = [5, 5, 5, 4, 4, 15, 9, 4, 6, 5, 4, 3, 20, 3, 15, 11, 10, 9, 3, 3, 3, 3, 3, 3]
y_dimensions = [17, 8, 4, 20, 18, 4, 4, 7, 4, 4, 4, 4, 3, 18, 3, 3, 3, 3, 8, 7, 6, 5, 4, 3]
minimum_height = 174
----------
x_coordinates = [4, 24, 21, 25, 22, 6, 3, 2, 23, 6, 23, 10, 23, 20, 12, 9, 13, 20, 26, 9, 26, 26, 21, 22]
y_coordinates = [85, 162, 137, 122, 100, 148, 169, 160, 118, 163, 93, 161, 142, 143, 170, 96, 161, 97, 148, 141, 156, 143, 166, 134]
x_dimensions = [5, 5, 4, 4, 4, 4, 9, 4, 6, 4, 4, 3, 3, 3, 15, 11, 10, 9, 3, 3, 3, 3, 3, 3]
y_dimensions = [17, 8, 5, 20, 18, 15, 4, 7, 4, 5, 4, 4, 20, 18, 3, 3, 3, 3, 8, 7, 6, 5, 4, 3]
minimum_height = 173
----------
x_coordinates = [2, 10, 24, 0, 7, 14, 9, 25, 3, 22, 23, 3, 4, 24, 10, 0, 16, 15, 26, 23, 6, 25, 8, 26]
y_coordinates = [7, 164, 168, 152, 160, 142, 140, 158, 140, 141, 119, 145, 150, 123, 157, 140, 165, 169, 145, 146, 144, 153, 150, 165]
x_dimensions = [5, 5, 5, 4, 18, 4, 4, 4, 6, 4, 4, 3, 3, 3, 15, 3, 10, 9, 3, 3, 3, 3, 3, 3]
y_dimensions = [17, 8, 4, 20, 4, 15, 9, 7, 4, 5, 4, 4, 20, 18, 3, 11, 3, 3, 8, 7, 6, 5, 4, 3]
minimum_height = 172
----------
x_coordinates = [9, 11, 24, 7, 11, 18, 0, 13, 3, 22, 25, 0, 11, 26, 14, 4, 19, 17, 14, 23, 3, 26, 0, 0]
y_coordinates = [30, 166, 155, 149, 162, 137, 151, 135, 144, 140, 128, 161, 142, 132, 159, 153, 167, 152, 149, 145, 164, 150, 141, 165]
x_dimensions = [5, 8, 5, 4, 18, 4, 4, 4, 6, 4, 4, 3, 3, 3, 15, 3, 10, 9, 3, 3, 3, 3, 3, 3]
y_dimensions = [17, 5, 4, 20, 4, 15, 9, 7, 4, 5, 4, 4, 20, 18, 3, 11, 3, 3, 8, 7, 6, 5, 4, 3]
minimum_height = 171
----------
x_coordinates = [14, 15, 24, 9, 16, 11, 7, 21, 3, 0, 25, 4, 23, 19, 26, 19, 23, 20, 20, 14, 6, 26, 8, 26]
y_coordinates = [42, 143, 116, 166, 148, 147, 162, 159, 166, 161, 120, 161, 124, 125, 141, 114, 147, 163, 151, 119, 147, 135, 158, 156]
x_dimensions = [5, 8, 5, 20, 4, 4, 9, 7, 6, 4, 4, 3, 3, 3, 3, 3, 3, 9, 3, 3, 3, 3, 3, 3]
y_dimensions = [17, 5, 4, 4, 18, 15, 4, 4, 4, 5, 4, 4, 20, 18, 15, 11, 10, 3, 8, 7, 6, 5, 4, 3]
minimum_height = 170
----------
x_coordinates = [8, 18, 24, 9, 19, 5, 6, 25, 0, 21, 25, 18, 26, 2, 15, 24, 26, 23, 12, 20, 9, 12, 15, 23]
y_coordinates = [5, 153, 124, 158, 135, 149, 164, 162, 165, 162, 109, 163, 128, 147, 143, 113, 148, 141, 150, 122, 152, 145, 163, 150]
x_dimensions = [17, 8, 5, 20, 4, 4, 9, 4, 6, 4, 4, 3, 3, 3, 3, 3, 3, 3, 3, 3, 3, 3, 3, 3]
y_dimensions = [5, 5, 4, 4, 18, 15, 4, 7, 4, 5, 4, 4, 20, 18, 15, 11, 10, 9, 8, 7, 6, 5, 4, 3]
minimum_height = 169
----------
x_coordinates = [5, 21, 24, 13, 17, 22, 15, 24, 7, 2, 24, 21, 26, 8, 19, 0, 23, 6, 3, 16, 1, 4, 2, 1]
y_coordinates = [83, 160, 131, 148, 149, 135, 129, 124, 163, 130, 120, 165, 140, 145, 134, 140, 150, 132, 149, 134, 162, 159, 126, 159]
x_dimensions = [5, 8, 5, 4, 4, 4, 9, 4, 6, 4, 4, 4, 3, 3, 3, 3, 3, 3, 3, 3, 3, 3, 3, 3]
y_dimensions = [17, 5, 4, 20, 18, 15, 4, 7, 4, 5, 4, 3, 20, 18, 15, 11, 10, 9, 8, 7, 6, 5, 4, 3]
minimum_height = 168
----------
x_coordinates = [12, 24, 24, 13, 17, 25, 18, 24, 20, 15, 23, 22, 10, 17, 12, 12, 26, 19, 21, 20, 22, 26, 26, 23]
y_coordinates = [82, 129, 118, 147, 131, 137, 106, 122, 163, 120, 114, 157, 143, 149, 128, 117, 152, 121, 136, 114, 151, 162, 110, 160]
x_dimensions = [5, 5, 5, 4, 4, 4, 9, 4, 6, 4, 4, 4, 3, 3, 3, 3, 3, 3, 3, 3, 3, 3, 3, 3]
y_dimensions = [17, 8, 4, 20, 18, 15, 4, 7, 4, 5, 4, 3, 20, 18, 15, 11, 10, 9, 8, 7, 6, 5, 4, 3]
minimum_height = 167
----------
x_coordinates = [11, 24, 24, 13, 17, 25, 20, 25, 12, 10, 23, 22, 6, 19, 14, 8, 26, 11, 21, 25, 10, 9, 26, 25]
y_coordinates = [66, 130, 122, 142, 130, 138, 126, 108, 162, 114, 100, 160, 144, 148, 127, 132, 153, 124, 137, 115, 152, 161, 104, 163]
x_dimensions = [5, 5, 5, 4, 4, 4, 9, 4, 6, 4, 4, 4, 3, 3, 3, 3, 3, 3, 3, 3, 3, 3, 3, 3]
y_dimensions = [17, 8, 4, 20, 18, 15, 4, 7, 4, 5, 4, 3, 20, 18, 15, 11, 10, 9, 8, 7, 6, 5, 4, 3]
minimum_height = 166
----------
x_coordinates = [12, 24, 24, 23, 17, 25, 20, 25, 20, 16, 23, 22, 8, 18, 11, 14, 26, 16, 21, 20, 15, 23, 10, 22]
y_coordinates = [32, 132, 108, 112, 128, 140, 104, 93, 100, 99, 89, 157, 145, 146, 139, 137, 155, 107, 139, 111, 154, 160, 99, 154]
x_dimensions = [5, 5, 5, 4, 4, 4, 9, 4, 6, 4, 4, 4, 3, 3, 3, 3, 3, 3, 3, 3, 3, 3, 3, 3]
y_dimensions = [17, 8, 4, 20, 18, 15, 4, 7, 4, 5, 4, 3, 20, 18, 15, 11, 10, 9, 8, 7, 6, 5, 4, 3]
minimum_height = 165
----------
x_coordinates = [13, 14, 10, 25, 9, 24, 16, 4, 8, 0, 25, 26, 26, 19, 23, 4, 22, 20, 25, 23, 7, 17, 0, 13]
y_coordinates = [45, 154, 154, 115, 133, 100, 133, 157, 160, 156, 89, 95, 135, 146, 138, 145, 154, 137, 155, 93, 151, 141, 161, 136]
x_dimensions = [5, 5, 4, 4, 4, 4, 9, 4, 6, 4, 4, 3, 3, 3, 3, 3, 3, 3, 3, 3, 3, 3, 4, 3]
y_dimensions = [17, 8, 5, 20, 18, 15, 4, 7, 4, 5, 4, 4, 20, 18, 15, 11, 10, 9, 8, 7, 6, 5, 3, 3]
minimum_height = 164
----------
x_coordinates = [14, 24, 22, 22, 3, 25, 18, 4, 11, 4, 25, 26, 1, 4, 26, 3, 26, 15, 8, 25, 26, 17, 17, 12]
y_coordinates = [77, 155, 130, 135, 139, 111, 154, 151, 157, 158, 94, 136, 143, 148, 140, 128, 126, 154, 154, 104, 98, 143, 134, 154]
x_dimensions = [5, 5, 4, 4, 18, 4, 4, 4, 4, 4, 4, 3, 3, 18, 3, 3, 3, 3, 3, 3, 3, 3, 3, 3]
y_dimensions = [17, 8, 5, 20, 4, 15, 9, 7, 6, 5, 4, 4, 20, 3, 15, 11, 10, 9, 8, 7, 6, 5, 4, 3]
minimum_height = 163
----------
x_coordinates = [7, 18, 25, 25, 8, 25, 18, 10, 12, 7, 25, 26, 24, 4, 26, 4, 26, 1, 11, 23, 17, 17, 15, 22]
y_coordinates = [80, 157, 94, 126, 150, 79, 138, 154, 158, 158, 65, 102, 106, 147, 146, 151, 69, 146, 105, 99, 78, 154, 143, 145]
x_dimensions = [5, 8, 4, 4, 18, 4, 4, 7, 6, 5, 4, 3, 3, 18, 3, 3, 3, 3, 8, 3, 3, 5, 3, 3]
y_dimensions = [17, 5, 5, 20, 4, 15, 9, 4, 4, 4, 4, 4, 20, 3, 15, 11, 10, 9, 3, 7, 6, 3, 4, 3]
minimum_height = 162
----------
x_coordinates = [4, 14, 25, 23, 18, 24, 25, 8, 9, 4, 23, 26, 22, 0, 26, 17, 26, 15, 1, 26, 26, 21, 21, 26]
y_coordinates = [19, 108, 87, 113, 143, 72, 151, 153, 157, 153, 62, 109, 141, 149, 133, 132, 92, 152, 158, 102, 66, 71, 108, 148]
x_dimensions = [5, 5, 4, 4, 4, 4, 4, 7, 6, 4, 4, 3, 3, 18, 3, 3, 3, 3, 8, 3, 3, 3, 3, 3]
y_dimensions = [17, 8, 5, 20, 18, 15, 9, 4, 4, 5, 4, 4, 20, 3, 15, 11, 10, 9, 3, 7, 6, 5, 4, 3]
minimum_height = 161
----------
x_coordinates = [14, 16, 22, 25, 21, 25, 20, 8, 17, 13, 23, 26, 23, 0, 25, 10, 26, 18, 12, 23, 22, 24, 21, 15]
y_coordinates = [72, 138, 91, 121, 138, 75, 156, 153, 116, 146, 64, 71, 96, 150, 141, 139, 90, 147, 157, 68, 85, 116, 120, 154]
x_dimensions = [5, 5, 4, 4, 4, 4, 9, 4, 6, 5, 4, 3, 3, 18, 3, 3, 3, 3, 8, 3, 3, 3, 3, 3]
y_dimensions = [17, 8, 5, 20, 18, 15, 4, 7, 4, 4, 4, 4, 20, 3, 15, 11, 10, 9, 3, 7, 6, 5, 4, 3]
minimum_height = 160
----------
x_coordinates = [6, 17, 24, 11, 22, 20, 21, 23, 18, 18, 23, 8, 24, 4, 1, 21, 26, 26, 14, 11, 26, 25, 15, 18]
y_coordinates = [67, 139, 99, 123, 141, 95, 125, 134, 121, 151, 79, 155, 104, 148, 142, 110, 89, 150, 156, 152, 83, 124, 123, 133]
x_dimensions = [17, 5, 4, 4, 4, 4, 4, 4, 6, 4, 4, 3, 3, 18, 3, 3, 3, 3, 8, 3, 3, 3, 3, 3]
y_dimensions = [5, 8, 5, 20, 18, 15, 9, 7, 4, 5, 4, 4, 20, 3, 15, 11, 10, 9, 3, 7, 6, 5, 4, 3]
minimum_height = 159
----------
x_coordinates = [3, 17, 18, 14, 25, 21, 22, 24, 8, 7, 24, 3, 26, 4, 22, 5, 26, 19, 11, 1, 26, 26, 23, 17]
y_coordinates = [73, 142, 124, 122, 137, 94, 117, 130, 128, 153, 85, 145, 105, 150, 140, 134, 95, 155, 155, 149, 89, 125, 126, 119]
x_dimensions = [5, 5, 4, 4, 4, 4, 4, 4, 6, 4, 4, 3, 3, 18, 3, 3, 3, 9, 8, 3, 3, 3, 3, 3]
y_dimensions = [17, 8, 5, 20, 18, 15, 9, 7, 4, 5, 4, 4, 20, 3, 15, 11, 10, 3, 3, 7, 6, 5, 4, 3]
minimum_height = 158
----------
x_coordinates = [7, 17, 21, 9, 22, 25, 21, 18, 13, 10, 23, 7, 26, 4, 1, 21, 26, 26, 14, 6, 18, 25, 26, 13]
y_coordinates = [36, 141, 108, 123, 139, 94, 125, 134, 123, 152, 87, 153, 128, 149, 142, 113, 109, 148, 154, 142, 108, 119, 124, 127]
x_dimensions = [5, 5, 4, 4, 4, 4, 4, 4, 6, 4, 4, 3, 3, 18, 3, 3, 3, 3, 8, 3, 3, 3, 3, 3]
y_dimensions = [17, 8, 5, 20, 18, 15, 9, 7, 4, 5, 4, 4, 20, 3, 15, 11, 10, 9, 3, 7, 6, 5, 4, 3]
minimum_height = 157
----------
x_coordinates = [12, 17, 25, 18, 25, 24, 22, 24, 5, 21, 25, 11, 14, 3, 0, 8, 26, 23, 13, 22, 10, 26, 11, 26]
y_coordinates = [3, 142, 115, 122, 138, 90, 129, 83, 128, 151, 79, 146, 130, 150, 141, 137, 105, 120, 153, 144, 104, 131, 128, 128]
x_dimensions = [17, 5, 4, 4, 4, 4, 4, 4, 6, 4, 4, 3, 3, 18, 3, 3, 3, 3, 8, 3, 3, 3, 3, 3]
y_dimensions = [5, 8, 5, 20, 18, 15, 9, 7, 4, 5, 4, 4, 20, 3, 15, 11, 10, 9, 3, 7, 6, 5, 4, 3]
minimum_height = 156
----------
x_coordinates = [14, 3, 25, 7, 25, 23, 22, 22, 1, 0, 25, 12, 11, 4, 22, 4, 26, 19, 14, 19, 6, 26, 26, 26]
y_coordinates = [71, 147, 115, 124, 137, 90, 121, 130, 124, 140, 86, 151, 124, 144, 140, 133, 105, 132, 141, 148, 102, 120, 125, 129]
x_dimensions = [5, 5, 4, 4, 4, 4, 4, 4, 6, 4, 4, 3, 3, 18, 3, 3, 3, 3, 8, 3, 3, 3, 3, 3]
y_dimensions = [17, 8, 5, 20, 18, 15, 9, 7, 4, 5, 4, 4, 20, 3, 15, 11, 10, 9, 3, 7, 6, 5, 4, 3]
minimum_height = 155
----------
x_coordinates = [7, 6, 6, 25, 23, 24, 22, 22, 19, 23, 25, 24, 4, 7, 1, 24, 0, 23, 21, 21, 19, 3, 26, 26]
y_coordinates = [8, 124, 119, 130, 83, 105, 120, 70, 129, 150, 55, 101, 134, 147, 139, 59, 119, 74, 51, 104, 119, 125, 126, 123]
x_dimensions = [5, 5, 4, 4, 4, 4, 4, 7, 6, 5, 4, 3, 3, 18, 3, 3, 3, 3, 8, 3, 3, 3, 3, 3]
y_dimensions = [17, 8, 5, 20, 18, 15, 9, 4, 4, 4, 4, 4, 20, 3, 15, 11, 10, 9, 3, 7, 6, 5, 4, 3]
minimum_height = 154
----------
x_coordinates = [13, 6, 18, 1, 25, 19, 22, 22, 10, 11, 25, 26, 5, 11, 8, 4, 26, 23, 15, 23, 22, 16, 24, 13]
y_coordinates = [75, 145, 118, 133, 119, 126, 110, 96, 134, 144, 91, 109, 125, 150, 141, 112, 140, 140, 147, 103, 120, 136, 137, 138]
x_dimensions = [5, 5, 4, 4, 4, 4, 4, 4, 6, 4, 4, 3, 3, 18, 15, 3, 3, 3, 8, 3, 3, 3, 4, 3]
y_dimensions = [17, 8, 5, 20, 18, 15, 9, 7, 4, 5, 4, 4, 20, 3, 3, 11, 10, 9, 3, 7, 6, 5, 3, 3]
minimum_height = 153
----------
x_coordinates = [1, 8, 13, 1, 25, 21, 14, 22, 19, 10, 23, 18, 5, 5, 8, 23, 26, 23, 15, 21, 24, 26, 17, 26]
y_coordinates = [10, 134, 137, 132, 125, 127, 127, 108, 115, 145, 92, 124, 129, 149, 142, 97, 107, 143, 146, 120, 119, 143, 138, 148]
x_dimensions = [5, 5, 4, 4, 4, 4, 4, 4, 6, 5, 4, 3, 3, 18, 15, 3, 3, 3, 8, 3, 3, 3, 3, 3]
y_dimensions = [17, 8, 5, 20, 18, 15, 9, 7, 4, 4, 4, 4, 20, 3, 3, 11, 10, 9, 3, 7, 6, 5, 4, 3]
minimum_height = 152
----------
x_coordinates = [7, 24, 0, 4, 11, 19, 15, 14, 20, 0, 25, 16, 8, 6, 11, 26, 26, 26, 21, 1, 23, 25, 0, 23]
y_coordinates = [37, 129, 141, 131, 130, 133, 136, 117, 117, 146, 104, 132, 131, 127, 148, 118, 108, 142, 101, 131, 142, 137, 138, 124]
x_dimensions = [5, 5, 4, 4, 4, 4, 4, 4, 6, 4, 4, 3, 3, 18, 15, 3, 3, 3, 8, 3, 3, 3, 4, 3]
y_dimensions = [17, 8, 5, 20, 18, 15, 9, 7, 4, 5, 4, 4, 20, 3, 3, 11, 10, 9, 3, 7, 6, 5, 3, 3]
minimum_height = 151
----------
x_coordinates = [12, 0, 5, 9, 16, 20, 25, 22, 19, 4, 23, 24, 13, 7, 8, 15, 26, 0, 19, 6, 24, 26, 25, 4]
y_coordinates = [13, 129, 131, 130, 132, 134, 126, 113, 120, 146, 106, 141, 130, 127, 124, 112, 113, 143, 110, 136, 135, 145, 123, 125]
x_dimensions = [17, 5, 4, 4, 4, 4, 4, 4, 6, 5, 4, 3, 3, 18, 15, 3, 3, 9, 8, 3, 3, 3, 4, 3]
y_dimensions = [5, 8, 5, 20, 18, 15, 9, 7, 4, 4, 4, 4, 20, 3, 3, 11, 10, 3, 3, 7, 6, 5, 3, 3]
minimum_height = 150
----------
x_coordinates = [8, 24, 11, 7, 20, 25, 21, 11, 15, 1, 23, 20, 24, 11, 10, 4, 26, 12, 14, 5, 22, 23, 24, 6]
y_coordinates = [63, 100, 138, 123, 107, 134, 137, 131, 136, 142, 83, 96, 108, 128, 146, 127, 87, 143, 125, 143, 131, 92, 97, 146]
x_dimensions = [5, 5, 4, 4, 4, 4, 4, 4, 6, 4, 4, 3, 3, 18, 15, 3, 3, 9, 8, 7, 3, 3, 4, 3]
y_dimensions = [17, 8, 5, 20, 18, 15, 9, 7, 4, 5, 4, 4, 20, 3, 3, 11, 10, 3, 3, 3, 6, 5, 3, 3]
minimum_height = 149
----------
x_coordinates = [12, 9, 5, 18, 22, 3, 24, 25, 18, 14, 25, 23, 26, 0, 7, 23, 26, 25, 10, 15, 22, 20, 24, 26]
y_coordinates = [73, 127, 139, 124, 112, 135, 138, 131, 144, 129, 81, 108, 111, 143, 110, 85, 86, 96, 140, 121, 132, 104, 105, 108]
x_dimensions = [17, 5, 5, 4, 4, 15, 4, 4, 6, 4, 4, 3, 3, 18, 15, 3, 3, 3, 8, 7, 3, 3, 4, 3]
y_dimensions = [5, 8, 4, 20, 18, 4, 9, 7, 4, 5, 4, 4, 20, 3, 3, 11, 10, 9, 3, 3, 6, 5, 3, 3]
minimum_height = 148
----------
x_coordinates = [2, 16, 18, 25, 22, 1, 22, 21, 12, 3, 24, 26, 26, 10, 7, 17, 26, 2, 14, 0, 25, 26, 24, 2]
y_coordinates = [36, 129, 139, 92, 112, 136, 138, 131, 140, 111, 81, 138, 112, 86, 110, 117, 65, 143, 144, 111, 132, 142, 89, 108]
x_dimensions = [5, 5, 4, 4, 4, 15, 4, 4, 6, 4, 4, 3, 3, 18, 15, 3, 3, 9, 8, 3, 3, 3, 4, 3]
y_dimensions = [17, 8, 5, 20, 18, 4, 9, 7, 4, 5, 4, 4, 20, 3, 3, 11, 10, 3, 3, 7, 6, 5, 3, 3]
minimum_height = 147
----------
x_coordinates = [1, 10, 24, 20, 0, 5, 25, 0, 14, 1, 23, 23, 25, 2, 17, 14, 26, 26, 19, 4, 23, 25, 25, 4]
y_coordinates = [69, 127, 142, 126, 112, 135, 133, 136, 139, 131, 76, 91, 113, 143, 120, 116, 83, 93, 80, 124, 110, 102, 107, 140]
x_dimensions = [5, 5, 5, 4, 4, 15, 4, 4, 6, 4, 4, 3, 3, 18, 3, 3, 3, 3, 8, 7, 6, 3, 4, 3]
y_dimensions = [17, 8, 4, 20, 18, 4, 9, 7, 4, 5, 4, 4, 20, 3, 15, 11, 10, 9, 3, 3, 3, 5, 3, 3]
minimum_height = 146
----------
x_coordinates = [14, 23, 20, 21, 14, 5, 25, 14, 7, 1, 24, 23, 26, 0, 18, 12, 26, 24, 13, 4, 20, 26, 24, 4]
y_coordinates = [65, 103, 141, 121, 110, 141, 136, 131, 137, 137, 76, 115, 116, 128, 123, 89, 81, 94, 138, 118, 112, 111, 91, 134]
x_dimensions = [5, 5, 5, 4, 4, 15, 4, 4, 6, 4, 4, 3, 3, 18, 3, 3, 3, 3, 8, 3, 6, 3, 4, 3]
y_dimensions = [17, 8, 4, 20, 18, 4, 9, 7, 4, 5, 4, 4, 20, 3, 15, 11, 10, 9, 3, 7, 3, 5, 3, 3]
minimum_height = 145
----------
x_coordinates = [9, 10, 24, 22, 2, 3, 23, 5, 18, 18, 25, 25, 15, 4, 0, 7, 26, 24, 17, 11, 20, 26, 24, 15]
y_coordinates = [53, 115, 116, 121, 111, 140, 107, 133, 117, 136, 87, 103, 110, 130, 129, 119, 77, 91, 86, 134, 141, 139, 100, 137]
x_dimensions = [17, 5, 4, 4, 4, 15, 4, 4, 6, 4, 4, 3, 3, 18, 3, 3, 3, 3, 8, 7, 6, 3, 4, 3]
y_dimensions = [5, 8, 5, 20, 18, 4, 9, 7, 4, 5, 4, 4, 20, 3, 15, 11, 10, 9, 3, 3, 3, 5, 3, 3]
minimum_height = 144
----------
x_coordinates = [14, 17, 24, 22, 3, 4, 23, 0, 18, 19, 24, 25, 26, 0, 4, 6, 26, 24, 17, 18, 20, 23, 24, 15]
y_coordinates = [49, 114, 97, 115, 114, 136, 106, 136, 99, 138, 81, 102, 121, 133, 140, 96, 66, 88, 103, 128, 135, 138, 85, 130]
x_dimensions = [5, 5, 4, 4, 4, 15, 4, 4, 6, 4, 4, 3, 3, 18, 15, 3, 3, 3, 8, 3, 6, 3, 4, 3]
y_dimensions = [17, 8, 5, 20, 18, 4, 9, 7, 4, 5, 4, 4, 20, 3, 3, 11, 10, 9, 3, 7, 3, 5, 3, 3]
minimum_height = 143
----------
x_coordinates = [0, 24, 21, 25, 3, 10, 24, 0, 23, 0, 24, 6, 7, 8, 10, 0, 26, 24, 15, 4, 23, 4, 24, 22]
y_coordinates = [17, 108, 124, 119, 112, 135, 95, 135, 104, 130, 79, 103, 122, 116, 132, 106, 67, 83, 103, 130, 139, 137, 92, 129]
x_dimensions = [17, 5, 4, 4, 4, 15, 4, 4, 6, 4, 4, 3, 3, 18, 15, 3, 3, 3, 8, 3, 6, 3, 4, 3]
y_dimensions = [5, 8, 5, 20, 18, 4, 9, 7, 4, 5, 4, 4, 20, 3, 3, 11, 10, 9, 3, 7, 3, 5, 3, 3]
minimum_height = 142
----------
x_coordinates = [2, 9, 19, 25, 3, 7, 2, 0, 23, 18, 24, 0, 22, 0, 7, 26, 26, 24, 14, 4, 1, 6, 24, 6]
y_coordinates = [27, 116, 115, 121, 100, 137, 119, 131, 117, 127, 79, 115, 121, 128, 134, 84, 95, 105, 120, 131, 138, 118, 114, 125]
x_dimensions = [5, 5, 4, 4, 4, 15, 4, 4, 6, 4, 4, 3, 3, 18, 15, 3, 3, 3, 8, 3, 6, 3, 4, 3]
y_dimensions = [17, 8, 5, 20, 18, 4, 9, 7, 4, 5, 4, 4, 20, 3, 3, 11, 10, 9, 3, 7, 3, 5, 3, 3]
minimum_height = 141
----------
x_coordinates = [6, 11, 22, 25, 7, 10, 3, 10, 16, 21, 24, 3, 7, 8, 10, 26, 26, 24, 17, 4, 1, 1, 26, 18]
y_coordinates = [67, 118, 115, 120, 102, 136, 119, 126, 119, 127, 79, 115, 120, 95, 133, 109, 86, 100, 124, 130, 137, 132, 96, 130]
x_dimensions = [17, 5, 4, 4, 4, 15, 4, 4, 6, 4, 4, 3, 3, 18, 15, 3, 3, 3, 8, 3, 6, 3, 3, 3]
y_dimensions = [5, 8, 5, 20, 18, 4, 9, 7, 4, 5, 4, 4, 20, 3, 3, 11, 10, 9, 3, 7, 3, 5, 4, 3]
minimum_height = 140
----------
x_coordinates = [9, 16, 19, 25, 1, 11, 5, 9, 23, 25, 25, 10, 25, 10, 14, 13, 26, 26, 21, 26, 2, 8, 26, 26]
y_coordinates = [62, 121, 130, 105, 118, 135, 124, 127, 128, 67, 44, 123, 81, 75, 72, 124, 57, 48, 125, 132, 136, 134, 101, 78]
x_dimensions = [17, 5, 4, 4, 4, 15, 4, 4, 6, 4, 4, 3, 3, 18, 15, 3, 3, 3, 8, 3, 6, 3, 3, 3]
y_dimensions = [5, 8, 5, 20, 18, 4, 9, 7, 4, 5, 4, 4, 20, 3, 3, 11, 10, 9, 3, 7, 3, 5, 4, 3]
minimum_height = 139
----------
x_coordinates = [14, 10, 19, 25, 2, 8, 6, 6, 23, 21, 25, 19, 23, 9, 10, 24, 26, 26, 15, 22, 5, 26, 5, 7]
y_coordinates = [15, 130, 130, 114, 120, 108, 115, 131, 134, 125, 72, 112, 93, 87, 122, 76, 90, 100, 135, 113, 112, 109, 108, 124]
x_dimensions = [5, 5, 4, 4, 4, 15, 4, 4, 6, 4, 4, 3, 3, 18, 15, 3, 3, 3, 8, 3, 6, 3, 3, 3]
y_dimensions = [17, 8, 5, 20, 18, 4, 9, 7, 4, 5, 4, 4, 20, 3, 3, 11, 10, 9, 3, 7, 3, 5, 4, 3]
minimum_height = 138
----------
x_coordinates = [12, 1, 25, 21, 6, 8, 10, 11, 25, 24, 23, 14, 23, 11, 18, 24, 26, 25, 10, 23, 17, 26, 5, 21]
y_coordinates = [20, 128, 127, 112, 111, 103, 108, 122, 121, 132, 67, 108, 85, 82, 122, 71, 94, 112, 126, 105, 108, 104, 103, 134]
x_dimensions = [5, 5, 4, 4, 4, 15, 4, 7, 4, 4, 4, 3, 3, 18, 3, 3, 3, 3, 8, 3, 6, 3, 3, 3]
y_dimensions = [17, 8, 5, 20, 18, 4, 9, 4, 6, 5, 4, 4, 20, 3, 15, 11, 10, 9, 3, 7, 3, 5, 4, 3]
minimum_height = 137
----------
x_coordinates = [3, 11, 25, 4, 0, 8, 13, 20, 24, 0, 23, 17, 23, 7, 8, 26, 26, 26, 16, 26, 17, 26, 24, 22]
y_coordinates = [27, 128, 131, 116, 112, 114, 119, 122, 125, 130, 85, 124, 101, 98, 119, 102, 75, 93, 129, 113, 118, 120, 89, 133]
x_dimensions = [5, 5, 4, 4, 4, 15, 4, 4, 4, 4, 4, 3, 3, 18, 3, 3, 3, 3, 8, 3, 3, 3, 3, 3]
y_dimensions = [17, 8, 5, 20, 18, 4, 9, 7, 6, 5, 4, 4, 20, 3, 15, 11, 10, 9, 3, 7, 6, 5, 4, 3]
minimum_height = 136
----------
x_coordinates = [3, 19, 24, 25, 14, 10, 0, 21, 21, 25, 23, 6, 4, 0, 14, 23, 26, 18, 17, 7, 26, 9, 1, 24]
y_coordinates = [36, 106, 94, 115, 96, 114, 114, 99, 126, 101, 79, 122, 102, 93, 120, 83, 84, 95, 132, 114, 109, 121, 103, 106]
x_dimensions = [17, 5, 4, 4, 4, 15, 4, 4, 4, 4, 4, 3, 3, 18, 3, 3, 3, 3, 8, 3, 3, 3, 3, 3]
y_dimensions = [5, 8, 5, 20, 18, 4, 9, 7, 6, 5, 4, 4, 20, 3, 15, 11, 10, 9, 3, 7, 6, 5, 4, 3]
minimum_height = 135
----------
x_coordinates = [6, 15, 25, 24, 4, 9, 2, 20, 20, 21, 23, 6, 1, 3, 12, 23, 26, 9, 16, 9, 8, 11, 26, 23]
y_coordinates = [52, 109, 105, 114, 116, 121, 104, 114, 125, 106, 88, 111, 113, 100, 104, 94, 95, 103, 131, 112, 128, 129, 110, 111]
x_dimensions = [5, 5, 4, 4, 4, 15, 4, 4, 4, 4, 4, 3, 3, 18, 3, 3, 3, 3, 8, 3, 3, 3, 3, 3]
y_dimensions = [17, 8, 5, 20, 18, 4, 9, 7, 6, 5, 4, 4, 20, 3, 15, 11, 10, 9, 3, 7, 6, 5, 4, 3]
minimum_height = 134
----------
x_coordinates = [7, 2, 18, 25, 7, 11, 25, 21, 10, 25, 24, 16, 2, 11, 22, 24, 26, 26, 6, 17, 20, 19, 14, 25]
y_coordinates = [65, 121, 102, 83, 118, 122, 111, 129, 126, 106, 65, 110, 115, 80, 102, 69, 55, 120, 102, 126, 126, 109, 128, 103]
x_dimensions = [17, 5, 4, 4, 18, 15, 4, 7, 4, 4, 4, 3, 20, 18, 3, 3, 3, 3, 8, 3, 6, 3, 3, 3]
y_dimensions = [5, 8, 5, 20, 4, 4, 9, 4, 6, 5, 4, 4, 3, 3, 15, 11, 10, 9, 3, 7, 3, 5, 4, 3]
minimum_height = 133
----------
x_coordinates = [14, 0, 25, 25, 5, 14, 25, 24, 10, 21, 23, 15, 6, 4, 18, 23, 26, 3, 4, 26, 23, 22, 21, 24]
y_coordinates = [65, 115, 104, 74, 117, 125, 109, 94, 126, 107, 59, 113, 122, 93, 102, 63, 64, 123, 100, 118, 129, 112, 100, 101]
x_dimensions = [5, 5, 4, 4, 18, 15, 4, 4, 4, 4, 4, 3, 20, 18, 3, 3, 3, 3, 8, 3, 6, 3, 3, 3]
y_dimensions = [17, 8, 5, 20, 4, 4, 9, 7, 6, 5, 4, 4, 3, 3, 15, 11, 10, 9, 3, 7, 3, 5, 4, 3]
minimum_height = 132
----------
x_coordinates = [6, 3, 24, 25, 11, 12, 10, 24, 24, 25, 23, 7, 0, 7, 20, 23, 26, 8, 2, 10, 23, 17, 21, 24]
y_coordinates = [64, 122, 118, 86, 127, 123, 103, 79, 73, 106, 58, 110, 119, 100, 108, 62, 63, 122, 116, 112, 111, 110, 85, 114]
x_dimensions = [17, 5, 4, 4, 18, 15, 4, 4, 4, 4, 4, 3, 20, 18, 3, 3, 3, 3, 8, 3, 6, 3, 3, 3]
y_dimensions = [5, 8, 5, 20, 4, 4, 9, 7, 6, 5, 4, 4, 3, 3, 15, 11, 10, 9, 3, 7, 3, 5, 4, 3]
minimum_height = 131
----------
x_coordinates = [12, 6, 25, 25, 7, 14, 6, 23, 6, 24, 24, 9, 1, 6, 21, 23, 26, 4, 10, 10, 23, 7, 26, 26]
y_coordinates = [44, 95, 118, 90, 119, 123, 107, 72, 86, 113, 64, 103, 116, 92, 102, 79, 53, 121, 109, 123, 127, 125, 68, 110]
x_dimensions = [5, 5, 4, 4, 18, 15, 4, 4, 4, 4, 4, 3, 20, 18, 3, 3, 3, 3, 8, 3, 6, 3, 3, 3]
y_dimensions = [17, 8, 5, 20, 4, 4, 9, 7, 6, 5, 4, 4, 3, 3, 15, 11, 10, 9, 3, 7, 3, 5, 4, 3]
minimum_height = 130
----------
x_coordinates = [3, 5, 10, 5, 11, 14, 18, 24, 1, 25, 24, 12, 6, 9, 15, 26, 26, 3, 9, 26, 23, 22, 23, 24]
y_coordinates = [57, 121, 124, 92, 120, 125, 107, 98, 94, 108, 69, 113, 117, 99, 102, 84, 74, 112, 96, 113, 105, 111, 83, 95]
x_dimensions = [5, 5, 4, 4, 18, 15, 4, 4, 4, 4, 4, 3, 20, 3, 3, 3, 3, 3, 8, 3, 6, 3, 3, 3]
y_dimensions = [17, 8, 5, 20, 4, 4, 9, 7, 6, 5, 4, 4, 3, 18, 15, 11, 10, 9, 3, 7, 3, 5, 4, 3]
minimum_height = 129
----------
x_coordinates = [7, 1, 25, 15, 8, 12, 21, 25, 21, 25, 25, 24, 6, 5, 22, 12, 26, 19, 5, 26, 23, 12, 25, 26]
y_coordinates = [62, 115, 111, 97, 120, 124, 81, 99, 90, 106, 85, 77, 117, 91, 102, 101, 67, 108, 88, 116, 96, 112, 92, 89]
x_dimensions = [5, 5, 4, 4, 18, 15, 4, 4, 4, 4, 4, 3, 20, 3, 3, 3, 3, 3, 8, 3, 6, 3, 3, 3]
y_dimensions = [17, 8, 5, 20, 4, 4, 9, 7, 6, 5, 4, 4, 3, 18, 15, 11, 10, 9, 3, 7, 3, 5, 4, 3]
minimum_height = 128
----------
x_coordinates = [5, 11, 16, 25, 8, 14, 24, 24, 24, 4, 24, 22, 3, 15, 23, 26, 26, 26, 15, 20, 23, 0, 22, 25]
y_coordinates = [59, 111, 113, 65, 119, 123, 85, 58, 94, 117, 41, 81, 108, 90, 104, 103, 45, 114, 57, 112, 100, 110, 53, 55]
x_dimensions = [5, 5, 4, 4, 18, 15, 4, 4, 4, 4, 4, 3, 20, 3, 3, 3, 3, 3, 8, 3, 6, 3, 3, 3]
y_dimensions = [17, 8, 5, 20, 4, 4, 9, 7, 6, 5, 4, 4, 3, 18, 15, 11, 10, 9, 3, 7, 3, 5, 4, 3]
minimum_height = 127
----------
x_coordinates = [6, 24, 25, 18, 11, 14, 22, 23, 23, 23, 23, 22, 3, 0, 23, 26, 26, 21, 15, 23, 22, 20, 12, 23]
y_coordinates = [58, 73, 68, 89, 118, 122, 81, 93, 62, 50, 36, 68, 115, 99, 103, 82, 40, 72, 92, 55, 100, 61, 92, 90]
x_dimensions = [5, 5, 4, 4, 18, 15, 4, 4, 4, 4, 4, 3, 20, 3, 3, 3, 3, 3, 3, 3, 6, 3, 3, 3]
y_dimensions = [17, 8, 5, 20, 4, 4, 9, 7, 6, 5, 4, 4, 3, 18, 15, 11, 10, 9, 8, 7, 3, 5, 4, 3]
minimum_height = 126
----------
x_coordinates = [6, 21, 10, 13, 11, 16, 22, 25, 6, 25, 25, 18, 1, 8, 20, 25, 26, 23, 19, 26, 23, 26, 26, 26]
y_coordinates = [43, 96, 102, 78, 121, 106, 80, 89, 101, 116, 65, 102, 98, 107, 106, 69, 55, 104, 88, 105, 113, 100, 85, 97]
x_dimensions = [5, 5, 4, 4, 18, 4, 4, 4, 4, 4, 4, 3, 20, 3, 3, 3, 3, 3, 3, 3, 6, 3, 3, 3]
y_dimensions = [17, 8, 5, 20, 4, 15, 9, 7, 6, 5, 4, 4, 3, 18, 15, 11, 10, 9, 8, 7, 3, 5, 4, 3]
minimum_height = 125
----------
x_coordinates = [9, 23, 16, 6, 18, 19, 24, 2, 25, 12, 23, 13, 3, 15, 22, 21, 26, 23, 22, 10, 23, 20, 5, 25]
y_coordinates = [46, 96, 103, 104, 64, 82, 115, 109, 104, 107, 62, 103, 97, 79, 66, 113, 80, 81, 105, 100, 93, 100, 89, 111]
x_dimensions = [5, 5, 4, 4, 4, 4, 4, 4, 4, 4, 4, 3, 20, 3, 3, 3, 3, 3, 3, 3, 6, 3, 3, 3]
y_dimensions = [17, 8, 5, 20, 18, 15, 9, 7, 6, 5, 4, 4, 3, 18, 15, 11, 10, 9, 8, 7, 3, 5, 4, 3]
minimum_height = 124
----------
x_coordinates = [2, 21, 14, 13, 17, 5, 25, 10, 22, 1, 25, 15, 9, 0, 22, 18, 26, 25, 26, 18, 23, 26, 2, 12]
y_coordinates = [28, 112, 110, 82, 84, 101, 94, 108, 106, 111, 78, 115, 103, 119, 88, 120, 68, 85, 112, 110, 82, 107, 107, 115]
x_dimensions = [5, 5, 4, 4, 4, 4, 4, 4, 4, 4, 4, 3, 20, 18, 3, 11, 3, 3, 3, 3, 6, 3, 3, 3]
y_dimensions = [17, 8, 5, 20, 18, 15, 9, 7, 6, 5, 4, 4, 3, 3, 15, 3, 10, 9, 8, 7, 3, 5, 4, 3]
minimum_height = 123
----------
x_coordinates = [2, 24, 20, 5, 23, 7, 25, 13, 22, 3, 23, 0, 5, 11, 22, 2, 26, 25, 0, 26, 21, 12, 19, 16]
y_coordinates = [52, 114, 117, 86, 65, 113, 89, 118, 108, 112, 48, 115, 105, 83, 90, 119, 52, 98, 107, 107, 62, 108, 109, 110]
x_dimensions = [17, 5, 4, 20, 4, 15, 4, 7, 4, 4, 4, 3, 20, 18, 3, 11, 3, 3, 3, 3, 6, 3, 3, 3]
y_dimensions = [5, 8, 5, 4, 18, 4, 9, 4, 6, 5, 4, 4, 3, 3, 15, 3, 10, 9, 8, 7, 3, 5, 4, 3]
minimum_height = 122
----------
x_coordinates = [1, 2, 21, 6, 20, 8, 25, 7, 25, 25, 24, 24, 8, 11, 22, 14, 26, 18, 22, 20, 23, 3, 6, 15]
y_coordinates = [55, 113, 101, 69, 51, 117, 88, 113, 100, 112, 59, 117, 76, 73, 79, 114, 63, 105, 106, 94, 97, 108, 109, 111]
x_dimensions = [5, 5, 4, 20, 4, 15, 4, 7, 4, 4, 4, 3, 20, 18, 3, 11, 3, 3, 3, 3, 6, 3, 3, 3]
y_dimensions = [17, 8, 5, 4, 18, 4, 9, 4, 6, 5, 4, 4, 3, 3, 15, 3, 10, 9, 8, 7, 3, 5, 4, 3]
minimum_height = 121
----------
x_coordinates = [14, 24, 25, 9, 18, 10, 25, 15, 22, 22, 25, 14, 3, 11, 22, 11, 26, 23, 26, 20, 21, 0, 17, 12]
y_coordinates = [27, 98, 75, 51, 58, 76, 89, 113, 69, 115, 85, 105, 110, 80, 83, 117, 65, 106, 108, 102, 55, 108, 105, 114]
x_dimensions = [5, 5, 4, 20, 4, 15, 4, 7, 4, 4, 4, 3, 20, 18, 3, 11, 3, 3, 3, 3, 6, 3, 3, 3]
y_dimensions = [17, 8, 5, 4, 18, 4, 9, 4, 6, 5, 4, 4, 3, 3, 15, 3, 10, 9, 8, 7, 3, 5, 4, 3]
minimum_height = 120
----------
x_coordinates = [4, 24, 16, 9, 13, 13, 25, 7, 22, 14, 25, 3, 2, 11, 22, 18, 26, 8, 11, 0, 23, 1, 4, 26]
y_coordinates = [58, 108, 107, 74, 56, 98, 89, 115, 102, 114, 67, 107, 103, 80, 83, 116, 56, 106, 107, 107, 71, 114, 113, 105]
x_dimensions = [5, 5, 4, 20, 4, 15, 4, 7, 4, 4, 4, 3, 20, 18, 3, 11, 3, 3, 3, 3, 6, 3, 3, 3]
y_dimensions = [17, 8, 5, 4, 18, 4, 9, 4, 6, 5, 4, 4, 3, 3, 15, 3, 10, 9, 8, 7, 3, 5, 4, 3]
minimum_height = 119
----------
x_coordinates = [6, 22, 21, 9, 22, 8, 25, 18, 25, 25, 25, 20, 0, 11, 22, 7, 26, 1, 4, 23, 22, 26, 24, 26]
y_coordinates = [38, 97, 70, 65, 47, 110, 88, 114, 69, 113, 84, 106, 104, 75, 82, 115, 55, 107, 109, 106, 44, 108, 78, 105]
x_dimensions = [5, 5, 4, 20, 4, 15, 4, 7, 4, 4, 4, 3, 20, 18, 3, 11, 3, 3, 3, 3, 6, 3, 3, 3]
y_dimensions = [17, 8, 5, 4, 18, 4, 9, 4, 6, 5, 4, 4, 3, 3, 15, 3, 10, 9, 8, 7, 3, 5, 4, 3]
minimum_height = 118
----------
x_coordinates = [4, 8, 21, 9, 24, 14, 25, 22, 25, 13, 24, 23, 6, 11, 22, 3, 26, 0, 3, 26, 22, 20, 26, 23]
y_coordinates = [56, 101, 98, 70, 52, 113, 80, 92, 96, 105, 33, 103, 110, 89, 74, 114, 37, 106, 106, 106, 49, 105, 102, 107]
x_dimensions = [5, 5, 4, 20, 4, 15, 4, 7, 4, 4, 4, 3, 20, 18, 3, 11, 3, 3, 3, 3, 6, 3, 3, 3]
y_dimensions = [17, 8, 5, 4, 18, 4, 9, 4, 6, 5, 4, 4, 3, 3, 15, 3, 10, 9, 8, 7, 3, 5, 4, 3]
minimum_height = 117
----------
x_coordinates = [12, 22, 25, 16, 17, 8, 1, 18, 25, 19, 24, 2, 9, 0, 24, 17, 26, 26, 5, 23, 22, 16, 24, 13]
y_coordinates = [38, 91, 99, 68, 50, 112, 102, 100, 78, 107, 38, 111, 104, 98, 52, 88, 42, 107, 108, 109, 67, 107, 84, 109]
x_dimensions = [5, 5, 4, 4, 4, 15, 4, 7, 4, 4, 4, 3, 20, 18, 3, 11, 3, 3, 3, 3, 6, 3, 3, 3]
y_dimensions = [17, 8, 5, 20, 18, 4, 9, 4, 6, 5, 4, 4, 3, 3, 15, 3, 10, 9, 8, 7, 3, 5, 4, 3]
minimum_height = 116
----------
x_coordinates = [10, 2, 20, 6, 3, 11, 25, 23, 25, 4, 23, 8, 23, 7, 22, 4, 26, 1, 15, 26, 23, 18, 24, 21]
y_coordinates = [38, 97, 101, 54, 79, 111, 89, 73, 98, 109, 45, 111, 50, 96, 81, 105, 52, 106, 103, 108, 70, 106, 104, 107]
x_dimensions = [5, 5, 4, 4, 4, 15, 4, 4, 4, 4, 4, 3, 3, 18, 3, 11, 3, 3, 3, 3, 6, 3, 3, 3]
y_dimensions = [17, 8, 5, 20, 18, 4, 9, 7, 6, 5, 4, 4, 20, 3, 15, 3, 10, 9, 8, 7, 3, 5, 4, 3]
minimum_height = 115
----------
x_coordinates = [11, 10, 3, 21, 25, 10, 25, 25, 25, 21, 24, 14, 24, 7, 18, 7, 26, 15, 4, 26, 23, 0, 25, 23]
y_coordinates = [38, 100, 109, 72, 63, 92, 94, 87, 81, 109, 26, 111, 30, 96, 99, 108, 50, 99, 101, 103, 60, 107, 110, 106]
x_dimensions = [5, 5, 4, 4, 4, 15, 4, 4, 4, 4, 4, 4, 3, 18, 3, 11, 3, 3, 3, 3, 6, 3, 3, 3]
y_dimensions = [17, 8, 5, 20, 18, 4, 9, 7, 6, 5, 4, 3, 20, 3, 15, 3, 10, 9, 8, 7, 3, 5, 4, 3]
minimum_height = 114
----------
x_coordinates = [4, 13, 21, 1, 24, 9, 25, 5, 24, 25, 23, 23, 23, 8, 10, 15, 26, 18, 24, 26, 23, 19, 26, 26]
y_coordinates = [38, 105, 104, 93, 77, 91, 62, 91, 71, 103, 26, 109, 42, 98, 101, 95, 41, 104, 33, 96, 30, 39, 108, 59]
x_dimensions = [5, 5, 4, 4, 4, 15, 4, 4, 4, 4, 4, 3, 3, 18, 15, 11, 3, 3, 3, 3, 6, 5, 3, 3]
y_dimensions = [17, 8, 5, 20, 18, 4, 9, 7, 6, 5, 4, 4, 20, 3, 3, 3, 10, 9, 8, 7, 3, 3, 4, 3]
minimum_height = 113
----------
x_coordinates = [1, 24, 25, 1, 21, 14, 25, 22, 25, 14, 24, 26, 9, 24, 18, 17, 26, 18, 5, 11, 23, 2, 25, 8]
y_coordinates = [41, 79, 87, 86, 87, 89, 96, 105, 49, 104, 42, 92, 109, 61, 85, 58, 32, 100, 103, 99, 46, 107, 55, 103]
x_dimensions = [5, 5, 4, 4, 4, 4, 4, 7, 4, 4, 4, 3, 20, 3, 3, 11, 3, 3, 3, 3, 6, 3, 4, 3]
y_dimensions = [17, 8, 5, 20, 18, 15, 9, 4, 6, 5, 4, 4, 3, 18, 15, 3, 10, 9, 8, 7, 3, 5, 3, 3]
minimum_height = 112
----------
x_coordinates = [13, 23, 21, 9, 25, 14, 21, 23, 24, 24, 23, 12, 20, 23, 24, 13, 26, 26, 15, 18, 23, 12, 24, 25]
y_coordinates = [54, 37, 97, 70, 89, 48, 102, 12, 3, 76, 85, 107, 77, 19, 61, 74, 26, 52, 101, 101, 45, 101, 9, 107]
x_dimensions = [5, 5, 4, 4, 4, 15, 4, 4, 4, 4, 4, 3, 3, 3, 3, 11, 3, 3, 3, 3, 6, 3, 4, 3]
y_dimensions = [17, 8, 5, 20, 18, 4, 9, 7, 6, 5, 4, 4, 20, 18, 15, 3, 10, 9, 8, 7, 3, 5, 3, 3]
minimum_height = 111
----------
x_coordinates = [13, 8, 21, 16, 25, 14, 13, 24, 24, 23, 23, 22, 20, 20, 24, 14, 26, 26, 6, 18, 18, 15, 9, 22]
y_coordinates = [38, 49, 98, 74, 92, 68, 104, 46, 53, 72, 42, 106, 74, 50, 77, 94, 29, 59, 102, 97, 47, 99, 102, 103]
x_dimensions = [5, 5, 4, 4, 4, 15, 9, 4, 4, 4, 4, 3, 3, 3, 3, 11, 3, 3, 3, 3, 6, 3, 4, 3]
y_dimensions = [17, 8, 5, 20, 18, 4, 4, 7, 6, 5, 4, 4, 20, 18, 15, 3, 10, 9, 8, 7, 3, 5, 3, 3]
minimum_height = 110
----------
x_coordinates = [14, 24, 21, 16, 25, 12, 16, 24, 24, 24, 24, 2, 20, 20, 24, 1, 26, 26, 4, 18, 8, 9, 5, 1]
y_coordinates = [38, 54, 100, 75, 91, 94, 105, 47, 41, 71, 37, 105, 78, 46, 76, 97, 27, 62, 101, 98, 53, 104, 104, 102]
x_dimensions = [5, 5, 4, 4, 4, 4, 9, 4, 4, 4, 4, 3, 3, 3, 3, 11, 3, 3, 8, 3, 6, 3, 4, 3]
y_dimensions = [17, 8, 5, 20, 18, 15, 4, 7, 6, 5, 4, 4, 20, 18, 15, 3, 10, 9, 3, 7, 3, 5, 3, 3]
minimum_height = 109
----------
x_coordinates = [11, 7, 22, 14, 0, 21, 17, 21, 25, 18, 24, 7, 18, 25, 25, 8, 26, 26, 26, 19, 1, 26, 25, 5]
y_coordinates = [38, 83, 100, 67, 93, 84, 54, 77, 44, 63, 40, 104, 78, 79, 64, 98, 28, 55, 100, 99, 86, 50, 97, 97]
x_dimensions = [5, 5, 4, 4, 18, 4, 9, 4, 4, 4, 4, 3, 3, 3, 3, 11, 3, 3, 3, 3, 6, 3, 4, 3]
y_dimensions = [17, 8, 5, 20, 4, 15, 4, 7, 6, 5, 4, 4, 20, 18, 15, 3, 10, 9, 8, 7, 3, 5, 3, 3]
minimum_height = 108
----------
x_coordinates = [11, 7, 23, 15, 11, 22, 16, 22, 25, 24, 25, 13, 19, 26, 21, 8, 26, 26, 0, 19, 9, 25, 26, 16]
y_coordinates = [41, 92, 58, 80, 63, 89, 54, 82, 47, 77, 33, 103, 84, 85, 67, 100, 37, 68, 102, 104, 87, 53, 103, 103]
x_dimensions = [5, 5, 4, 4, 18, 4, 9, 4, 4, 4, 4, 3, 3, 3, 3, 11, 3, 3, 8, 7, 6, 3, 3, 3]
y_dimensions = [17, 8, 5, 20, 4, 15, 4, 7, 6, 5, 4, 4, 20, 18, 15, 3, 10, 9, 3, 3, 3, 5, 4, 3]
minimum_height = 107
----------
x_coordinates = [4, 5, 25, 1, 11, 25, 19, 10, 25, 25, 25, 23, 20, 26, 16, 9, 26, 8, 23, 26, 14, 23, 26, 23]
y_coordinates = [38, 80, 59, 68, 55, 87, 63, 86, 42, 64, 38, 102, 86, 69, 66, 101, 28, 58, 79, 48, 86, 71, 102, 52]
x_dimensions = [5, 5, 4, 4, 18, 4, 4, 4, 4, 4, 4, 3, 3, 3, 3, 11, 3, 3, 3, 3, 6, 3, 3, 3]
y_dimensions = [17, 8, 5, 20, 4, 15, 9, 7, 6, 5, 4, 4, 20, 18, 15, 3, 10, 9, 8, 7, 3, 5, 4, 3]
minimum_height = 106
----------
x_coordinates = [3, 4, 25, 0, 11, 22, 18, 9, 25, 21, 24, 12, 19, 26, 15, 8, 26, 8, 23, 26, 13, 22, 26, 26]
y_coordinates = [38, 80, 68, 70, 63, 89, 72, 87, 57, 67, 53, 71, 85, 73, 71, 102, 43, 66, 80, 91, 87, 72, 98, 102]
x_dimensions = [5, 5, 4, 4, 18, 4, 4, 4, 4, 4, 4, 3, 3, 3, 3, 11, 3, 3, 3, 3, 6, 3, 3, 3]
y_dimensions = [17, 8, 5, 20, 4, 15, 9, 7, 6, 5, 4, 4, 20, 18, 15, 3, 10, 9, 8, 7, 3, 5, 4, 3]
minimum_height = 105
----------
x_coordinates = [13, 0, 0, 14, 4, 22, 15, 25, 25, 11, 25, 2, 26, 22, 8, 11, 26, 26, 19, 24, 5, 12, 26, 25]
y_coordinates = [42, 79, 91, 59, 95, 89, 79, 64, 48, 79, 34, 87, 84, 70, 79, 101, 38, 71, 83, 54, 86, 87, 80, 61]
x_dimensions = [5, 5, 4, 4, 18, 4, 4, 4, 4, 4, 4, 3, 3, 3, 3, 11, 3, 3, 3, 3, 3, 3, 3, 3]
y_dimensions = [17, 8, 5, 20, 4, 15, 9, 7, 6, 5, 4, 4, 20, 18, 15, 3, 10, 9, 8, 7, 6, 5, 4, 3]
minimum_height = 104
----------
x_coordinates = [12, 15, 3, 10, 11, 14, 20, 0, 25, 18, 25, 0, 7, 23, 26, 17, 26, 4, 18, 20, 1, 0, 26, 13]
y_coordinates = [38, 83, 89, 82, 78, 88, 74, 96, 65, 89, 51, 87, 81, 82, 84, 71, 55, 94, 100, 93, 84, 91, 99, 73]
x_dimensions = [5, 8, 4, 4, 18, 4, 9, 4, 4, 5, 4, 3, 3, 3, 3, 11, 3, 3, 8, 3, 6, 3, 3, 3]
y_dimensions = [17, 5, 5, 20, 4, 15, 4, 7, 6, 4, 4, 4, 20, 18, 15, 3, 10, 9, 3, 7, 3, 5, 4, 3]
minimum_height = 103
----------
x_coordinates = [13, 24, 20, 17, 1, 3, 20, 18, 23, 25, 23, 0, 14, 23, 5, 16, 26, 23, 21, 21, 14, 2, 24, 14]
y_coordinates = [38, 89, 92, 70, 78, 96, 63, 98, 29, 97, 44, 96, 59, 67, 90, 35, 19, 51, 60, 85, 93, 59, 85, 87]
x_dimensions = [5, 5, 4, 4, 4, 15, 9, 7, 4, 4, 4, 3, 3, 3, 15, 11, 3, 3, 8, 3, 6, 3, 3, 3]
y_dimensions = [17, 8, 5, 20, 18, 4, 4, 4, 6, 5, 4, 4, 20, 18, 3, 3, 10, 9, 3, 7, 3, 5, 4, 3]
minimum_height = 102
----------
x_coordinates = [14, 20, 0, 0, 25, 4, 22, 13, 25, 25, 24, 19, 20, 26, 5, 18, 26, 26, 23, 0, 3, 22, 18, 3]
y_coordinates = [43, 90, 96, 84, 78, 97, 57, 89, 42, 96, 38, 98, 70, 48, 94, 66, 28, 69, 70, 89, 91, 47, 62, 88]
x_dimensions = [5, 5, 4, 20, 4, 15, 4, 7, 4, 4, 4, 4, 3, 3, 15, 11, 3, 3, 3, 3, 6, 3, 3, 3]
y_dimensions = [17, 8, 5, 4, 18, 4, 9, 4, 6, 5, 4, 3, 20, 18, 3, 3, 10, 9, 8, 7, 3, 5, 4, 3]
minimum_height = 101
----------
x_coordinates = [9, 9, 5, 13, 20, 4, 25, 7, 25, 24, 23, 1, 14, 26, 14, 18, 26, 26, 11, 17, 2, 14, 8, 6]
y_coordinates = [38, 91, 95, 52, 79, 47, 84, 87, 48, 93, 34, 96, 72, 54, 97, 72, 38, 75, 74, 90, 90, 92, 71, 91]
x_dimensions = [17, 5, 4, 4, 4, 15, 4, 7, 4, 5, 4, 4, 3, 3, 15, 11, 3, 3, 3, 3, 3, 3, 3, 3]
y_dimensions = [5, 8, 5, 20, 18, 4, 9, 4, 6, 4, 4, 3, 20, 18, 3, 3, 10, 9, 8, 7, 6, 5, 4, 3]
minimum_height = 100
----------
x_coordinates = [4, 13, 5, 25, 21, 4, 9, 20, 25, 0, 24, 9, 6, 24, 8, 14, 26, 8, 26, 24, 15, 12, 18, 2]
y_coordinates = [40, 94, 93, 79, 81, 48, 87, 49, 36, 95, 22, 96, 75, 53, 45, 78, 26, 78, 71, 42, 91, 82, 70, 92]
x_dimensions = [17, 8, 4, 4, 4, 15, 4, 7, 4, 5, 4, 4, 20, 3, 15, 11, 3, 3, 3, 3, 6, 3, 3, 3]
y_dimensions = [5, 5, 5, 20, 18, 4, 9, 4, 6, 4, 4, 3, 3, 18, 3, 3, 10, 9, 8, 7, 3, 5, 4, 3]
minimum_height = 99
----------
x_coordinates = [7, 14, 10, 2, 22, 8, 3, 18, 25, 6, 24, 9, 2, 26, 7, 11, 26, 6, 26, 25, 26, 7, 2, 0]
y_coordinates = [38, 93, 93, 82, 80, 62, 89, 57, 50, 58, 36, 55, 86, 63, 90, 79, 40, 73, 81, 56, 92, 93, 78, 95]
x_dimensions = [5, 8, 4, 20, 4, 15, 4, 7, 4, 5, 4, 4, 20, 3, 15, 11, 3, 3, 3, 3, 3, 3, 3, 3]
y_dimensions = [17, 5, 5, 4, 18, 4, 9, 4, 6, 4, 4, 3, 3, 18, 3, 3, 10, 9, 8, 7, 6, 5, 4, 3]
minimum_height = 98
----------
x_coordinates = [14, 18, 3, 7, 25, 7, 9, 22, 25, 7, 24, 5, 6, 26, 14, 17, 26, 2, 26, 24, 8, 0, 22, 24]
y_coordinates = [38, 89, 93, 82, 49, 78, 90, 77, 25, 74, 18, 90, 86, 31, 94, 74, 7, 83, 86, 67, 94, 92, 48, 22]
x_dimensions = [5, 8, 5, 20, 4, 15, 9, 7, 4, 5, 4, 4, 20, 3, 15, 11, 3, 3, 3, 3, 6, 3, 3, 3]
y_dimensions = [17, 5, 4, 4, 18, 4, 4, 4, 6, 4, 4, 3, 3, 18, 3, 3, 10, 9, 8, 7, 3, 5, 4, 3]
minimum_height = 97
----------
x_coordinates = [5, 21, 17, 6, 25, 0, 8, 18, 25, 16, 24, 13, 6, 26, 11, 15, 26, 3, 26, 26, 2, 0, 23, 7]
y_coordinates = [38, 91, 91, 82, 64, 73, 92, 63, 33, 76, 18, 89, 86, 39, 60, 63, 23, 84, 83, 57, 93, 88, 56, 89]
x_dimensions = [5, 8, 4, 20, 4, 15, 9, 7, 4, 4, 4, 4, 20, 3, 15, 3, 3, 3, 3, 3, 6, 3, 3, 3]
y_dimensions = [17, 5, 5, 4, 18, 4, 4, 4, 6, 5, 4, 3, 3, 18, 3, 11, 10, 9, 8, 7, 3, 5, 4, 3]
minimum_height = 96
----------
x_coordinates = [14, 19, 1, 6, 25, 5, 5, 22, 25, 4, 25, 19, 9, 26, 14, 8, 26, 3, 5, 19, 6, 23, 7, 26]
y_coordinates = [38, 76, 90, 81, 54, 63, 91, 72, 30, 75, 16, 53, 88, 36, 92, 75, 20, 80, 67, 69, 85, 49, 53, 84]
x_dimensions = [5, 8, 4, 20, 4, 15, 9, 7, 4, 4, 4, 4, 20, 3, 15, 11, 3, 3, 3, 3, 3, 3, 3, 3]
y_dimensions = [17, 5, 5, 4, 18, 4, 4, 4, 6, 5, 4, 3, 3, 18, 3, 3, 10, 9, 8, 7, 6, 5, 4, 3]
minimum_height = 95
----------
x_coordinates = [10, 21, 22, 8, 25, 3, 9, 22, 25, 5, 25, 3, 17, 26, 7, 11, 26, 18, 26, 0, 2, 0, 26, 0]
y_coordinates = [43, 83, 78, 90, 56, 81, 86, 74, 24, 85, 8, 77, 55, 30, 78, 75, 14, 81, 48, 72, 87, 79, 78, 84]
x_dimensions = [5, 8, 4, 20, 4, 15, 9, 7, 4, 4, 4, 4, 3, 3, 15, 11, 3, 3, 3, 3, 3, 3, 3, 3]
y_dimensions = [17, 5, 5, 4, 18, 4, 4, 4, 6, 5, 4, 3, 20, 18, 3, 3, 10, 9, 8, 7, 6, 5, 4, 3]
minimum_height = 94
----------
x_coordinates = [12, 24, 25, 20, 25, 5, 15, 16, 25, 8, 23, 16, 20, 26, 1, 2, 26, 19, 23, 13, 2, 5, 26, 12]
y_coordinates = [43, 85, 80, 69, 62, 82, 89, 75, 34, 88, 30, 86, 40, 40, 79, 76, 9, 60, 54, 72, 84, 88, 58, 88]
x_dimensions = [5, 5, 4, 4, 4, 15, 9, 4, 4, 4, 4, 4, 3, 3, 15, 11, 3, 3, 3, 3, 3, 3, 3, 3]
y_dimensions = [17, 8, 5, 20, 18, 4, 4, 7, 6, 5, 4, 3, 20, 18, 3, 3, 10, 9, 8, 7, 6, 5, 4, 3]
minimum_height = 93
----------
x_coordinates = [10, 1, 0, 25, 25, 8, 10, 4, 21, 19, 7, 4, 24, 25, 8, 15, 18, 23, 22, 1, 23, 26, 26, 26]
y_coordinates = [38, 87, 81, 38, 58, 82, 87, 75, 70, 86, 57, 84, 0, 20, 79, 76, 63, 80, 57, 74, 89, 80, 76, 85]
x_dimensions = [5, 8, 4, 4, 4, 15, 9, 4, 4, 4, 4, 4, 3, 3, 15, 11, 3, 3, 3, 3, 6, 3, 3, 3]
y_dimensions = [17, 5, 5, 20, 18, 4, 4, 7, 6, 5, 4, 3, 20, 18, 3, 3, 10, 9, 8, 7, 3, 5, 4, 3]
minimum_height = 92
----------
x_coordinates = [12, 3, 21, 22, 4, 4, 11, 25, 24, 22, 24, 19, 23, 26, 8, 10, 26, 0, 26, 1, 20, 26, 26, 0]
y_coordinates = [39, 86, 78, 36, 63, 82, 87, 76, 30, 83, 26, 83, 56, 46, 74, 77, 36, 78, 68, 71, 88, 86, 64, 87]
x_dimensions = [5, 8, 4, 4, 4, 15, 9, 4, 4, 4, 4, 3, 3, 3, 15, 11, 3, 3, 3, 3, 6, 3, 3, 3]
y_dimensions = [17, 5, 5, 20, 18, 4, 4, 7, 6, 5, 4, 4, 20, 18, 3, 3, 10, 9, 8, 7, 3, 5, 4, 3]
minimum_height = 91
----------
x_coordinates = [6, 20, 22, 20, 7, 7, 11, 21, 25, 19, 23, 4, 23, 25, 14, 10, 26, 12, 26, 4, 19, 21, 25, 19]
y_coordinates = [41, 59, 82, 39, 58, 83, 58, 78, 65, 70, 15, 85, 19, 41, 75, 80, 31, 87, 82, 74, 64, 87, 71, 67]
x_dimensions = [5, 8, 4, 4, 4, 15, 9, 7, 4, 4, 4, 3, 3, 3, 15, 11, 3, 9, 3, 3, 6, 5, 3, 3]
y_dimensions = [17, 5, 5, 20, 18, 4, 4, 4, 6, 5, 4, 4, 20, 18, 3, 3, 10, 3, 8, 7, 3, 3, 4, 3]
minimum_height = 90
----------
x_coordinates = [3, 18, 1, 5, 12, 7, 22, 0, 25, 13, 25, 8, 26, 11, 14, 3, 26, 20, 0, 2, 16, 17, 9, 23]
y_coordinates = [39, 69, 72, 56, 61, 79, 74, 77, 54, 53, 40, 76, 63, 86, 83, 83, 44, 60, 81, 56, 75, 57, 72, 66]
x_dimensions = [5, 8, 4, 4, 4, 15, 4, 7, 4, 5, 4, 4, 3, 18, 15, 11, 3, 9, 3, 3, 6, 5, 3, 3]
y_dimensions = [17, 5, 5, 20, 18, 4, 9, 4, 6, 4, 4, 3, 20, 3, 3, 3, 10, 3, 8, 7, 3, 3, 4, 3]
minimum_height = 89
----------
x_coordinates = [9, 24, 22, 5, 22, 4, 0, 4, 25, 13, 25, 9, 19, 11, 14, 3, 26, 20, 26, 26, 13, 17, 23, 26]
y_coordinates = [42, 70, 65, 56, 47, 77, 75, 81, 38, 69, 24, 73, 62, 82, 85, 85, 28, 44, 55, 63, 74, 41, 78, 79]
x_dimensions = [5, 5, 4, 4, 4, 15, 4, 7, 4, 5, 4, 4, 3, 18, 15, 11, 3, 9, 3, 3, 6, 5, 3, 3]
y_dimensions = [17, 8, 5, 20, 18, 4, 9, 4, 6, 4, 4, 3, 20, 3, 3, 3, 10, 3, 8, 7, 3, 3, 4, 3]
minimum_height = 88
----------
x_coordinates = [10, 14, 21, 8, 21, 7, 25, 3, 25, 17, 25, 18, 23, 22, 14, 20, 26, 20, 26, 24, 12, 16, 24, 20]
y_coordinates = [41, 72, 17, 60, 24, 80, 75, 79, 4, 68, 38, 77, 46, 66, 84, 55, 27, 21, 65, 10, 77, 16, 42, 45]
x_dimensions = [5, 8, 5, 4, 4, 15, 4, 4, 4, 5, 4, 4, 3, 3, 15, 3, 3, 9, 3, 3, 6, 5, 3, 3]
y_dimensions = [17, 5, 4, 20, 18, 4, 9, 7, 6, 4, 4, 3, 20, 18, 3, 11, 10, 3, 8, 7, 3, 3, 4, 3]
minimum_height = 87
----------
x_coordinates = [6, 21, 24, 24, 5, 12, 0, 9, 25, 4, 18, 19, 25, 23, 16, 22, 15, 26, 19, 25, 16, 10, 26, 13]
y_coordinates = [38, 19, 14, 24, 82, 44, 77, 78, 1, 76, 60, 76, 48, 68, 67, 57, 6, 77, 67, 7, 64, 73, 73, 74]
x_dimensions = [5, 8, 4, 4, 18, 15, 4, 7, 4, 5, 4, 4, 3, 3, 3, 3, 10, 3, 3, 3, 6, 3, 3, 3]
y_dimensions = [17, 5, 5, 20, 4, 4, 9, 4, 6, 4, 4, 3, 20, 18, 15, 11, 3, 9, 8, 7, 3, 5, 4, 3]
minimum_height = 86
----------
x_coordinates = [5, 24, 25, 25, 8, 14, 18, 0, 22, 17, 24, 12, 26, 4, 16, 23, 2, 26, 19, 5, 4, 22, 13, 9]
y_coordinates = [32, 33, 69, 13, 74, 45, 41, 77, 79, 81, 9, 68, 49, 78, 59, 57, 67, 76, 66, 71, 82, 68, 82, 70]
x_dimensions = [5, 5, 4, 4, 18, 15, 9, 4, 4, 5, 4, 4, 3, 18, 3, 3, 3, 3, 3, 3, 6, 3, 4, 3]
y_dimensions = [17, 8, 5, 20, 4, 4, 4, 7, 6, 4, 4, 3, 20, 3, 15, 11, 10, 9, 8, 7, 3, 5, 3, 3]
minimum_height = 85
----------
x_coordinates = [1, 22, 13, 25, 11, 25, 4, 1, 7, 24, 24, 4, 22, 7, 19, 17, 8, 2, 20, 5, 23, 10, 1, 7]
y_coordinates = [39, 29, 70, 37, 79, 57, 56, 80, 63, 75, 25, 60, 51, 48, 53, 68, 74, 67, 71, 73, 72, 69, 77, 70]
x_dimensions = [5, 5, 4, 4, 18, 4, 9, 7, 4, 5, 4, 4, 3, 18, 3, 3, 3, 3, 3, 3, 6, 3, 4, 3]
y_dimensions = [17, 8, 5, 20, 4, 15, 4, 4, 6, 4, 4, 3, 20, 3, 15, 11, 10, 9, 8, 7, 3, 5, 3, 3]
minimum_height = 84
----------
x_coordinates = [2, 24, 25, 23, 15, 20, 13, 1, 7, 22, 6, 3, 23, 8, 24, 21, 26, 26, 22, 12, 7, 20, 19, 4]
y_coordinates = [4, 29, 55, 2, 62, 26, 21, 79, 73, 22, 21, 76, 60, 80, 37, 41, 72, 63, 52, 73, 70, 71, 77, 71]
x_dimensions = [5, 5, 4, 4, 4, 4, 9, 7, 4, 5, 4, 4, 3, 18, 3, 3, 3, 3, 3, 3, 6, 3, 4, 3]
y_dimensions = [17, 8, 5, 20, 18, 15, 4, 4, 6, 4, 4, 3, 20, 3, 15, 11, 10, 9, 8, 7, 3, 5, 3, 3]
minimum_height = 83
----------
x_coordinates = [4, 15, 22, 25, 12, 21, 11, 1, 7, 8, 16, 8, 26, 8, 20, 23, 26, 16, 19, 5, 21, 2, 8, 2]
y_coordinates = [38, 51, 73, 32, 61, 41, 51, 78, 58, 69, 66, 66, 52, 79, 56, 62, 72, 70, 71, 70, 29, 73, 76, 68]
x_dimensions = [5, 5, 4, 4, 4, 4, 4, 7, 4, 4, 4, 4, 3, 18, 3, 3, 3, 3, 3, 3, 6, 3, 4, 3]
y_dimensions = [17, 8, 5, 20, 18, 15, 9, 4, 6, 5, 4, 3, 20, 3, 15, 11, 10, 9, 8, 7, 3, 5, 3, 3]
minimum_height = 82
----------
x_coordinates = [1, 23, 25, 24, 20, 14, 10, 12, 18, 2, 25, 22, 24, 11, 22, 19, 9, 10, 20, 6, 14, 26, 25, 9]
y_coordinates = [38, 56, 64, 32, 8, 52, 51, 69, 46, 72, 69, 29, 6, 26, 66, 68, 76, 73, 58, 72, 65, 73, 78, 70]
x_dimensions = [5, 5, 4, 4, 4, 15, 4, 7, 4, 4, 4, 4, 3, 18, 3, 3, 10, 9, 3, 3, 6, 3, 4, 3]
y_dimensions = [17, 8, 5, 20, 18, 4, 9, 4, 6, 5, 4, 3, 20, 3, 15, 11, 3, 3, 8, 7, 3, 5, 3, 3]
minimum_height = 81
----------
x_coordinates = [2, 24, 25, 25, 21, 11, 3, 22, 20, 20, 20, 4, 26, 7, 25, 23, 5, 20, 22, 14, 23, 15, 1, 19]
y_coordinates = [39, 65, 42, 2, 6, 38, 26, 73, 51, 57, 69, 61, 22, 24, 47, 27, 77, 77, 43, 74, 62, 77, 77, 63]
x_dimensions = [5, 5, 4, 4, 4, 15, 4, 7, 4, 4, 4, 4, 3, 18, 3, 3, 10, 9, 3, 7, 6, 5, 4, 3]
y_dimensions = [17, 8, 5, 20, 18, 4, 9, 4, 6, 5, 4, 3, 20, 3, 15, 11, 3, 3, 8, 3, 3, 3, 3, 3]
minimum_height = 80
----------
x_coordinates = [12, 21, 18, 25, 18, 17, 11, 19, 25, 4, 25, 11, 26, 22, 25, 7, 8, 19, 21, 18, 26, 24, 15, 25]
y_coordinates = [38, 33, 62, 2, 15, 47, 63, 41, 66, 71, 75, 72, 22, 54, 48, 60, 75, 67, 46, 76, 42, 72, 71, 63]
x_dimensions = [5, 5, 4, 4, 4, 4, 4, 7, 4, 4, 4, 4, 3, 3, 3, 3, 10, 3, 3, 7, 3, 5, 4, 3]
y_dimensions = [17, 8, 5, 20, 18, 15, 9, 4, 6, 5, 4, 3, 20, 18, 15, 11, 3, 9, 8, 3, 6, 3, 3, 3]
minimum_height = 79
----------
x_coordinates = [13, 14, 25, 9, 15, 20, 15, 13, 25, 6, 19, 12, 25, 0, 26, 3, 12, 22, 23, 10, 5, 17, 16, 24]
y_coordinates = [34, 51, 61, 45, 16, 54, 59, 68, 71, 73, 50, 12, 26, 60, 46, 65, 72, 69, 46, 75, 49, 75, 13, 66]
x_dimensions = [5, 5, 4, 4, 4, 4, 4, 7, 4, 4, 4, 4, 3, 3, 3, 3, 10, 3, 3, 7, 3, 5, 4, 3]
y_dimensions = [17, 8, 5, 20, 18, 15, 9, 4, 6, 5, 4, 3, 20, 18, 15, 11, 3, 9, 8, 3, 6, 3, 3, 3]
minimum_height = 78
----------
x_coordinates = [5, 16, 21, 21, 17, 25, 1, 19, 1, 6, 13, 15, 25, 9, 18, 6, 13, 26, 20, 7, 22, 14, 12, 23]
y_coordinates = [37, 29, 64, 16, 11, 33, 30, 73, 73, 28, 66, 8, 48, 56, 55, 62, 70, 68, 47, 74, 36, 74, 28, 69]
x_dimensions = [17, 5, 4, 4, 4, 4, 4, 7, 6, 4, 4, 4, 3, 3, 3, 3, 10, 3, 3, 7, 3, 5, 4, 3]
y_dimensions = [5, 8, 5, 20, 18, 15, 9, 4, 4, 5, 4, 3, 20, 18, 15, 11, 3, 9, 8, 3, 6, 3, 3, 3]
minimum_height = 77
----------
x_coordinates = [10, 5, 25, 13, 12, 25, 17, 22, 25, 24, 21, 9, 26, 9, 23, 26, 16, 17, 20, 15, 15, 24, 21, 25]
y_coordinates = [35, 50, 17, 15, 57, 40, 29, 36, 30, 22, 50, 29, 56, 58, 55, 6, 73, 70, 54, 39, 51, 27, 31, 3]
x_dimensions = [5, 5, 4, 4, 4, 4, 4, 7, 4, 4, 4, 4, 3, 3, 3, 3, 10, 9, 3, 7, 3, 5, 4, 3]
y_dimensions = [17, 8, 5, 20, 18, 15, 9, 4, 6, 5, 4, 3, 20, 18, 15, 11, 3, 3, 8, 3, 6, 3, 3, 3]
minimum_height = 76
----------
x_coordinates = [9, 0, 24, 6, 15, 25, 5, 21, 14, 21, 25, 13, 26, 18, 3, 11, 19, 20, 22, 2, 18, 13, 10, 24]
y_coordinates = [35, 49, 31, 55, 27, 56, 46, 57, 63, 70, 71, 52, 36, 57, 57, 64, 25, 28, 49, 43, 51, 55, 54, 22]
x_dimensions = [5, 5, 4, 4, 4, 4, 4, 4, 4, 4, 4, 4, 3, 3, 3, 3, 10, 9, 3, 7, 3, 5, 3, 3]
y_dimensions = [17, 8, 5, 20, 18, 15, 9, 7, 6, 5, 4, 3, 20, 18, 15, 11, 3, 3, 8, 3, 6, 3, 4, 3]
minimum_height = 75
----------
x_coordinates = [14, 13, 25, 17, 21, 2, 9, 22, 25, 22, 20, 18, 6, 11, 12, 25, 17, 13, 26, 7, 9, 18, 23, 5]
y_coordinates = [36, 63, 8, 16, 37, 57, 64, 61, 38, 69, 9, 63, 54, 58, 55, 44, 13, 71, 66, 43, 52, 66, 65, 40]
x_dimensions = [5, 5, 4, 4, 4, 4, 4, 7, 4, 4, 4, 4, 3, 18, 15, 3, 10, 9, 3, 7, 3, 5, 3, 3]
y_dimensions = [17, 8, 5, 20, 18, 15, 9, 4, 6, 5, 4, 3, 20, 3, 3, 11, 3, 3, 8, 3, 6, 3, 4, 3]
minimum_height = 74
----------
x_coordinates = [14, 22, 23, 18, 22, 0, 19, 25, 0, 24, 23, 24, 6, 7, 6, 3, 19, 15, 16, 0, 20, 22, 22, 4]
y_coordinates = [35, 31, 45, 15, 13, 69, 42, 61, 59, 68, 50, 42, 38, 64, 59, 41, 39, 70, 67, 66, 51, 57, 60, 63]
x_dimensions = [5, 5, 4, 4, 4, 15, 4, 4, 4, 4, 4, 4, 3, 18, 15, 3, 10, 9, 8, 7, 3, 5, 3, 3]
y_dimensions = [17, 8, 5, 20, 18, 4, 9, 7, 6, 5, 4, 3, 20, 3, 3, 11, 3, 3, 3, 3, 6, 3, 4, 3]
minimum_height = 73
----------
x_coordinates = [14, 23, 21, 15, 20, 6, 24, 25, 23, 24, 20, 25, 3, 8, 10, 12, 19, 20, 0, 20, 18, 23, 26, 24]
y_coordinates = [35, 26, 64, 15, 0, 65, 49, 61, 37, 21, 56, 58, 48, 69, 60, 20, 18, 43, 69, 46, 53, 34, 68, 15]
x_dimensions = [5, 5, 4, 4, 4, 15, 4, 4, 4, 4, 4, 4, 3, 18, 15, 3, 10, 9, 8, 7, 6, 5, 3, 3]
y_dimensions = [17, 8, 5, 20, 18, 4, 9, 7, 6, 5, 4, 3, 20, 3, 3, 11, 3, 3, 3, 3, 3, 3, 4, 3]
minimum_height = 72
----------
x_coordinates = [13, 23, 11, 10, 22, 5, 20, 22, 23, 25, 23, 25, 2, 9, 10, 26, 17, 9, 2, 18, 24, 15, 8, 17]
y_coordinates = [5, 35, 63, 22, 14, 59, 55, 64, 4, 43, 51, 68, 46, 48, 68, 21, 32, 42, 68, 44, 58, 63, 63, 2]
x_dimensions = [5, 5, 4, 4, 4, 15, 4, 7, 4, 4, 4, 4, 3, 18, 15, 3, 10, 9, 8, 7, 3, 5, 3, 3]
y_dimensions = [17, 8, 5, 20, 18, 4, 9, 4, 6, 5, 4, 3, 20, 3, 3, 11, 3, 3, 3, 3, 6, 3, 4, 3]
minimum_height = 71
----------
x_coordinates = [10, 22, 3, 7, 23, 2, 20, 21, 5, 11, 17, 22, 11, 13, 14, 0, 14, 15, 16, 14, 26, 17, 20, 10]
y_coordinates = [4, 38, 49, 37, 20, 64, 53, 66, 60, 59, 65, 63, 39, 21, 50, 57, 47, 53, 36, 44, 60, 62, 34, 34]
x_dimensions = [5, 5, 4, 4, 4, 15, 4, 7, 6, 4, 4, 4, 3, 3, 15, 11, 10, 3, 3, 7, 3, 5, 3, 3]
y_dimensions = [17, 8, 5, 20, 18, 4, 9, 4, 4, 5, 4, 3, 20, 18, 3, 3, 3, 9, 8, 3, 6, 3, 4, 3]
minimum_height = 70
----------
x_coordinates = [14, 24, 2, 19, 21, 2, 22, 17, 6, 12, 18, 2, 13, 12, 26, 1, 16, 16, 23, 6, 19, 24, 16, 10]
y_coordinates = [4, 43, 54, 33, 11, 65, 53, 65, 58, 60, 29, 59, 40, 22, 51, 62, 62, 53, 35, 50, 56, 66, 25, 55]
x_dimensions = [5, 5, 4, 4, 4, 15, 4, 7, 6, 4, 4, 4, 3, 3, 3, 11, 10, 3, 3, 7, 3, 5, 3, 3]
y_dimensions = [17, 8, 5, 20, 18, 4, 9, 4, 4, 5, 4, 3, 20, 18, 15, 3, 3, 9, 8, 3, 6, 3, 4, 3]
minimum_height = 69
----------
x_coordinates = [13, 16, 1, 25, 21, 0, 25, 25, 21, 15, 18, 11, 12, 14, 26, 1, 15, 19, 23, 5, 22, 4, 22, 11]
y_coordinates = [24, 47, 53, 23, 30, 61, 58, 12, 19, 63, 15, 65, 41, 6, 43, 58, 56, 59, 48, 54, 62, 65, 15, 18]
x_dimensions = [5, 5, 4, 4, 4, 15, 4, 4, 6, 4, 4, 4, 3, 3, 3, 11, 10, 3, 3, 7, 3, 5, 3, 3]
y_dimensions = [17, 8, 5, 20, 18, 4, 9, 7, 4, 5, 4, 3, 20, 18, 15, 3, 3, 9, 8, 3, 6, 3, 4, 3]
minimum_height = 68
----------
x_coordinates = [10, 24, 3, 7, 22, 13, 25, 24, 6, 18, 20, 13, 12, 14, 26, 1, 15, 24, 17, 7, 22, 1, 24, 11]
y_coordinates = [9, 20, 54, 39, 39, 5, 58, 28, 63, 62, 34, 64, 44, 26, 43, 59, 57, 11, 34, 27, 61, 64, 35, 41]
x_dimensions = [5, 5, 4, 4, 4, 15, 4, 4, 6, 4, 4, 4, 3, 3, 3, 11, 10, 3, 3, 7, 3, 5, 3, 3]
y_dimensions = [17, 8, 5, 20, 18, 4, 9, 7, 4, 5, 4, 3, 20, 18, 15, 3, 3, 9, 8, 3, 6, 3, 4, 3]
minimum_height = 67
----------
x_coordinates = [13, 4, 12, 16, 25, 14, 2, 24, 6, 12, 24, 24, 22, 20, 18, 5, 19, 16, 24, 8, 24, 0, 26, 17]
y_coordinates = [1, 46, 53, 37, 40, 20, 54, 13, 59, 58, 9, 29, 42, 24, 4, 63, 62, 57, 32, 41, 3, 63, 58, 31]
x_dimensions = [5, 5, 4, 4, 4, 15, 4, 4, 6, 4, 4, 4, 3, 3, 3, 11, 10, 3, 3, 7, 3, 5, 3, 3]
y_dimensions = [17, 8, 5, 20, 18, 4, 9, 7, 4, 5, 4, 3, 20, 18, 15, 3, 3, 9, 8, 3, 6, 3, 4, 3]
minimum_height = 66
----------
x_coordinates = [13, 7, 13, 2, 21, 10, 4, 25, 8, 14, 0, 0, 26, 20, 24, 18, 20, 18, 24, 13, 23, 3, 0, 18]
y_coordinates = [7, 18, 55, 24, 41, 37, 53, 36, 61, 60, 54, 58, 43, 19, 10, 6, 9, 56, 25, 24, 59, 62, 61, 53]
x_dimensions = [5, 5, 4, 4, 4, 15, 4, 4, 6, 4, 4, 4, 3, 3, 3, 11, 3, 3, 3, 7, 3, 5, 3, 3]
y_dimensions = [17, 8, 5, 20, 18, 4, 9, 7, 4, 5, 4, 3, 20, 18, 15, 3, 10, 9, 8, 3, 6, 3, 4, 3]
minimum_height = 65
----------
x_coordinates = [14, 6, 18, 11, 22, 10, 3, 25, 10, 19, 2, 2, 26, 21, 15, 18, 26, 16, 24, 19, 7, 2, 0, 23]
y_coordinates = [16, 43, 50, 40, 41, 33, 55, 27, 60, 59, 51, 43, 44, 15, 40, 12, 34, 55, 19, 43, 58, 32, 60, 61]
x_dimensions = [5, 5, 4, 4, 4, 15, 4, 4, 6, 4, 4, 4, 3, 3, 3, 11, 3, 3, 3, 3, 3, 5, 3, 3]
y_dimensions = [17, 8, 5, 20, 18, 4, 9, 7, 4, 5, 4, 3, 20, 18, 15, 3, 10, 9, 8, 7, 6, 3, 4, 3]
minimum_height = 64
----------
x_coordinates = [11, 17, 3, 16, 22, 6, 10, 25, 10, 14, 23, 18, 26, 20, 16, 13, 25, 19, 25, 19, 21, 21, 21, 7]
y_coordinates = [21, 46, 58, 22, 45, 42, 53, 36, 38, 59, 17, 4, 43, 21, 7, 1, 0, 54, 21, 14, 39, 11, 7, 60]
x_dimensions = [5, 5, 4, 4, 4, 15, 4, 4, 6, 5, 4, 4, 3, 3, 3, 11, 3, 3, 3, 7, 3, 5, 3, 3]
y_dimensions = [17, 8, 5, 20, 18, 4, 9, 7, 4, 4, 4, 3, 20, 18, 15, 3, 10, 9, 8, 3, 6, 3, 4, 3]
minimum_height = 63
----------
x_coordinates = [14, 21, 13, 17, 25, 5, 17, 18, 11, 14, 19, 21, 2, 26, 23, 6, 21, 20, 4, 11, 22, 0, 20, 24]
y_coordinates = [21, 17, 16, 1, 41, 38, 53, 42, 55, 44, 29, 14, 49, 23, 26, 59, 52, 33, 28, 24, 46, 40, 25, 59]
x_dimensions = [5, 5, 4, 4, 4, 15, 4, 4, 6, 4, 4, 4, 20, 3, 3, 11, 3, 3, 3, 3, 3, 5, 3, 3]
y_dimensions = [17, 8, 5, 20, 18, 4, 9, 7, 4, 5, 4, 3, 3, 18, 15, 3, 10, 9, 8, 7, 6, 3, 4, 3]
minimum_height = 62
----------
x_coordinates = [5, 9, 25, 5, 7, 10, 24, 3, 22, 22, 21, 22, 3, 2, 0, 18, 13, 23, 25, 18, 26, 25, 24, 6]
y_coordinates = [29, 21, 12, 9, 48, 44, 17, 47, 26, 8, 34, 5, 55, 27, 45, 2, 58, 52, 34, 28, 51, 44, 30, 58]
x_dimensions = [5, 5, 4, 4, 18, 15, 4, 4, 6, 5, 4, 4, 20, 3, 3, 11, 10, 3, 3, 3, 3, 3, 3, 3]
y_dimensions = [17, 8, 5, 20, 4, 4, 9, 7, 4, 4, 4, 3, 3, 18, 15, 3, 3, 9, 8, 7, 6, 5, 4, 3]
minimum_height = 61
----------
x_coordinates = [11, 14, 2, 19, 5, 3, 17, 18, 11, 6, 4, 7, 26, 0, 23, 16, 8, 22, 16, 6, 23, 26, 4, 3]
y_coordinates = [29, 21, 36, 26, 46, 50, 12, 50, 17, 35, 54, 40, 35, 42, 36, 9, 54, 51, 34, 28, 30, 55, 41, 33]
x_dimensions = [5, 5, 4, 4, 18, 15, 4, 4, 6, 4, 4, 4, 3, 3, 3, 11, 10, 3, 3, 3, 3, 3, 3, 3]
y_dimensions = [17, 8, 5, 20, 4, 4, 9, 7, 4, 5, 4, 3, 20, 18, 15, 3, 3, 9, 8, 7, 6, 5, 4, 3]
minimum_height = 60
----------
x_coordinates = [12, 15, 7, 20, 8, 7, 21, 21, 20, 8, 25, 22, 1, 2, 26, 1, 8, 25, 17, 5, 2, 5, 18, 17]
y_coordinates = [27, 18, 18, 23, 48, 44, 10, 52, 19, 39, 53, 43, 56, 32, 38, 29, 53, 29, 36, 36, 50, 49, 52, 31]
x_dimensions = [5, 5, 4, 4, 18, 15, 4, 4, 6, 4, 4, 4, 20, 3, 3, 11, 10, 3, 3, 7, 3, 3, 3, 3]
y_dimensions = [17, 8, 5, 20, 4, 4, 9, 7, 4, 5, 4, 3, 3, 18, 15, 3, 3, 9, 8, 3, 6, 5, 4, 3]
minimum_height = 59
----------
x_coordinates = [14, 18, 22, 21, 11, 7, 2, 22, 10, 25, 17, 23, 6, 4, 26, 18, 26, 26, 1, 14, 24, 16, 19, 25]
y_coordinates = [21, 13, 8, 23, 54, 45, 53, 47, 12, 20, 38, 43, 5, 35, 39, 1, 4, 30, 41, 42, 14, 49, 50, 27]
x_dimensions = [5, 5, 4, 4, 18, 15, 9, 4, 6, 4, 4, 3, 20, 3, 3, 11, 3, 3, 3, 7, 3, 3, 3, 3]
y_dimensions = [17, 8, 5, 20, 4, 4, 4, 7, 4, 5, 4, 4, 3, 18, 15, 3, 10, 9, 8, 3, 6, 5, 4, 3]
minimum_height = 58
----------
x_coordinates = [13, 5, 8, 25, 0, 9, 20, 24, 8, 4, 18, 8, 10, 1, 24, 14, 5, 24, 22, 15, 7, 18, 21, 8]
y_coordinates = [27, 29, 4, 30, 53, 48, 29, 50, 13, 49, 39, 37, 17, 35, 6, 2, 45, 21, 40, 44, 20, 52, 52, 42]
x_dimensions = [5, 5, 4, 4, 18, 15, 4, 4, 6, 5, 4, 4, 3, 3, 3, 11, 10, 3, 3, 7, 3, 3, 3, 3]
y_dimensions = [17, 8, 5, 20, 4, 4, 9, 7, 4, 4, 4, 3, 20, 18, 15, 3, 3, 9, 8, 3, 6, 5, 4, 3]
minimum_height = 57
----------
x_coordinates = [14, 20, 9, 3, 11, 12, 23, 25, 18, 8, 19, 16, 13, 4, 26, 0, 3, 5, 26, 0, 11, 2, 2, 16]
y_coordinates = [8, 33, 37, 49, 25, 0, 45, 38, 41, 42, 45, 38, 29, 53, 10, 24, 46, 37, 30, 47, 19, 37, 42, 45]
x_dimensions = [5, 5, 4, 20, 18, 15, 4, 4, 6, 5, 4, 4, 3, 18, 3, 11, 10, 3, 3, 3, 3, 3, 3, 3]
y_dimensions = [17, 8, 5, 4, 4, 4, 9, 7, 4, 4, 4, 3, 20, 3, 15, 3, 3, 9, 8, 7, 6, 5, 4, 3]
minimum_height = 56
----------
x_coordinates = [14, 7, 10, 0, 2, 10, 25, 3, 23, 12, 21, 16, 20, 10, 26, 11, 11, 23, 15, 4, 19, 9, 0, 21]
y_coordinates = [10, 35, 22, 48, 30, 6, 46, 40, 42, 42, 51, 42, 31, 3, 27, 27, 52, 29, 34, 52, 21, 43, 52, 18]
x_dimensions = [5, 5, 4, 20, 18, 15, 4, 4, 6, 4, 4, 4, 3, 18, 3, 11, 10, 3, 3, 7, 3, 3, 4, 3]
y_dimensions = [17, 8, 5, 4, 4, 4, 9, 7, 4, 5, 4, 3, 20, 3, 15, 3, 3, 9, 8, 3, 6, 5, 3, 3]
minimum_height = 55
----------
x_coordinates = [14, 17, 14, 8, 7, 3, 24, 0, 9, 15, 22, 21, 26, 7, 4, 18, 8, 22, 14, 1, 25, 19, 6, 23]
y_coordinates = [4, 25, 37, 50, 33, 21, 12, 42, 43, 42, 46, 40, 30, 1, 28, 21, 47, 24, 25, 49, 24, 45, 43, 43]
x_dimensions = [5, 5, 4, 20, 18, 15, 4, 4, 6, 4, 4, 4, 3, 18, 3, 11, 10, 3, 3, 7, 3, 3, 3, 3]
y_dimensions = [17, 8, 5, 4, 4, 4, 9, 7, 4, 5, 4, 3, 20, 3, 15, 3, 3, 9, 8, 3, 6, 5, 4, 3]
minimum_height = 54
----------
x_coordinates = [14, 24, 17, 1, 6, 5, 25, 25, 19, 25, 23, 24, 2, 7, 3, 20, 19, 21, 23, 22, 18, 26, 21, 18]
y_coordinates = [17, 33, 38, 46, 34, 13, 8, 26, 29, 44, 4, 41, 50, 10, 25, 18, 1, 39, 18, 49, 4, 17, 14, 43]
x_dimensions = [5, 5, 4, 20, 18, 15, 4, 4, 6, 4, 4, 4, 20, 18, 3, 3, 10, 3, 3, 7, 3, 3, 3, 3]
y_dimensions = [17, 8, 5, 4, 4, 4, 9, 7, 4, 5, 4, 3, 3, 3, 15, 11, 3, 9, 8, 3, 6, 5, 4, 3]
minimum_height = 53
----------
x_coordinates = [14, 24, 16, 4, 7, 9, 25, 25, 20, 16, 21, 16, 3, 7, 0, 23, 19, 26, 24, 6, 20, 26, 4, 20]
y_coordinates = [6, 1, 39, 28, 35, 2, 17, 34, 10, 47, 19, 44, 32, 23, 22, 41, 14, 43, 26, 49, 40, 9, 22, 46]
x_dimensions = [5, 5, 4, 20, 18, 15, 4, 4, 6, 4, 4, 4, 3, 18, 3, 3, 10, 3, 3, 7, 3, 3, 3, 3]
y_dimensions = [17, 8, 5, 4, 4, 4, 9, 7, 4, 5, 4, 3, 20, 3, 15, 11, 3, 9, 8, 3, 6, 5, 4, 3]
minimum_height = 52
----------
x_coordinates = [14, 6, 17, 2, 10, 7, 21, 3, 22, 25, 22, 23, 0, 11, 26, 23, 20, 3, 25, 22, 21, 1, 4, 25]
y_coordinates = [6, 43, 46, 2, 38, 24, 14, 35, 3, 18, 23, 7, 31, 42, 23, 27, 28, 42, 10, 0, 45, 22, 22, 48]
x_dimensions = [5, 5, 4, 20, 18, 15, 4, 4, 6, 4, 4, 4, 3, 18, 3, 3, 3, 3, 3, 7, 3, 3, 3, 3]
y_dimensions = [17, 8, 5, 4, 4, 4, 9, 7, 4, 5, 4, 3, 20, 3, 15, 11, 10, 9, 8, 3, 6, 5, 4, 3]
minimum_height = 51
----------
x_coordinates = [14, 24, 22, 0, 3, 7, 20, 17, 22, 20, 25, 25, 0, 4, 26, 21, 23, 20, 17, 0, 26, 20, 19, 21]
y_coordinates = [8, 36, 45, 4, 43, 0, 25, 36, 0, 7, 32, 11, 33, 47, 17, 34, 15, 4, 25, 1, 44, 16, 21, 12]
x_dimensions = [5, 5, 4, 20, 18, 15, 4, 4, 6, 4, 4, 4, 20, 18, 3, 3, 3, 9, 3, 7, 3, 3, 3, 3]
y_dimensions = [17, 8, 5, 4, 4, 4, 9, 7, 4, 5, 4, 3, 3, 3, 15, 11, 10, 3, 8, 3, 6, 5, 4, 3]
minimum_height = 50
----------
x_coordinates = [2, 24, 22, 0, 6, 7, 1, 20, 23, 5, 23, 8, 0, 10, 22, 3, 20, 11, 26, 16, 23, 10, 26, 26]
y_coordinates = [4, 37, 20, 22, 42, 18, 26, 35, 1, 30, 31, 38, 35, 46, 5, 38, 25, 39, 16, 1, 25, 30, 27, 24]
x_dimensions = [5, 5, 4, 20, 18, 15, 4, 4, 6, 4, 4, 3, 20, 18, 3, 3, 3, 9, 3, 7, 3, 3, 3, 3]
y_dimensions = [17, 8, 5, 4, 4, 4, 9, 7, 4, 5, 4, 4, 3, 3, 15, 11, 10, 3, 8, 3, 6, 5, 4, 3]
minimum_height = 49
----------
x_coordinates = [7, 0, 22, 1, 7, 10, 12, 25, 14, 12, 25, 21, 5, 21, 16, 4, 26, 20, 24, 11, 13, 23, 26, 19]
y_coordinates = [20, 39, 28, 19, 44, 40, 17, 39, 6, 26, 35, 33, 37, 10, 22, 8, 25, 7, 17, 14, 31, 2, 3, 30]
x_dimensions = [5, 5, 4, 4, 18, 15, 4, 4, 6, 4, 4, 3, 20, 3, 3, 3, 3, 9, 3, 7, 3, 3, 3, 3]
y_dimensions = [17, 8, 5, 20, 4, 4, 9, 7, 4, 5, 4, 4, 3, 18, 15, 11, 10, 3, 8, 3, 6, 5, 4, 3]
minimum_height = 48
----------
x_coordinates = [9, 4, 21, 5, 11, 13, 14, 1, 25, 17, 25, 26, 6, 22, 18, 19, 15, 10, 2, 22, 26, 1, 4, 15]
y_coordinates = [21, 42, 34, 19, 0, 43, 17, 34, 16, 8, 33, 29, 39, 4, 24, 13, 26, 14, 25, 23, 37, 41, 15, 36]
x_dimensions = [5, 8, 4, 4, 18, 15, 4, 4, 4, 4, 4, 3, 20, 3, 3, 3, 3, 9, 3, 7, 3, 3, 3, 3]
y_dimensions = [17, 5, 5, 20, 4, 4, 9, 7, 6, 5, 4, 4, 3, 18, 15, 11, 10, 3, 8, 3, 6, 5, 4, 3]
minimum_height = 47
----------
x_coordinates = [10, 1, 25, 6, 7, 8, 15, 18, 21, 17, 2, 21, 9, 25, 22, 19, 26, 17, 3, 26, 15, 12, 3, 9]
y_coordinates = [21, 41, 38, 20, 8, 4, 27, 36, 16, 17, 37, 12, 43, 3, 27, 25, 28, 22, 24, 21, 37, 38, 20, 40]
x_dimensions = [5, 8, 4, 4, 18, 15, 4, 4, 4, 4, 4, 3, 20, 3, 3, 3, 3, 9, 3, 3, 3, 3, 3, 3]
y_dimensions = [17, 5, 5, 20, 4, 4, 9, 7, 6, 5, 4, 4, 3, 18, 15, 11, 10, 3, 8, 7, 6, 5, 4, 3]
minimum_height = 46
----------
x_coordinates = [14, 2, 3, 10, 8, 9, 19, 19, 6, 2, 3, 22, 9, 26, 23, 20, 26, 26, 23, 22, 0, 7, 3, 16]
y_coordinates = [21, 31, 40, 22, 7, 3, 26, 35, 25, 26, 36, 11, 42, 5, 25, 15, 32, 23, 17, 0, 39, 37, 22, 39]
x_dimensions = [5, 8, 4, 4, 18, 15, 4, 4, 4, 4, 4, 3, 20, 3, 3, 3, 3, 3, 3, 7, 3, 3, 3, 3]
y_dimensions = [17, 5, 5, 20, 4, 4, 9, 7, 6, 5, 4, 4, 3, 18, 15, 11, 10, 9, 8, 3, 6, 5, 4, 3]
minimum_height = 45
----------
x_coordinates = [14, 13, 9, 22, 1, 5, 21, 21, 1, 2, 9, 26, 7, 5, 26, 19, 6, 19, 25, 15, 3, 25, 8, 26]
y_coordinates = [21, 39, 35, 5, 7, 3, 28, 37, 24, 33, 40, 5, 0, 15, 10, 7, 34, 25, 28, 18, 38, 36, 27, 41]
x_dimensions = [5, 8, 4, 4, 18, 15, 4, 4, 4, 4, 4, 3, 20, 3, 3, 3, 3, 9, 3, 7, 3, 3, 3, 3]
y_dimensions = [17, 5, 5, 20, 4, 4, 9, 7, 6, 5, 4, 4, 3, 18, 15, 11, 10, 3, 8, 3, 6, 5, 4, 3]
minimum_height = 44
----------
x_coordinates = [14, 21, 16, 10, 0, 3, 21, 22, 3, 9, 18, 26, 9, 4, 25, 23, 20, 15, 13, 17, 22, 26, 7, 9]
y_coordinates = [8, 31, 33, 14, 24, 4, 15, 39, 17, 38, 37, 5, 1, 23, 16, 4, 5, 28, 35, 25, 36, 11, 22, 35]
x_dimensions = [5, 8, 5, 4, 4, 15, 4, 7, 4, 4, 4, 3, 20, 3, 3, 3, 3, 9, 3, 7, 6, 3, 3, 3]
y_dimensions = [17, 5, 4, 20, 18, 4, 9, 4, 6, 5, 4, 4, 3, 18, 15, 11, 10, 3, 8, 3, 3, 5, 4, 3]
minimum_height = 43
----------
x_coordinates = [14, 13, 25, 19, 1, 4, 24, 2, 19, 9, 21, 23, 11, 8, 26, 23, 16, 16, 17, 4, 25, 26, 5, 5]
y_coordinates = [10, 34, 37, 1, 6, 2, 7, 38, 21, 37, 35, 3, 14, 19, 16, 16, 27, 30, 39, 15, 31, 2, 20, 35]
x_dimensions = [5, 8, 4, 4, 18, 15, 4, 7, 4, 4, 4, 3, 3, 3, 3, 3, 10, 9, 8, 7, 3, 3, 3, 3]
y_dimensions = [17, 5, 5, 20, 4, 4, 9, 4, 6, 5, 4, 4, 20, 18, 15, 11, 3, 3, 3, 3, 6, 5, 4, 3]
minimum_height = 42
----------
x_coordinates = [14, 10, 25, 22, 1, 7, 0, 4, 19, 0, 21, 26, 11, 5, 8, 26, 17, 18, 19, 19, 26, 26, 25, 19]
y_coordinates = [9, 35, 36, 2, 5, 0, 25, 31, 22, 34, 35, 2, 15, 13, 20, 6, 26, 32, 8, 29, 30, 17, 22, 19]
x_dimensions = [5, 8, 4, 4, 18, 15, 4, 4, 6, 4, 4, 3, 3, 3, 3, 3, 10, 3, 3, 7, 3, 3, 3, 3]
y_dimensions = [17, 5, 5, 20, 4, 4, 9, 7, 4, 5, 4, 4, 20, 18, 15, 11, 3, 9, 8, 3, 6, 5, 4, 3]
minimum_height = 41
----------
x_coordinates = [14, 13, 25, 20, 2, 5, 14, 21, 20, 9, 25, 3, 11, 8, 2, 5, 19, 24, 4, 18, 26, 26, 26, 6]
y_coordinates = [8, 35, 31, 3, 4, 0, 25, 33, 23, 35, 36, 36, 15, 17, 21, 21, 27, 13, 12, 30, 7, 2, 22, 35]
x_dimensions = [5, 8, 4, 4, 18, 15, 4, 4, 6, 4, 4, 3, 3, 3, 3, 3, 10, 3, 3, 7, 3, 3, 3, 3]
y_dimensions = [17, 5, 5, 20, 4, 4, 9, 7, 4, 5, 4, 4, 20, 18, 15, 11, 3, 9, 8, 3, 6, 5, 4, 3]
minimum_height = 40
----------
x_coordinates = [14, 9, 24, 21, 3, 4, 0, 22, 23, 4, 25, 20, 0, 8, 11, 6, 14, 25, 26, 17, 26, 18, 26, 1]
y_coordinates = [3, 31, 35, 6, 20, 5, 29, 26, 0, 35, 4, 2, 7, 2, 5, 24, 36, 14, 23, 33, 8, 25, 31, 4]
x_dimensions = [5, 8, 5, 4, 18, 4, 4, 4, 6, 5, 4, 3, 3, 3, 3, 3, 10, 3, 3, 7, 3, 3, 3, 3]
y_dimensions = [17, 5, 4, 20, 4, 15, 9, 7, 4, 4, 4, 4, 20, 18, 15, 11, 3, 9, 8, 3, 6, 5, 4, 3]
minimum_height = 39
----------
x_coordinates = [14, 7, 3, 22, 4, 7, 6, 25, 23, 7, 22, 20, 0, 11, 3, 19, 15, 26, 1, 18, 0, 18, 26, 19]
y_coordinates = [7, 33, 33, 7, 24, 0, 15, 31, 27, 10, 0, 28, 29, 6, 6, 13, 32, 14, 21, 35, 32, 4, 23, 10]
x_dimensions = [5, 8, 4, 4, 18, 15, 4, 4, 6, 4, 4, 3, 20, 3, 3, 3, 10, 3, 3, 7, 3, 5, 3, 3]
y_dimensions = [17, 5, 5, 20, 4, 4, 9, 7, 4, 5, 4, 4, 3, 18, 15, 11, 3, 9, 8, 3, 6, 3, 4, 3]
minimum_height = 38
----------
x_coordinates = [14, 16, 1, 22, 4, 10, 0, 24, 25, 10, 12, 26, 9, 19, 7, 5, 15, 26, 1, 9, 3, 4, 26, 22]
y_coordinates = [4, 32, 32, 7, 22, 5, 23, 30, 0, 0, 30, 6, 27, 4, 7, 26, 1, 14, 15, 34, 9, 17, 23, 4]
x_dimensions = [5, 8, 4, 4, 18, 4, 4, 4, 4, 4, 4, 3, 20, 3, 3, 3, 10, 3, 3, 7, 3, 3, 3, 3]
y_dimensions = [17, 5, 5, 20, 4, 15, 9, 7, 6, 5, 4, 4, 3, 18, 15, 11, 3, 9, 8, 3, 6, 5, 4, 3]
minimum_height = 37
----------
x_coordinates = [14, 24, 4, 25, 2, 9, 7, 25, 3, 20, 21, 22, 0, 19, 11, 8, 22, 1, 4, 18, 1, 11, 0, 22]
y_coordinates = [8, 28, 16, 8, 32, 25, 5, 1, 23, 31, 3, 20, 29, 7, 10, 14, 7, 14, 8, 0, 8, 5, 24, 17]
x_dimensions = [5, 5, 4, 4, 18, 15, 4, 4, 4, 4, 4, 3, 20, 3, 3, 3, 3, 3, 3, 7, 3, 3, 3, 3]
y_dimensions = [17, 8, 5, 20, 4, 4, 9, 7, 6, 5, 4, 4, 3, 18, 15, 11, 10, 9, 8, 3, 6, 5, 4, 3]
minimum_height = 36
----------
x_coordinates = [14, 21, 0, 25, 3, 7, 7, 15, 0, 21, 25, 22, 1, 11, 8, 22, 19, 4, 3, 0, 5, 21, 1, 19]
y_coordinates = [7, 30, 19, 9, 31, 24, 0, 0, 13, 5, 5, 10, 28, 6, 9, 19, 2, 18, 4, 1, 12, 14, 24, 11]
x_dimensions = [5, 8, 4, 4, 18, 15, 4, 4, 4, 4, 4, 3, 20, 3, 3, 3, 10, 3, 3, 7, 3, 3, 3, 3]
y_dimensions = [17, 5, 5, 20, 4, 4, 9, 7, 6, 5, 4, 4, 3, 18, 15, 11, 3, 9, 8, 3, 6, 5, 4, 3]
minimum_height = 35
----------
x_coordinates = [14, 17, 17, 24, 0, 3, 4, 1, 3, 25, 7, 11, 9, 21, 11, 8, 18, 5, 5, 14, 8, 11, 0, 20]
y_coordinates = [14, 4, 9, 11, 4, 0, 8, 22, 30, 6, 4, 22, 31, 10, 4, 8, 1, 19, 22, 7, 24, 26, 29, 28]
x_dimensions = [5, 8, 4, 4, 4, 15, 4, 4, 6, 4, 4, 3, 20, 3, 3, 3, 10, 9, 3, 3, 3, 3, 3, 3]
y_dimensions = [17, 5, 5, 20, 18, 4, 9, 7, 4, 5, 4, 4, 3, 18, 15, 11, 3, 3, 8, 7, 6, 5, 4, 3]
minimum_height = 34
----------
x_coordinates = [14, 21, 21, 25, 0, 4, 1, 10, 5, 0, 7, 1, 1, 22, 19, 4, 19, 5, 11, 7, 1, 18, 25, 19]
y_coordinates = [15, 5, 10, 13, 9, 2, 24, 15, 26, 19, 22, 2, 6, 15, 18, 13, 2, 30, 22, 13, 13, 9, 10, 15]
x_dimensions = [5, 8, 4, 4, 18, 15, 4, 4, 6, 4, 4, 3, 20, 3, 3, 3, 10, 9, 3, 3, 3, 3, 4, 3]
y_dimensions = [17, 5, 5, 20, 4, 4, 9, 7, 4, 5, 4, 4, 3, 18, 15, 11, 3, 3, 8, 7, 6, 5, 3, 3]
minimum_height = 33
----------
x_coordinates = [8, 17, 0, 4, 22, 14, 16, 0, 16, 7, 25, 19, 9, 1, 13, 26, 16, 5, 13, 4, 26, 7, 16, 26]
y_coordinates = [12, 17, 2, 12, 11, 0, 7, 7, 25, 6, 7, 13, 29, 14, 5, 18, 4, 0, 21, 3, 12, 3, 13, 4]
x_dimensions = [5, 5, 4, 4, 4, 15, 9, 4, 6, 4, 4, 3, 20, 3, 3, 3, 10, 9, 3, 3, 3, 5, 3, 3]
y_dimensions = [17, 8, 5, 20, 18, 4, 4, 7, 4, 5, 4, 4, 3, 18, 15, 11, 3, 3, 8, 7, 6, 3, 4, 3]
minimum_height = 32
----------
x_coordinates = [9, 4, 0, 0, 4, 8, 25, 18, 23, 5, 21, 12, 0, 8, 9, 26, 16, 12, 8, 24, 15, 0, 9, 20]
y_coordinates = [7, 26, 26, 6, 8, 18, 22, 23, 18, 3, 27, 24, 0, 15, 4, 7, 12, 28, 12, 0, 22, 3, 22, 1]
x_dimensions = [17, 8, 4, 4, 4, 15, 4, 7, 6, 4, 4, 3, 20, 18, 15, 3, 10, 9, 8, 3, 3, 5, 3, 3]
y_dimensions = [5, 5, 5, 20, 18, 4, 9, 4, 4, 5, 4, 4, 3, 3, 3, 11, 3, 3, 3, 7, 6, 3, 4, 3]
minimum_height = 31
----------
x_coordinates = [14, 6, 10, 9, 0, 25, 20, 7, 10, 0, 25, 4, 9, 7, 4, 14, 19, 0, 1, 7, 22, 20, 7, 22]
y_coordinates = [13, 10, 19, 3, 12, 11, 26, 15, 24, 7, 7, 6, 0, 7, 15, 10, 16, 0, 3, 19, 20, 13, 26, 17]
x_dimensions = [5, 8, 4, 20, 4, 4, 9, 7, 4, 4, 4, 3, 20, 18, 3, 11, 3, 9, 8, 3, 3, 5, 3, 3]
y_dimensions = [17, 5, 5, 4, 18, 15, 4, 4, 6, 5, 4, 4, 3, 3, 15, 3, 10, 3, 3, 7, 6, 3, 4, 3]
minimum_height = 30
----------

time=0.000
