x_coordinates = [16, 1, 4, 15, 23, 31, 31, 20, 28, 24, 10, 0, 23, 24, 25, 12, 13, 22, 27, 26, 31]
y_coordinates = [123, 262, 258, 261, 248, 39, 241, 247, 227, 252, 269, 266, 269, 73, 266, 266, 246, 244, 248, 70, 238]
x_dimensions = [12, 14, 11, 5, 4, 3, 3, 3, 3, 3, 13, 12, 11, 10, 9, 8, 7, 6, 3, 4, 3]
y_dimensions = [34, 4, 4, 4, 4, 34, 25, 22, 21, 14, 3, 3, 3, 3, 3, 3, 3, 3, 5, 3, 3]
minimum_height = 272
----------
x_coordinates = [8, 14, 14, 24, 21, 30, 30, 6, 28, 25, 15, 5, 23, 9, 22, 25, 18, 19, 31, 31, 28]
y_coordinates = [81, 244, 239, 14, 260, 204, 179, 249, 244, 251, 248, 236, 268, 266, 265, 238, 257, 264, 263, 259, 241]
x_dimensions = [12, 14, 11, 5, 4, 3, 3, 3, 3, 3, 13, 12, 11, 10, 9, 8, 3, 3, 3, 3, 3]
y_dimensions = [34, 4, 4, 4, 4, 34, 25, 22, 21, 14, 3, 3, 3, 3, 3, 3, 7, 6, 5, 4, 3]
minimum_height = 271
----------
x_coordinates = [3, 29, 11, 20, 27, 29, 29, 3, 31, 21, 6, 6, 21, 24, 24, 22, 24, 28, 18, 30, 24]
y_coordinates = [128, 164, 163, 14, 261, 184, 218, 248, 245, 251, 260, 267, 178, 161, 181, 265, 258, 255, 264, 266, 126]
x_dimensions = [12, 4, 11, 5, 4, 3, 3, 3, 3, 3, 13, 12, 11, 10, 9, 8, 3, 3, 3, 3, 3]
y_dimensions = [34, 14, 4, 4, 4, 34, 25, 22, 21, 14, 3, 3, 3, 3, 3, 3, 7, 6, 5, 4, 3]
minimum_height = 270
----------
x_coordinates = [0, 3, 7, 2, 21, 1, 30, 4, 31, 22, 9, 22, 13, 24, 24, 26, 28, 25, 18, 31, 0]
y_coordinates = [103, 145, 264, 95, 265, 233, 209, 244, 245, 251, 261, 206, 236, 237, 234, 266, 259, 260, 264, 241, 208]
x_dimensions = [34, 14, 11, 4, 4, 3, 3, 3, 3, 3, 13, 12, 11, 10, 9, 8, 3, 3, 3, 3, 3]
y_dimensions = [12, 4, 4, 5, 4, 34, 25, 22, 21, 14, 3, 3, 3, 3, 3, 3, 7, 6, 5, 4, 3]
minimum_height = 269
----------
x_coordinates = [11, 6, 23, 29, 27, 24, 30, 22, 31, 25, 21, 5, 20, 10, 22, 26, 28, 25, 31, 31, 13]
y_coordinates = [133, 133, 154, 227, 261, 212, 178, 246, 247, 246, 175, 205, 206, 208, 209, 203, 254, 265, 206, 211, 202]
x_dimensions = [12, 4, 11, 5, 4, 3, 3, 3, 3, 3, 13, 12, 11, 10, 9, 8, 3, 6, 3, 3, 3]
y_dimensions = [34, 14, 4, 4, 4, 34, 25, 22, 21, 14, 3, 3, 3, 3, 3, 3, 7, 3, 5, 4, 3]
minimum_height = 268
----------
x_coordinates = [0, 20, 10, 9, 21, 21, 6, 22, 31, 25, 9, 5, 23, 19, 14, 23, 28, 25, 29, 31, 5]
y_coordinates = [132, 207, 90, 210, 263, 91, 240, 241, 246, 245, 260, 84, 238, 240, 237, 86, 255, 262, 243, 88, 153]
x_dimensions = [34, 14, 11, 5, 4, 3, 3, 3, 3, 3, 13, 12, 11, 3, 9, 8, 3, 6, 5, 3, 3]
y_dimensions = [12, 4, 4, 4, 4, 34, 25, 22, 21, 14, 3, 3, 3, 10, 3, 3, 7, 3, 3, 4, 3]
minimum_height = 267
----------
x_coordinates = [0, 18, 9, 4, 21, 23, 30, 25, 31, 22, 21, 13, 23, 24, 15, 24, 28, 28, 30, 31, 15]
y_coordinates = [114, 92, 262, 243, 262, 204, 213, 244, 245, 245, 189, 259, 238, 241, 242, 201, 253, 260, 192, 197, 69]
x_dimensions = [34, 14, 11, 5, 4, 3, 3, 3, 3, 3, 13, 12, 11, 10, 9, 8, 3, 3, 3, 3, 3]
y_dimensions = [12, 4, 4, 4, 4, 34, 25, 22, 21, 14, 3, 3, 3, 3, 3, 3, 7, 6, 5, 4, 3]
minimum_height = 266
----------
x_coordinates = [16, 2, 21, 9, 27, 18, 31, 25, 4, 0, 21, 22, 1, 12, 3, 24, 28, 28, 29, 31, 15]
y_coordinates = [71, 92, 216, 223, 220, 216, 237, 243, 261, 251, 234, 246, 248, 250, 252, 224, 255, 262, 231, 227, 145]
x_dimensions = [12, 14, 11, 5, 4, 3, 3, 3, 21, 3, 13, 3, 11, 10, 9, 8, 3, 6, 5, 3, 3]
y_dimensions = [34, 4, 4, 4, 4, 34, 25, 22, 3, 14, 3, 12, 3, 3, 3, 3, 7, 3, 3, 4, 3]
minimum_height = 265
----------
x_coordinates = [8, 7, 9, 15, 22, 6, 27, 30, 9, 2, 14, 15, 12, 17, 18, 26, 19, 28, 31, 31, 29]
y_coordinates = [104, 224, 178, 232, 232, 228, 236, 242, 261, 249, 246, 255, 249, 258, 250, 233, 232, 227, 228, 238, 181]
x_dimensions = [12, 14, 11, 4, 4, 3, 3, 3, 21, 3, 13, 12, 3, 10, 9, 8, 3, 3, 3, 3, 3]
y_dimensions = [34, 4, 4, 5, 4, 34, 25, 22, 3, 14, 3, 3, 11, 3, 3, 3, 7, 6, 5, 4, 3]
minimum_height = 264
----------
x_coordinates = [1, 20, 16, 27, 30, 29, 30, 31, 10, 4, 17, 1, 7, 20, 19, 22, 17, 31, 30, 31, 9]
y_coordinates = [47, 157, 259, 258, 249, 210, 163, 188, 255, 249, 187, 247, 245, 252, 243, 248, 247, 257, 244, 253, 221]
x_dimensions = [12, 14, 11, 4, 4, 3, 3, 3, 21, 3, 13, 3, 3, 10, 9, 8, 3, 3, 3, 3, 3]
y_dimensions = [34, 4, 4, 5, 4, 34, 25, 22, 3, 14, 3, 12, 11, 3, 3, 3, 7, 6, 5, 4, 3]
minimum_height = 263
----------
x_coordinates = [0, 0, 20, 24, 14, 17, 31, 30, 1, 14, 21, 5, 31, 21, 22, 28, 20, 31, 18, 19, 8]
y_coordinates = [28, 237, 244, 252, 256, 216, 220, 198, 250, 232, 189, 246, 245, 259, 248, 251, 237, 256, 257, 253, 222]
x_dimensions = [34, 14, 11, 4, 4, 3, 3, 3, 21, 3, 13, 12, 3, 10, 9, 3, 3, 3, 3, 3, 3]
y_dimensions = [12, 4, 4, 5, 4, 34, 25, 22, 3, 14, 3, 3, 11, 3, 3, 8, 7, 6, 5, 4, 3]
minimum_height = 262
----------
x_coordinates = [16, 20, 13, 7, 27, 2, 30, 27, 0, 9, 14, 5, 21, 24, 12, 24, 20, 31, 28, 30, 30]
y_coordinates = [79, 211, 245, 252, 254, 220, 220, 227, 257, 233, 242, 249, 250, 258, 253, 248, 235, 252, 249, 245, 217]
x_dimensions = [12, 14, 11, 4, 4, 3, 3, 3, 21, 3, 13, 12, 3, 10, 9, 3, 3, 3, 3, 3, 3]
y_dimensions = [34, 4, 4, 5, 4, 34, 25, 22, 3, 14, 3, 3, 11, 3, 3, 8, 7, 6, 5, 4, 3]
minimum_height = 261
----------
x_coordinates = [5, 18, 14, 18, 30, 9, 31, 6, 13, 0, 21, 15, 12, 24, 14, 24, 26, 31, 27, 3, 3]
y_coordinates = [62, 46, 242, 252, 256, 225, 221, 238, 246, 245, 218, 257, 249, 215, 215, 249, 239, 250, 255, 255, 245]
x_dimensions = [12, 14, 11, 4, 4, 3, 3, 3, 21, 3, 13, 12, 3, 10, 9, 3, 3, 3, 3, 3, 3]
y_dimensions = [34, 4, 4, 5, 4, 34, 25, 22, 3, 14, 3, 3, 11, 3, 3, 8, 7, 6, 5, 4, 3]
minimum_height = 260
----------
x_coordinates = [1, 2, 23, 11, 16, 14, 30, 7, 10, 6, 17, 6, 4, 10, 17, 31, 20, 0, 7, 3, 25]
y_coordinates = [128, 101, 255, 251, 251, 214, 222, 232, 248, 217, 242, 211, 245, 255, 245, 247, 252, 253, 254, 256, 252]
x_dimensions = [12, 14, 11, 5, 4, 3, 3, 3, 21, 3, 13, 12, 3, 10, 9, 3, 3, 3, 3, 4, 3]
y_dimensions = [34, 4, 4, 4, 4, 34, 25, 22, 3, 14, 3, 3, 11, 3, 3, 8, 7, 6, 5, 3, 3]
minimum_height = 259
----------
x_coordinates = [1, 9, 24, 16, 20, 11, 28, 31, 13, 2, 15, 9, 5, 14, 13, 2, 21, 28, 8, 8, 28]
y_coordinates = [57, 137, 242, 247, 243, 217, 221, 233, 255, 236, 237, 251, 247, 240, 214, 250, 248, 249, 254, 247, 246]
x_dimensions = [12, 14, 4, 5, 4, 3, 3, 3, 21, 3, 13, 12, 3, 10, 9, 3, 3, 3, 5, 3, 3]
y_dimensions = [34, 4, 11, 4, 4, 34, 25, 22, 3, 14, 3, 3, 11, 3, 3, 8, 7, 6, 3, 4, 3]
minimum_height = 258
----------
x_coordinates = [0, 20, 27, 1, 24, 14, 31, 12, 11, 31, 18, 0, 17, 17, 28, 6, 24, 31, 11, 30, 31]
y_coordinates = [90, 84, 234, 249, 246, 220, 203, 254, 200, 237, 224, 254, 250, 243, 245, 251, 236, 231, 242, 228, 251]
x_dimensions = [34, 14, 4, 5, 4, 3, 3, 22, 21, 3, 13, 12, 11, 10, 3, 8, 3, 3, 3, 4, 3]
y_dimensions = [12, 4, 11, 4, 4, 34, 25, 3, 3, 14, 3, 3, 3, 3, 9, 3, 7, 6, 5, 3, 3]
minimum_height = 257
----------
x_coordinates = [16, 9, 30, 26, 23, 27, 3, 20, 6, 6, 5, 8, 19, 19, 29, 0, 24, 31, 24, 25, 30]
y_coordinates = [114, 81, 245, 202, 252, 222, 220, 234, 223, 250, 217, 253, 209, 219, 212, 253, 244, 239, 239, 216, 221]
x_dimensions = [12, 14, 4, 5, 4, 3, 3, 3, 21, 14, 13, 12, 11, 10, 3, 8, 3, 3, 3, 4, 3]
y_dimensions = [34, 4, 11, 4, 4, 34, 25, 22, 3, 3, 3, 3, 3, 3, 9, 3, 7, 6, 5, 3, 3]
minimum_height = 256
----------
x_coordinates = [16, 21, 30, 27, 27, 31, 18, 9, 7, 17, 5, 5, 23, 22, 30, 2, 30, 20, 22, 30, 28]
y_coordinates = [126, 73, 179, 202, 242, 221, 220, 246, 249, 252, 243, 252, 206, 192, 212, 245, 195, 205, 243, 209, 249]
x_dimensions = [12, 4, 4, 5, 4, 3, 3, 22, 21, 14, 13, 12, 11, 10, 3, 3, 3, 3, 5, 4, 3]
y_dimensions = [34, 14, 11, 4, 4, 34, 25, 3, 3, 3, 3, 3, 3, 3, 9, 8, 7, 6, 3, 3, 3]
minimum_height = 255
----------
x_coordinates = [16, 20, 30, 28, 30, 28, 18, 27, 0, 10, 15, 9, 22, 23, 29, 2, 21, 15, 24, 25, 30]
y_coordinates = [74, 184, 236, 215, 250, 181, 220, 232, 248, 251, 214, 217, 219, 178, 223, 251, 244, 245, 249, 229, 247]
x_dimensions = [12, 4, 4, 5, 4, 3, 3, 3, 21, 14, 13, 12, 11, 10, 3, 8, 3, 6, 3, 4, 3]
y_dimensions = [34, 14, 11, 4, 4, 34, 25, 22, 3, 3, 3, 3, 3, 3, 9, 3, 7, 3, 5, 3, 3]
minimum_height = 254
----------
x_coordinates = [3, 0, 27, 6, 22, 30, 2, 1, 13, 20, 11, 22, 23, 20, 31, 29, 3, 0, 10, 30, 29]
y_coordinates = [125, 75, 233, 246, 232, 196, 218, 243, 247, 250, 240, 192, 244, 229, 235, 184, 246, 246, 248, 230, 169]
x_dimensions = [12, 4, 4, 4, 4, 3, 3, 22, 21, 14, 13, 12, 11, 10, 3, 3, 3, 3, 3, 4, 3]
y_dimensions = [34, 14, 11, 5, 4, 34, 25, 3, 3, 3, 3, 3, 3, 3, 9, 8, 7, 6, 5, 3, 3]
minimum_height = 253
----------
x_coordinates = [0, 0, 28, 29, 30, 28, 1, 7, 9, 4, 11, 10, 25, 15, 31, 1, 22, 1, 4, 31, 11]
y_coordinates = [96, 57, 198, 243, 248, 209, 212, 246, 249, 235, 233, 242, 235, 236, 230, 237, 239, 245, 249, 239, 238]
x_dimensions = [12, 14, 4, 4, 4, 3, 3, 22, 21, 3, 13, 12, 3, 10, 3, 3, 3, 3, 5, 3, 3]
y_dimensions = [34, 4, 11, 5, 4, 34, 25, 3, 3, 14, 3, 3, 11, 3, 9, 8, 7, 6, 3, 4, 3]
minimum_height = 252
----------
x_coordinates = [2, 29, 27, 26, 30, 12, 2, 5, 6, 27, 14, 15, 26, 17, 31, 16, 26, 27, 2, 31, 24]
y_coordinates = [87, 180, 220, 208, 244, 207, 221, 244, 248, 231, 241, 235, 197, 230, 230, 238, 213, 245, 246, 240, 238]
x_dimensions = [12, 4, 4, 4, 4, 3, 3, 22, 21, 3, 13, 12, 3, 10, 3, 8, 3, 3, 3, 3, 3]
y_dimensions = [34, 14, 11, 5, 4, 34, 25, 3, 3, 14, 3, 3, 11, 3, 9, 3, 7, 6, 5, 4, 3]
minimum_height = 251
----------
x_coordinates = [0, 5, 30, 27, 2, 31, 3, 6, 7, 28, 18, 11, 24, 17, 31, 23, 21, 1, 13, 4, 6]
y_coordinates = [95, 108, 196, 228, 246, 207, 215, 244, 241, 233, 247, 227, 230, 231, 241, 225, 232, 240, 247, 240, 247]
x_dimensions = [34, 14, 4, 4, 4, 3, 3, 22, 21, 3, 13, 12, 3, 3, 3, 8, 3, 3, 5, 3, 3]
y_dimensions = [12, 4, 11, 5, 4, 34, 25, 3, 3, 14, 3, 3, 11, 10, 9, 3, 7, 6, 3, 4, 3]
minimum_height = 250
----------
x_coordinates = [15, 1, 30, 27, 14, 21, 6, 12, 7, 28, 20, 9, 24, 18, 31, 26, 3, 0, 11, 9, 31]
y_coordinates = [22, 62, 213, 227, 238, 208, 217, 246, 242, 232, 205, 225, 231, 232, 237, 224, 241, 243, 237, 245, 231]
x_dimensions = [12, 14, 4, 4, 4, 3, 3, 22, 21, 3, 13, 12, 3, 3, 3, 8, 3, 3, 3, 3, 3]
y_dimensions = [34, 4, 11, 5, 4, 34, 25, 3, 3, 14, 3, 3, 11, 10, 9, 3, 7, 6, 5, 4, 3]
minimum_height = 249
----------
x_coordinates = [0, 7, 30, 27, 24, 12, 2, 6, 7, 28, 15, 14, 24, 6, 31, 25, 21, 0, 9, 3, 31]
y_coordinates = [109, 121, 223, 218, 233, 208, 217, 245, 242, 234, 239, 205, 222, 232, 236, 215, 232, 242, 236, 244, 245]
x_dimensions = [34, 14, 4, 4, 4, 3, 3, 22, 21, 3, 13, 12, 3, 3, 3, 8, 3, 3, 3, 3, 3]
y_dimensions = [12, 4, 11, 5, 4, 34, 25, 3, 3, 14, 3, 3, 11, 10, 9, 3, 7, 6, 5, 4, 3]
minimum_height = 248
----------
x_coordinates = [0, 15, 30, 27, 5, 12, 9, 6, 7, 28, 20, 15, 24, 18, 31, 1, 3, 0, 21, 31, 30]
y_coordinates = [112, 208, 210, 228, 235, 207, 216, 244, 241, 233, 224, 227, 230, 231, 234, 229, 240, 241, 236, 243, 221]
x_dimensions = [34, 14, 4, 4, 4, 3, 3, 22, 21, 3, 13, 12, 3, 3, 3, 8, 3, 3, 3, 3, 3]
y_dimensions = [12, 4, 11, 5, 4, 34, 25, 3, 3, 14, 3, 3, 11, 10, 9, 3, 7, 6, 5, 4, 3]
minimum_height = 247
----------
x_coordinates = [3, 7, 30, 21, 17, 25, 14, 6, 4, 28, 20, 20, 24, 1, 31, 22, 26, 0, 22, 3, 30]
y_coordinates = [55, 208, 187, 234, 233, 209, 212, 243, 239, 232, 199, 184, 188, 230, 236, 226, 202, 240, 208, 242, 228]
x_dimensions = [12, 14, 4, 4, 4, 3, 3, 22, 21, 3, 13, 12, 3, 3, 3, 3, 3, 3, 3, 3, 3]
y_dimensions = [34, 4, 11, 5, 4, 34, 25, 3, 3, 14, 3, 3, 11, 10, 9, 8, 7, 6, 5, 4, 3]
minimum_height = 246
----------
x_coordinates = [12, 5, 30, 6, 2, 28, 22, 6, 10, 8, 17, 21, 25, 25, 31, 31, 9, 0, 31, 3, 31]
y_coordinates = [53, 194, 196, 240, 235, 208, 211, 237, 242, 234, 205, 185, 212, 227, 233, 225, 206, 239, 207, 241, 242]
x_dimensions = [12, 14, 4, 4, 4, 3, 3, 22, 21, 14, 13, 12, 3, 3, 3, 3, 3, 3, 3, 3, 3]
y_dimensions = [34, 4, 11, 5, 4, 34, 25, 3, 3, 3, 3, 3, 11, 10, 9, 8, 7, 6, 5, 4, 3]
minimum_height = 245
----------
x_coordinates = [10, 8, 1, 8, 5, 30, 26, 9, 10, 16, 18, 22, 27, 29, 31, 29, 15, 7, 28, 9, 31]
y_coordinates = [121, 175, 233, 229, 240, 201, 168, 241, 238, 233, 198, 144, 222, 183, 235, 175, 200, 234, 193, 199, 197]
x_dimensions = [12, 14, 4, 4, 4, 3, 3, 22, 21, 14, 13, 12, 3, 3, 3, 3, 3, 3, 3, 3, 3]
y_dimensions = [34, 4, 11, 5, 4, 34, 25, 3, 3, 3, 3, 3, 11, 10, 9, 8, 7, 6, 5, 4, 3]
minimum_height = 244
----------
x_coordinates = [0, 13, 14, 8, 2, 31, 29, 9, 10, 17, 21, 22, 28, 29, 31, 27, 18, 6, 31, 8, 30]
y_coordinates = [120, 81, 202, 228, 234, 209, 173, 237, 240, 232, 203, 139, 221, 163, 154, 207, 201, 237, 198, 233, 206]
x_dimensions = [34, 14, 4, 4, 4, 3, 3, 22, 21, 14, 13, 12, 3, 3, 3, 3, 3, 3, 3, 3, 3]
y_dimensions = [12, 4, 11, 5, 4, 34, 25, 3, 3, 3, 3, 3, 11, 10, 9, 8, 7, 6, 5, 4, 3]
minimum_height = 243
----------
x_coordinates = [2, 2, 24, 4, 13, 31, 28, 9, 10, 17, 18, 3, 28, 31, 1, 0, 15, 6, 0, 8, 3]
y_coordinates = [120, 186, 222, 231, 232, 208, 194, 236, 239, 233, 219, 221, 222, 198, 233, 220, 218, 236, 215, 232, 218]
x_dimensions = [12, 14, 4, 4, 4, 3, 3, 22, 21, 14, 13, 12, 3, 3, 3, 3, 3, 3, 3, 3, 3]
y_dimensions = [34, 4, 11, 5, 4, 34, 25, 3, 3, 3, 3, 3, 11, 10, 9, 8, 7, 6, 5, 4, 3]
minimum_height = 242
----------
x_coordinates = [16, 9, 3, 4, 3, 31, 28, 9, 10, 15, 21, 16, 28, 27, 1, 25, 13, 6, 31, 8, 3]
y_coordinates = [28, 137, 202, 229, 221, 207, 207, 238, 232, 235, 204, 201, 193, 183, 230, 224, 203, 234, 199, 227, 225]
x_dimensions = [12, 14, 4, 4, 4, 3, 3, 22, 21, 14, 13, 12, 3, 3, 3, 3, 3, 3, 3, 3, 3]
y_dimensions = [34, 4, 11, 5, 4, 34, 25, 3, 3, 3, 3, 3, 11, 10, 9, 8, 7, 6, 5, 4, 3]
minimum_height = 241
----------
x_coordinates = [0, 13, 30, 7, 10, 31, 14, 12, 12, 17, 0, 16, 27, 28, 31, 24, 26, 9, 13, 11, 11]
y_coordinates = [110, 162, 195, 228, 233, 206, 215, 189, 192, 236, 205, 207, 225, 207, 180, 228, 200, 191, 205, 229, 237]
x_dimensions = [34, 14, 4, 4, 4, 3, 3, 22, 21, 14, 13, 12, 3, 3, 3, 3, 3, 3, 3, 3, 3]
y_dimensions = [12, 4, 11, 5, 4, 34, 25, 3, 3, 3, 3, 3, 11, 10, 9, 8, 7, 6, 5, 4, 3]
minimum_height = 240
----------
x_coordinates = [10, 14, 17, 2, 8, 0, 3, 9, 11, 16, 21, 16, 6, 28, 31, 27, 14, 6, 31, 5, 0]
y_coordinates = [85, 201, 219, 234, 204, 230, 205, 233, 213, 236, 227, 216, 227, 203, 204, 219, 220, 233, 234, 201, 226]
x_dimensions = [12, 14, 4, 4, 4, 34, 3, 22, 21, 14, 13, 12, 11, 3, 3, 3, 3, 3, 3, 3, 3]
y_dimensions = [34, 4, 11, 5, 4, 3, 25, 3, 3, 3, 3, 3, 3, 10, 9, 8, 7, 6, 5, 4, 3]
minimum_height = 239
----------
x_coordinates = [4, 13, 5, 1, 12, 0, 31, 12, 1, 18, 22, 25, 8, 28, 9, 19, 16, 9, 24, 4, 31]
y_coordinates = [91, 165, 221, 227, 225, 232, 204, 229, 214, 201, 216, 216, 235, 216, 217, 220, 222, 226, 235, 217, 235]
x_dimensions = [12, 14, 4, 4, 4, 34, 3, 22, 21, 14, 3, 3, 11, 3, 3, 3, 3, 3, 5, 3, 3]
y_dimensions = [34, 4, 11, 5, 4, 3, 25, 3, 3, 3, 13, 12, 3, 10, 9, 8, 7, 6, 3, 4, 3]
minimum_height = 238
----------
x_coordinates = [0, 18, 8, 30, 22, 0, 2, 12, 11, 1, 31, 15, 19, 5, 25, 26, 12, 31, 29, 27, 25]
y_coordinates = [113, 185, 223, 222, 219, 200, 209, 227, 216, 234, 203, 233, 223, 215, 207, 219, 221, 231, 195, 233, 230]
x_dimensions = [34, 14, 4, 4, 4, 34, 3, 22, 21, 14, 3, 12, 11, 3, 3, 8, 7, 3, 3, 3, 3]
y_dimensions = [12, 4, 11, 5, 4, 3, 25, 3, 3, 3, 13, 3, 3, 10, 9, 3, 3, 6, 5, 4, 3]
minimum_height = 237
----------
x_coordinates = [16, 6, 8, 27, 23, 0, 2, 12, 1, 20, 15, 22, 16, 13, 5, 31, 21, 30, 28, 28, 31]
y_coordinates = [32, 186, 221, 216, 219, 204, 207, 226, 232, 201, 229, 233, 215, 215, 222, 217, 223, 210, 221, 229, 230]
x_dimensions = [12, 4, 4, 4, 4, 34, 3, 22, 21, 14, 13, 12, 11, 3, 3, 3, 7, 3, 3, 3, 3]
y_dimensions = [34, 14, 11, 5, 4, 3, 25, 3, 3, 3, 3, 3, 3, 10, 9, 8, 3, 6, 5, 4, 3]
minimum_height = 236
----------
x_coordinates = [16, 2, 12, 30, 24, 0, 3, 12, 8, 20, 0, 21, 16, 27, 27, 28, 23, 30, 29, 29, 27]
y_coordinates = [39, 206, 221, 227, 220, 210, 217, 201, 232, 204, 219, 207, 229, 182, 192, 213, 226, 194, 221, 232, 229]
x_dimensions = [12, 14, 4, 4, 4, 34, 25, 22, 21, 14, 3, 12, 11, 3, 3, 3, 7, 3, 3, 4, 3]
y_dimensions = [34, 4, 11, 5, 4, 3, 3, 3, 3, 3, 13, 3, 3, 10, 9, 8, 3, 6, 5, 3, 3]
minimum_height = 235
----------
x_coordinates = [0, 0, 16, 19, 27, 4, 9, 12, 13, 17, 31, 10, 19, 7, 31, 4, 14, 1, 24, 12, 14]
y_coordinates = [116, 209, 199, 224, 224, 197, 216, 231, 228, 213, 202, 219, 210, 220, 219, 231, 221, 227, 223, 212, 225]
x_dimensions = [34, 4, 4, 5, 4, 3, 25, 22, 21, 14, 3, 3, 11, 3, 3, 8, 7, 3, 3, 3, 3]
y_dimensions = [12, 14, 11, 4, 4, 34, 3, 3, 3, 3, 13, 12, 3, 10, 9, 3, 3, 6, 5, 4, 3]
minimum_height = 234
----------
x_coordinates = [3, 6, 20, 14, 27, 31, 3, 9, 11, 19, 28, 0, 19, 5, 3, 1, 13, 24, 25, 19, 17]
y_coordinates = [75, 223, 219, 192, 226, 199, 216, 230, 196, 190, 213, 217, 193, 195, 220, 229, 220, 224, 219, 211, 227]
x_dimensions = [12, 14, 4, 5, 4, 3, 25, 22, 21, 14, 3, 3, 11, 3, 3, 8, 7, 3, 3, 3, 3]
y_dimensions = [34, 4, 11, 4, 4, 34, 3, 3, 3, 3, 13, 12, 3, 10, 9, 3, 3, 6, 5, 4, 3]
minimum_height = 233
----------
x_coordinates = [0, 20, 20, 26, 25, 30, 8, 9, 3, 20, 30, 6, 15, 3, 31, 16, 23, 24, 27, 0, 29]
y_coordinates = [74, 213, 225, 193, 221, 166, 217, 229, 196, 163, 200, 220, 192, 219, 223, 199, 210, 198, 198, 197, 220]
x_dimensions = [34, 14, 11, 4, 4, 3, 25, 22, 21, 14, 3, 3, 11, 3, 3, 8, 7, 3, 3, 3, 3]
y_dimensions = [12, 4, 4, 5, 4, 34, 3, 3, 3, 3, 13, 12, 3, 10, 9, 3, 3, 6, 5, 4, 3]
minimum_height = 232
----------
x_coordinates = [2, 8, 30, 26, 26, 21, 3, 12, 11, 9, 0, 3, 23, 26, 6, 25, 29, 28, 31, 11, 9]
y_coordinates = [108, 227, 214, 214, 220, 173, 224, 210, 207, 218, 218, 209, 213, 194, 214, 204, 197, 225, 226, 203, 212]
x_dimensions = [12, 14, 4, 4, 4, 3, 25, 22, 21, 14, 3, 3, 3, 3, 3, 8, 3, 3, 3, 3, 3]
y_dimensions = [34, 4, 11, 5, 4, 34, 3, 3, 3, 3, 13, 12, 11, 10, 9, 3, 7, 6, 5, 4, 3]
minimum_height = 231
----------
x_coordinates = [12, 19, 27, 3, 20, 16, 7, 8, 13, 18, 17, 7, 24, 23, 21, 30, 14, 10, 31, 2, 5]
y_coordinates = [114, 204, 216, 225, 223, 177, 174, 211, 227, 161, 214, 218, 215, 164, 214, 208, 220, 224, 222, 215, 213]
x_dimensions = [12, 14, 4, 4, 4, 3, 25, 22, 21, 14, 3, 3, 3, 3, 3, 3, 3, 3, 3, 3, 3]
y_dimensions = [34, 4, 11, 5, 4, 34, 3, 3, 3, 3, 13, 12, 11, 10, 9, 8, 7, 6, 5, 4, 3]
minimum_height = 230
----------
x_coordinates = [1, 18, 30, 27, 29, 31, 8, 9, 25, 0, 27, 15, 9, 29, 12, 6, 28, 5, 14, 13, 11]
y_coordinates = [105, 175, 217, 211, 179, 183, 172, 208, 182, 223, 216, 222, 212, 162, 214, 210, 201, 226, 225, 200, 226]
x_dimensions = [12, 14, 4, 4, 4, 3, 25, 22, 3, 14, 3, 12, 3, 3, 3, 3, 3, 6, 5, 3, 3]
y_dimensions = [34, 4, 11, 5, 4, 34, 3, 3, 21, 3, 13, 3, 11, 10, 9, 8, 7, 3, 3, 4, 3]
minimum_height = 229
----------
x_coordinates = [11, 20, 30, 8, 29, 6, 8, 12, 27, 1, 18, 16, 12, 29, 31, 9, 26, 15, 28, 24, 25]
y_coordinates = [80, 175, 207, 218, 200, 177, 172, 204, 179, 224, 219, 225, 213, 162, 218, 206, 212, 219, 223, 198, 222]
x_dimensions = [12, 14, 4, 4, 4, 3, 25, 22, 3, 14, 13, 12, 3, 3, 3, 3, 3, 3, 3, 3, 3]
y_dimensions = [34, 4, 11, 5, 4, 34, 3, 3, 21, 3, 3, 3, 11, 10, 9, 8, 7, 6, 5, 4, 3]
minimum_height = 228
----------
x_coordinates = [14, 20, 30, 17, 26, 1, 6, 10, 27, 1, 18, 17, 14, 31, 31, 11, 5, 15, 26, 7, 8]
y_coordinates = [104, 188, 207, 212, 213, 187, 185, 175, 192, 224, 220, 217, 210, 178, 218, 216, 217, 221, 223, 212, 219]
x_dimensions = [12, 14, 4, 4, 4, 3, 25, 22, 3, 14, 13, 12, 3, 3, 3, 3, 3, 3, 5, 3, 3]
y_dimensions = [34, 4, 11, 5, 4, 34, 3, 3, 21, 3, 3, 3, 11, 10, 9, 8, 7, 6, 3, 4, 3]
minimum_height = 227
----------
x_coordinates = [8, 20, 30, 12, 26, 27, 9, 11, 24, 1, 18, 19, 15, 29, 31, 12, 16, 17, 23, 30, 28]
y_coordinates = [77, 175, 206, 222, 213, 179, 172, 169, 192, 219, 220, 217, 211, 159, 217, 210, 204, 223, 223, 202, 223]
x_dimensions = [12, 14, 4, 5, 4, 3, 25, 22, 3, 14, 13, 12, 3, 3, 3, 3, 3, 6, 5, 3, 3]
y_dimensions = [34, 4, 11, 4, 4, 34, 3, 3, 21, 3, 3, 3, 11, 10, 9, 8, 7, 3, 3, 4, 3]
minimum_height = 226
----------
x_coordinates = [0, 16, 0, 24, 28, 25, 3, 11, 14, 6, 4, 5, 20, 30, 25, 17, 17, 23, 29, 3, 31]
y_coordinates = [108, 177, 213, 215, 210, 181, 174, 171, 194, 215, 218, 221, 213, 176, 222, 207, 218, 219, 217, 209, 214]
x_dimensions = [34, 14, 4, 5, 4, 3, 25, 22, 3, 14, 13, 12, 3, 3, 9, 3, 3, 6, 5, 3, 3]
y_dimensions = [12, 4, 11, 4, 4, 34, 3, 3, 21, 3, 3, 3, 11, 10, 3, 8, 7, 3, 3, 4, 3]
minimum_height = 225
----------
x_coordinates = [7, 18, 25, 20, 30, 6, 9, 9, 31, 3, 6, 11, 17, 31, 2, 10, 0, 23, 29, 22, 30]
y_coordinates = [105, 188, 208, 215, 213, 181, 185, 204, 192, 215, 218, 221, 207, 175, 221, 207, 214, 219, 217, 211, 220]
x_dimensions = [12, 14, 4, 5, 4, 3, 25, 22, 3, 14, 13, 12, 3, 3, 9, 3, 3, 6, 5, 3, 3]
y_dimensions = [34, 4, 11, 4, 4, 34, 3, 3, 21, 3, 3, 3, 11, 10, 3, 8, 7, 3, 3, 4, 3]
minimum_height = 224
----------
x_coordinates = [0, 19, 1, 26, 30, 3, 6, 9, 31, 0, 3, 16, 15, 31, 21, 11, 12, 28, 21, 0, 31]
y_coordinates = [95, 208, 211, 212, 219, 177, 186, 196, 187, 215, 219, 217, 206, 177, 220, 200, 208, 216, 214, 218, 213]
x_dimensions = [34, 14, 11, 5, 4, 3, 25, 22, 3, 14, 13, 12, 3, 3, 9, 3, 3, 6, 5, 3, 3]
y_dimensions = [12, 4, 4, 4, 4, 34, 3, 3, 21, 3, 3, 3, 11, 10, 3, 8, 7, 3, 3, 4, 3]
minimum_height = 223
----------
x_coordinates = [4, 18, 23, 14, 30, 4, 14, 11, 31, 0, 7, 19, 20, 28, 1, 17, 1, 13, 31, 27, 10]
y_coordinates = [99, 184, 213, 215, 209, 182, 187, 190, 188, 216, 212, 218, 207, 198, 219, 204, 209, 219, 217, 208, 219]
x_dimensions = [12, 14, 11, 5, 4, 3, 3, 3, 3, 14, 13, 12, 3, 3, 9, 3, 3, 6, 3, 3, 3]
y_dimensions = [34, 4, 4, 4, 4, 34, 25, 22, 21, 3, 3, 3, 11, 10, 3, 8, 7, 3, 5, 4, 3]
minimum_height = 222
----------
x_coordinates = [0, 20, 1, 14, 21, 28, 31, 11, 21, 0, 12, 19, 25, 24, 3, 18, 0, 31, 28, 24, 31]
y_coordinates = [104, 175, 213, 216, 214, 179, 187, 188, 190, 217, 211, 218, 207, 193, 210, 203, 205, 215, 213, 203, 212]
x_dimensions = [34, 14, 11, 5, 4, 3, 3, 3, 3, 14, 13, 12, 3, 3, 9, 3, 3, 3, 3, 3, 3]
y_dimensions = [12, 4, 4, 4, 4, 34, 25, 22, 21, 3, 3, 3, 11, 10, 3, 8, 7, 6, 5, 4, 3]
minimum_height = 221
----------
x_coordinates = [1, 20, 2, 14, 29, 24, 4, 29, 12, 0, 13, 19, 25, 26, 12, 27, 10, 6, 31, 0, 3]
y_coordinates = [104, 182, 209, 216, 211, 148, 190, 189, 186, 217, 208, 216, 195, 206, 213, 174, 202, 214, 215, 213, 214]
x_dimensions = [12, 14, 11, 5, 4, 3, 25, 3, 21, 14, 13, 12, 3, 3, 9, 3, 3, 6, 3, 3, 3]
y_dimensions = [34, 4, 4, 4, 4, 34, 3, 22, 3, 3, 3, 3, 11, 10, 3, 8, 7, 3, 5, 4, 3]
minimum_height = 220
----------
x_coordinates = [1, 19, 23, 26, 24, 27, 3, 28, 7, 8, 10, 22, 21, 25, 1, 31, 9, 2, 20, 21, 31]
y_coordinates = [20, 113, 208, 212, 204, 150, 189, 186, 186, 216, 207, 216, 192, 194, 207, 200, 200, 215, 211, 203, 213]
x_dimensions = [12, 14, 11, 5, 4, 3, 25, 3, 21, 14, 13, 12, 3, 3, 9, 3, 3, 6, 3, 3, 3]
y_dimensions = [34, 4, 4, 4, 4, 34, 3, 22, 3, 3, 3, 3, 11, 10, 3, 8, 7, 3, 5, 4, 3]
minimum_height = 219
----------
x_coordinates = [0, 18, 14, 5, 30, 24, 3, 28, 12, 20, 15, 19, 0, 25, 6, 16, 3, 10, 31, 21, 3]
y_coordinates = [56, 122, 203, 214, 182, 150, 193, 189, 186, 215, 207, 211, 206, 197, 209, 210, 204, 213, 210, 182, 211]
x_dimensions = [34, 14, 11, 5, 4, 3, 25, 3, 21, 14, 13, 12, 3, 3, 9, 3, 3, 6, 3, 3, 3]
y_dimensions = [12, 4, 4, 4, 4, 34, 3, 22, 3, 3, 3, 3, 11, 10, 3, 8, 7, 3, 5, 4, 3]
minimum_height = 218
----------
x_coordinates = [2, 19, 15, 28, 29, 25, 2, 30, 12, 20, 18, 22, 27, 27, 3, 26, 29, 12, 0, 25, 31]
y_coordinates = [94, 164, 210, 171, 175, 130, 199, 189, 186, 168, 214, 127, 200, 190, 213, 211, 179, 214, 212, 174, 214]
x_dimensions = [12, 14, 11, 5, 4, 3, 25, 3, 21, 14, 13, 12, 3, 3, 9, 8, 3, 6, 3, 3, 3]
y_dimensions = [34, 4, 4, 4, 4, 34, 3, 22, 3, 3, 3, 3, 11, 10, 3, 3, 7, 3, 5, 4, 3]
minimum_height = 217
----------
x_coordinates = [7, 17, 12, 14, 27, 27, 3, 31, 12, 0, 18, 22, 22, 28, 3, 23, 30, 27, 30, 22, 31]
y_coordinates = [97, 201, 212, 207, 205, 152, 196, 189, 186, 209, 209, 129, 175, 191, 213, 213, 179, 149, 174, 205, 211]
x_dimensions = [12, 14, 11, 4, 4, 3, 25, 3, 21, 14, 13, 12, 3, 3, 9, 8, 3, 6, 3, 3, 3]
y_dimensions = [34, 4, 4, 5, 4, 34, 3, 22, 3, 3, 3, 3, 11, 10, 3, 3, 7, 3, 5, 4, 3]
minimum_height = 216
----------
x_coordinates = [16, 16, 16, 22, 29, 0, 3, 31, 28, 12, 4, 22, 25, 27, 7, 17, 31, 28, 26, 19, 25]
y_coordinates = [98, 167, 207, 188, 186, 181, 204, 190, 191, 185, 212, 171, 193, 176, 209, 211, 179, 212, 186, 189, 211]
x_dimensions = [12, 14, 11, 4, 4, 3, 25, 3, 3, 14, 13, 12, 3, 3, 9, 8, 3, 6, 3, 3, 3]
y_dimensions = [34, 4, 4, 5, 4, 34, 3, 22, 21, 3, 3, 3, 11, 10, 3, 3, 7, 3, 5, 4, 3]
minimum_height = 215
----------
x_coordinates = [15, 16, 19, 27, 30, 2, 3, 0, 31, 10, 4, 22, 24, 28, 15, 17, 31, 23, 28, 16, 25]
y_coordinates = [102, 170, 187, 202, 188, 157, 197, 191, 193, 205, 211, 177, 200, 192, 208, 211, 181, 184, 207, 190, 211]
x_dimensions = [12, 14, 11, 4, 4, 3, 25, 3, 3, 14, 13, 12, 3, 3, 9, 8, 3, 6, 3, 3, 3]
y_dimensions = [34, 4, 4, 5, 4, 34, 3, 22, 21, 3, 3, 3, 11, 10, 3, 3, 7, 3, 5, 4, 3]
minimum_height = 214
----------
x_coordinates = [0, 17, 17, 29, 26, 30, 6, 0, 31, 16, 18, 22, 25, 28, 9, 22, 3, 23, 30, 29, 28]
y_coordinates = [105, 140, 145, 153, 190, 158, 194, 191, 192, 149, 210, 123, 199, 197, 209, 202, 193, 152, 148, 144, 207]
x_dimensions = [34, 14, 11, 4, 4, 3, 25, 3, 3, 14, 13, 12, 3, 3, 9, 3, 3, 6, 3, 3, 3]
y_dimensions = [12, 4, 4, 5, 4, 34, 3, 22, 21, 3, 3, 3, 11, 10, 3, 8, 7, 3, 5, 4, 3]
minimum_height = 213
----------
x_coordinates = [7, 20, 17, 29, 27, 31, 6, 8, 29, 17, 5, 22, 27, 30, 18, 29, 31, 25, 31, 30, 30]
y_coordinates = [105, 4, 143, 153, 190, 158, 195, 198, 114, 147, 209, 135, 201, 199, 209, 138, 192, 150, 146, 110, 209]
x_dimensions = [12, 14, 11, 4, 4, 3, 25, 22, 3, 14, 13, 12, 3, 3, 9, 3, 3, 6, 3, 3, 3]
y_dimensions = [34, 4, 4, 5, 4, 34, 3, 3, 21, 3, 3, 3, 11, 10, 3, 8, 7, 3, 5, 4, 3]
minimum_height = 212
----------
x_coordinates = [11, 20, 20, 27, 29, 31, 5, 12, 29, 11, 5, 22, 27, 30, 18, 28, 31, 25, 31, 8, 30]
y_coordinates = [10, 99, 182, 159, 151, 160, 197, 194, 127, 157, 208, 148, 200, 198, 208, 186, 120, 156, 155, 154, 208]
x_dimensions = [12, 14, 11, 4, 4, 3, 25, 22, 3, 14, 13, 12, 3, 3, 9, 3, 3, 6, 3, 3, 3]
y_dimensions = [34, 4, 4, 5, 4, 34, 3, 3, 21, 3, 3, 3, 11, 10, 3, 8, 7, 3, 5, 4, 3]
minimum_height = 211
----------
x_coordinates = [0, 19, 1, 27, 26, 24, 0, 12, 29, 7, 14, 20, 31, 29, 11, 25, 31, 28, 21, 4, 27]
y_coordinates = [75, 95, 202, 191, 158, 162, 199, 204, 124, 195, 207, 145, 193, 148, 192, 196, 161, 197, 193, 194, 207]
x_dimensions = [34, 14, 11, 4, 4, 3, 25, 22, 3, 14, 13, 12, 3, 3, 9, 3, 3, 3, 3, 3, 3]
y_dimensions = [12, 4, 4, 5, 4, 34, 3, 3, 21, 3, 3, 3, 11, 10, 3, 8, 7, 6, 5, 4, 3]
minimum_height = 210
----------
x_coordinates = [7, 20, 23, 30, 29, 28, 6, 12, 29, 11, 21, 22, 31, 30, 14, 31, 31, 29, 9, 27, 31]
y_coordinates = [35, 45, 154, 167, 150, 172, 206, 158, 129, 166, 106, 109, 198, 112, 155, 187, 122, 161, 157, 168, 195]
x_dimensions = [12, 14, 11, 4, 4, 3, 25, 22, 3, 14, 13, 12, 3, 3, 9, 3, 3, 3, 3, 3, 3]
y_dimensions = [34, 4, 4, 5, 4, 34, 3, 3, 21, 3, 3, 3, 11, 10, 3, 8, 7, 6, 5, 4, 3]
minimum_height = 209
----------
x_coordinates = [5, 18, 8, 30, 29, 3, 9, 5, 29, 8, 8, 21, 6, 29, 8, 29, 31, 31, 0, 29, 27]
y_coordinates = [33, 127, 168, 173, 204, 174, 201, 152, 180, 172, 162, 164, 197, 154, 165, 146, 135, 167, 171, 142, 171]
x_dimensions = [12, 14, 11, 4, 4, 3, 25, 3, 3, 14, 13, 12, 3, 3, 9, 3, 3, 3, 3, 3, 3]
y_dimensions = [34, 4, 4, 5, 4, 34, 3, 22, 21, 3, 3, 3, 11, 10, 3, 8, 7, 6, 5, 4, 3]
minimum_height = 208
----------
x_coordinates = [4, 18, 3, 27, 2, 0, 9, 14, 30, 17, 6, 22, 31, 19, 10, 30, 31, 31, 0, 30, 31]
y_coordinates = [99, 137, 194, 192, 155, 162, 204, 182, 156, 197, 176, 177, 184, 176, 179, 141, 149, 198, 196, 180, 195]
x_dimensions = [12, 14, 11, 4, 4, 3, 25, 3, 3, 14, 13, 12, 3, 3, 9, 3, 3, 3, 3, 3, 3]
y_dimensions = [34, 4, 4, 5, 4, 34, 3, 22, 21, 3, 3, 3, 11, 10, 3, 8, 7, 6, 5, 4, 3]
minimum_height = 207
----------
x_coordinates = [1, 20, 3, 6, 27, 0, 9, 13, 31, 14, 12, 27, 28, 30, 9, 29, 31, 31, 10, 31, 28]
y_coordinates = [56, 136, 199, 194, 185, 171, 203, 176, 172, 198, 164, 161, 189, 155, 171, 147, 165, 197, 194, 193, 200]
x_dimensions = [12, 14, 11, 4, 4, 3, 25, 3, 3, 14, 13, 3, 3, 3, 9, 3, 3, 3, 3, 3, 3]
y_dimensions = [34, 4, 4, 5, 4, 34, 3, 22, 21, 3, 3, 12, 11, 10, 3, 8, 7, 6, 5, 4, 3]
minimum_height = 206
----------
x_coordinates = [8, 16, 4, 30, 27, 11, 5, 3, 30, 15, 14, 27, 31, 30, 14, 29, 31, 1, 14, 29, 29]
y_coordinates = [28, 159, 201, 197, 192, 164, 198, 176, 165, 201, 164, 164, 186, 155, 190, 147, 136, 199, 193, 143, 202]
x_dimensions = [12, 14, 11, 4, 4, 3, 25, 3, 3, 14, 13, 3, 3, 3, 9, 3, 3, 3, 3, 3, 3]
y_dimensions = [34, 4, 4, 5, 4, 34, 3, 22, 21, 3, 3, 12, 11, 10, 3, 8, 7, 6, 5, 4, 3]
minimum_height = 205
----------
x_coordinates = [10, 18, 8, 4, 29, 19, 9, 27, 29, 17, 6, 22, 30, 3, 10, 29, 31, 1, 16, 31, 31]
y_coordinates = [70, 124, 194, 197, 169, 164, 198, 176, 148, 201, 175, 173, 187, 167, 191, 139, 176, 198, 186, 183, 201]
x_dimensions = [12, 14, 11, 4, 4, 3, 25, 3, 3, 14, 13, 12, 3, 3, 9, 3, 3, 3, 3, 3, 3]
y_dimensions = [34, 4, 4, 5, 4, 34, 3, 22, 21, 3, 3, 3, 11, 10, 3, 8, 7, 6, 5, 4, 3]
minimum_height = 204
----------
x_coordinates = [16, 16, 6, 2, 24, 18, 8, 21, 31, 17, 25, 28, 30, 5, 9, 12, 15, 24, 27, 17, 31]
y_coordinates = [84, 149, 198, 198, 186, 153, 146, 178, 167, 200, 173, 176, 188, 185, 177, 185, 180, 194, 195, 187, 199]
x_dimensions = [12, 14, 11, 4, 4, 3, 25, 3, 3, 14, 3, 3, 3, 3, 9, 3, 3, 3, 3, 3, 3]
y_dimensions = [34, 4, 4, 5, 4, 34, 3, 22, 21, 3, 13, 12, 11, 10, 3, 8, 7, 6, 5, 4, 3]
minimum_height = 203
----------
x_coordinates = [10, 20, 19, 1, 26, 30, 8, 28, 16, 15, 20, 29, 10, 13, 1, 25, 23, 27, 5, 31, 29]
y_coordinates = [94, 139, 195, 197, 191, 165, 136, 143, 178, 199, 171, 124, 190, 183, 193, 164, 182, 185, 198, 161, 199]
x_dimensions = [12, 14, 11, 4, 4, 3, 25, 3, 3, 14, 3, 3, 3, 3, 9, 3, 7, 3, 5, 3, 3]
y_dimensions = [34, 4, 4, 5, 4, 34, 3, 22, 21, 3, 13, 12, 11, 10, 3, 8, 3, 6, 3, 4, 3]
minimum_height = 202
----------
x_coordinates = [7, 19, 21, 16, 27, 28, 5, 31, 4, 20, 19, 30, 2, 29, 12, 25, 31, 29, 4, 27, 29]
y_coordinates = [94, 106, 142, 145, 132, 155, 198, 154, 169, 146, 179, 189, 190, 122, 141, 175, 182, 136, 145, 152, 149]
x_dimensions = [12, 14, 11, 4, 4, 3, 25, 3, 3, 14, 3, 3, 3, 3, 9, 3, 3, 3, 3, 4, 3]
y_dimensions = [34, 4, 4, 5, 4, 34, 3, 22, 21, 3, 13, 12, 11, 10, 3, 8, 7, 6, 5, 3, 3]
minimum_height = 201
----------
x_coordinates = [14, 20, 9, 13, 24, 28, 9, 31, 12, 17, 22, 27, 16, 25, 0, 31, 24, 31, 6, 27, 31]
y_coordinates = [76, 110, 155, 155, 193, 163, 150, 162, 179, 155, 180, 138, 189, 183, 161, 192, 197, 156, 152, 160, 153]
x_dimensions = [12, 14, 4, 4, 4, 3, 25, 3, 3, 14, 3, 3, 3, 3, 9, 3, 7, 3, 3, 4, 3]
y_dimensions = [34, 4, 11, 5, 4, 34, 3, 22, 21, 3, 13, 12, 11, 10, 3, 8, 3, 6, 5, 3, 3]
minimum_height = 200
----------
x_coordinates = [1, 18, 9, 13, 9, 16, 8, 19, 13, 20, 21, 12, 31, 10, 0, 22, 31, 29, 6, 30, 17]
y_coordinates = [76, 144, 162, 160, 195, 165, 141, 177, 177, 164, 151, 148, 167, 184, 160, 195, 189, 158, 163, 196, 162]
x_dimensions = [12, 14, 4, 4, 4, 3, 25, 3, 3, 14, 3, 12, 3, 3, 9, 8, 3, 3, 3, 4, 3]
y_dimensions = [34, 4, 11, 5, 4, 34, 3, 22, 21, 3, 13, 3, 11, 10, 3, 3, 7, 6, 5, 3, 3]
minimum_height = 199
----------
x_coordinates = [16, 20, 9, 13, 30, 19, 8, 28, 16, 20, 26, 31, 31, 31, 0, 22, 23, 29, 6, 27, 17]
y_coordinates = [81, 141, 157, 157, 194, 164, 138, 167, 177, 158, 145, 172, 161, 184, 165, 195, 192, 152, 157, 189, 157]
x_dimensions = [12, 14, 4, 4, 4, 3, 25, 3, 3, 14, 3, 3, 3, 3, 9, 8, 7, 3, 3, 4, 3]
y_dimensions = [34, 4, 11, 5, 4, 34, 3, 22, 21, 3, 13, 12, 11, 10, 3, 3, 3, 6, 5, 3, 3]
minimum_height = 198
----------
x_coordinates = [13, 20, 10, 6, 15, 19, 9, 31, 24, 17, 29, 3, 0, 15, 1, 22, 27, 14, 13, 30, 10]
y_coordinates = [87, 140, 165, 161, 193, 163, 137, 162, 173, 160, 146, 162, 162, 183, 175, 194, 191, 162, 157, 194, 161]
x_dimensions = [12, 14, 4, 4, 4, 3, 25, 3, 3, 14, 3, 3, 3, 3, 9, 8, 7, 3, 3, 4, 3]
y_dimensions = [34, 4, 11, 5, 4, 34, 3, 22, 21, 3, 13, 12, 11, 10, 3, 3, 3, 6, 5, 3, 3]
minimum_height = 197
----------
x_coordinates = [14, 19, 10, 6, 22, 17, 9, 28, 0, 20, 30, 3, 3, 25, 5, 26, 27, 14, 13, 31, 10]
y_coordinates = [91, 144, 185, 182, 192, 162, 141, 161, 172, 183, 148, 173, 185, 160, 170, 193, 190, 184, 179, 179, 182]
x_dimensions = [12, 14, 4, 4, 4, 3, 25, 3, 3, 14, 3, 3, 3, 3, 9, 8, 7, 3, 3, 3, 3]
y_dimensions = [34, 4, 11, 5, 4, 34, 3, 22, 21, 3, 13, 12, 11, 10, 3, 3, 3, 6, 5, 4, 3]
minimum_height = 196
----------
x_coordinates = [15, 18, 30, 26, 15, 19, 9, 28, 21, 20, 29, 18, 11, 16, 2, 23, 27, 17, 14, 31, 8]
y_coordinates = [31, 126, 182, 178, 145, 137, 122, 149, 174, 171, 130, 179, 173, 135, 182, 146, 143, 173, 173, 148, 177]
x_dimensions = [12, 14, 4, 4, 4, 3, 25, 3, 3, 14, 3, 3, 3, 3, 9, 8, 7, 3, 3, 3, 3]
y_dimensions = [34, 4, 11, 5, 4, 34, 3, 22, 21, 3, 13, 12, 11, 10, 3, 3, 3, 6, 5, 4, 3]
minimum_height = 195
----------
x_coordinates = [5, 20, 23, 19, 6, 31, 8, 14, 0, 17, 16, 3, 11, 8, 13, 23, 10, 30, 7, 4, 21]
y_coordinates = [96, 145, 190, 186, 185, 156, 141, 169, 173, 183, 166, 177, 176, 168, 191, 187, 187, 150, 189, 189, 155]
x_dimensions = [12, 14, 11, 4, 4, 3, 25, 3, 3, 14, 13, 3, 3, 3, 9, 8, 3, 3, 3, 3, 3]
y_dimensions = [34, 4, 4, 5, 4, 34, 3, 22, 21, 3, 3, 12, 11, 10, 3, 3, 7, 6, 5, 4, 3]
minimum_height = 194
----------
x_coordinates = [5, 19, 24, 20, 10, 4, 8, 7, 28, 14, 6, 10, 31, 9, 13, 31, 7, 28, 27, 13, 17]
y_coordinates = [95, 152, 178, 184, 186, 159, 163, 168, 166, 189, 146, 174, 174, 153, 179, 185, 190, 187, 158, 182, 186]
x_dimensions = [12, 14, 4, 4, 4, 3, 25, 3, 3, 14, 3, 3, 3, 3, 9, 3, 7, 3, 3, 3, 3]
y_dimensions = [34, 4, 11, 5, 4, 34, 3, 22, 21, 3, 13, 12, 11, 10, 3, 8, 3, 6, 5, 4, 3]
minimum_height = 193
----------
x_coordinates = [16, 16, 13, 9, 24, 26, 2, 25, 31, 13, 26, 28, 30, 23, 23, 26, 17, 22, 21, 27, 19]
y_coordinates = [18, 100, 175, 180, 179, 110, 186, 157, 171, 189, 144, 176, 92, 147, 104, 107, 178, 183, 109, 188, 182]
x_dimensions = [12, 14, 4, 4, 4, 3, 25, 3, 3, 14, 3, 3, 3, 3, 9, 8, 7, 6, 5, 3, 3]
y_dimensions = [34, 4, 11, 5, 4, 34, 3, 22, 21, 3, 13, 12, 11, 10, 3, 3, 3, 3, 3, 4, 3]
minimum_height = 192
----------
x_coordinates = [14, 20, 17, 10, 29, 31, 2, 26, 28, 20, 31, 30, 29, 27, 22, 18, 23, 21, 25, 30, 14]
y_coordinates = [48, 20, 175, 180, 171, 137, 186, 156, 127, 124, 111, 175, 100, 181, 148, 170, 178, 183, 151, 187, 183]
x_dimensions = [12, 14, 4, 4, 4, 3, 25, 3, 3, 14, 3, 3, 3, 3, 9, 8, 7, 6, 3, 3, 3]
y_dimensions = [34, 4, 11, 5, 4, 34, 3, 22, 21, 3, 13, 12, 11, 10, 3, 3, 3, 3, 5, 4, 3]
minimum_height = 191
----------
x_coordinates = [12, 18, 11, 7, 30, 31, 2, 27, 29, 18, 29, 30, 29, 24, 22, 19, 24, 18, 16, 29, 15]
y_coordinates = [35, 31, 175, 180, 174, 140, 187, 168, 119, 112, 99, 178, 88, 171, 161, 181, 165, 184, 177, 115, 183]
x_dimensions = [12, 14, 4, 4, 4, 3, 25, 3, 3, 14, 3, 3, 3, 3, 9, 8, 7, 6, 3, 3, 3]
y_dimensions = [34, 4, 11, 5, 4, 34, 3, 22, 21, 3, 13, 12, 11, 10, 3, 3, 3, 3, 5, 4, 3]
minimum_height = 190
----------
x_coordinates = [5, 17, 11, 4, 23, 15, 9, 27, 28, 17, 18, 31, 31, 24, 25, 19, 21, 16, 30, 30, 8]
y_coordinates = [52, 85, 175, 184, 175, 142, 186, 164, 143, 137, 155, 161, 128, 162, 140, 172, 159, 183, 174, 182, 183]
x_dimensions = [12, 14, 4, 4, 4, 3, 25, 3, 3, 14, 3, 3, 3, 3, 9, 8, 7, 6, 3, 3, 3]
y_dimensions = [34, 4, 11, 5, 4, 34, 3, 22, 21, 3, 13, 12, 11, 10, 3, 3, 3, 3, 5, 4, 3]
minimum_height = 189
----------
x_coordinates = [14, 18, 6, 2, 24, 25, 8, 28, 21, 20, 22, 31, 30, 23, 24, 10, 14, 18, 31, 30, 15]
y_coordinates = [52, 103, 177, 183, 181, 147, 144, 163, 167, 137, 154, 166, 126, 127, 185, 184, 166, 182, 180, 140, 181]
x_dimensions = [12, 14, 4, 4, 4, 3, 25, 3, 3, 14, 3, 3, 3, 3, 9, 8, 7, 3, 3, 3, 3]
y_dimensions = [34, 4, 11, 5, 4, 34, 3, 22, 21, 3, 13, 12, 11, 10, 3, 3, 3, 6, 5, 4, 3]
minimum_height = 188
----------
x_coordinates = [2, 20, 4, 0, 21, 28, 2, 3, 24, 15, 25, 0, 15, 31, 16, 5, 21, 15, 13, 31, 28]
y_coordinates = [16, 124, 183, 182, 177, 149, 147, 174, 150, 144, 174, 170, 133, 170, 181, 180, 171, 184, 178, 182, 183]
x_dimensions = [12, 14, 11, 4, 4, 3, 25, 22, 3, 14, 3, 3, 3, 3, 9, 8, 7, 6, 3, 3, 3]
y_dimensions = [34, 4, 4, 5, 4, 34, 3, 3, 21, 3, 13, 12, 11, 10, 3, 3, 3, 3, 5, 4, 3]
minimum_height = 187
----------
x_coordinates = [13, 20, 5, 8, 20, 26, 3, 6, 0, 16, 31, 28, 25, 24, 17, 9, 27, 17, 27, 31, 11]
y_coordinates = [52, 17, 175, 164, 181, 134, 169, 172, 165, 131, 163, 168, 120, 175, 166, 182, 183, 179, 180, 176, 179]
x_dimensions = [12, 14, 4, 4, 4, 3, 25, 22, 3, 14, 3, 3, 3, 3, 9, 8, 7, 3, 5, 3, 3]
y_dimensions = [34, 4, 11, 5, 4, 34, 3, 3, 21, 3, 13, 12, 11, 10, 3, 3, 3, 6, 3, 4, 3]
minimum_height = 186
----------
x_coordinates = [8, 20, 13, 2, 30, 26, 2, 9, 6, 20, 31, 0, 29, 24, 23, 18, 27, 24, 3, 29, 10]
y_coordinates = [7, 87, 179, 180, 181, 132, 129, 166, 164, 126, 156, 168, 114, 172, 169, 163, 178, 182, 165, 131, 181]
x_dimensions = [12, 14, 11, 4, 4, 3, 25, 22, 3, 14, 3, 3, 3, 3, 9, 8, 7, 6, 3, 3, 3]
y_dimensions = [34, 4, 4, 5, 4, 34, 3, 3, 21, 3, 13, 12, 11, 10, 3, 3, 3, 3, 5, 4, 3]
minimum_height = 185
----------
x_coordinates = [0, 20, 12, 7, 23, 28, 9, 6, 0, 20, 25, 31, 17, 3, 19, 6, 27, 26, 8, 30, 10]
y_coordinates = [56, 131, 180, 180, 180, 147, 144, 177, 162, 135, 161, 169, 133, 174, 174, 143, 181, 138, 172, 140, 137]
x_dimensions = [34, 14, 11, 5, 4, 3, 25, 22, 3, 14, 3, 3, 3, 3, 9, 3, 7, 3, 3, 3, 3]
y_dimensions = [12, 4, 4, 4, 4, 34, 3, 3, 21, 3, 13, 12, 11, 10, 3, 8, 3, 6, 5, 4, 3]
minimum_height = 184
----------
x_coordinates = [7, 20, 15, 11, 24, 28, 3, 12, 8, 20, 1, 29, 16, 26, 18, 20, 27, 0, 5, 31, 14]
y_coordinates = [74, 96, 176, 178, 155, 131, 159, 165, 162, 128, 168, 168, 130, 170, 180, 162, 180, 158, 164, 158, 162]
x_dimensions = [12, 14, 11, 4, 4, 3, 25, 22, 3, 14, 3, 3, 3, 3, 9, 8, 7, 3, 3, 3, 3]
y_dimensions = [34, 4, 4, 5, 4, 34, 3, 3, 21, 3, 13, 12, 11, 10, 3, 3, 3, 6, 5, 4, 3]
minimum_height = 183
----------
x_coordinates = [5, 20, 20, 16, 30, 3, 8, 12, 6, 17, 9, 3, 29, 31, 25, 22, 9, 0, 0, 30, 19]
y_coordinates = [84, 139, 178, 177, 162, 136, 155, 169, 161, 172, 158, 170, 144, 172, 166, 161, 171, 157, 168, 158, 162]
x_dimensions = [12, 14, 11, 4, 4, 3, 25, 22, 3, 14, 3, 3, 3, 3, 9, 8, 3, 3, 3, 3, 3]
y_dimensions = [34, 4, 4, 5, 4, 34, 3, 3, 21, 3, 13, 12, 11, 10, 3, 3, 7, 6, 5, 4, 3]
minimum_height = 182
----------
x_coordinates = [15, 19, 12, 8, 28, 25, 0, 11, 13, 15, 9, 31, 24, 28, 16, 15, 24, 22, 13, 5, 19]
y_coordinates = [63, 97, 156, 177, 161, 141, 172, 135, 178, 138, 159, 166, 124, 165, 169, 153, 175, 163, 167, 177, 166]
x_dimensions = [12, 14, 4, 5, 4, 3, 25, 22, 21, 14, 3, 3, 3, 3, 9, 8, 7, 3, 3, 3, 3]
y_dimensions = [34, 4, 11, 4, 4, 34, 3, 3, 3, 3, 13, 12, 11, 10, 3, 3, 3, 6, 5, 4, 3]
minimum_height = 181
----------
x_coordinates = [15, 18, 15, 12, 28, 0, 9, 12, 13, 14, 20, 6, 18, 3, 19, 28, 6, 26, 29, 23, 19]
y_coordinates = [50, 8, 160, 156, 150, 146, 171, 177, 174, 153, 162, 161, 141, 170, 159, 154, 174, 165, 168, 166, 168]
x_dimensions = [12, 14, 4, 5, 4, 3, 25, 22, 21, 14, 13, 3, 3, 3, 9, 3, 7, 3, 5, 3, 3]
y_dimensions = [34, 4, 11, 4, 4, 34, 3, 3, 3, 3, 3, 12, 11, 10, 3, 8, 3, 6, 3, 4, 3]
minimum_height = 180
----------
x_coordinates = [10, 19, 17, 20, 26, 11, 3, 30, 13, 16, 28, 14, 28, 31, 21, 30, 6, 25, 31, 31, 19]
y_coordinates = [54, 108, 159, 153, 154, 139, 173, 121, 176, 140, 163, 161, 143, 145, 159, 155, 176, 162, 171, 167, 170]
x_dimensions = [12, 14, 4, 5, 4, 3, 25, 3, 21, 14, 3, 3, 3, 3, 9, 3, 7, 3, 3, 3, 3]
y_dimensions = [34, 4, 11, 4, 4, 34, 3, 22, 3, 3, 13, 12, 11, 10, 3, 8, 3, 6, 5, 4, 3]
minimum_height = 179
----------
x_coordinates = [7, 20, 27, 26, 30, 24, 9, 30, 6, 16, 31, 22, 29, 3, 15, 31, 27, 25, 29, 31, 28]
y_coordinates = [52, 34, 158, 115, 111, 129, 175, 136, 157, 110, 162, 163, 119, 168, 160, 103, 133, 169, 130, 158, 171]
x_dimensions = [12, 14, 4, 5, 4, 3, 25, 3, 3, 14, 3, 3, 3, 3, 9, 3, 7, 3, 5, 3, 3]
y_dimensions = [34, 4, 11, 4, 4, 34, 3, 22, 21, 3, 13, 12, 11, 10, 3, 8, 3, 6, 3, 4, 3]
minimum_height = 178
----------
x_coordinates = [13, 20, 24, 16, 27, 31, 24, 2, 27, 13, 31, 21, 18, 10, 20, 31, 26, 28, 29, 29, 21]
y_coordinates = [86, 2, 166, 161, 162, 130, 141, 158, 141, 161, 164, 162, 165, 165, 129, 122, 119, 171, 116, 112, 174]
x_dimensions = [12, 14, 4, 5, 4, 3, 3, 22, 3, 3, 3, 3, 3, 3, 9, 3, 7, 3, 5, 3, 3]
y_dimensions = [34, 4, 11, 4, 4, 34, 25, 3, 21, 14, 13, 12, 11, 10, 3, 8, 3, 6, 3, 4, 3]
minimum_height = 177
----------
x_coordinates = [8, 19, 22, 29, 18, 18, 9, 0, 6, 2, 21, 8, 26, 5, 9, 31, 27, 31, 31, 31, 21]
y_coordinates = [52, 118, 165, 172, 169, 130, 127, 173, 129, 159, 162, 164, 165, 163, 161, 154, 146, 166, 149, 142, 159]
x_dimensions = [12, 14, 4, 5, 4, 3, 25, 22, 3, 3, 13, 12, 3, 3, 9, 3, 7, 3, 3, 3, 3]
y_dimensions = [34, 4, 11, 4, 4, 34, 3, 3, 21, 14, 3, 3, 11, 10, 3, 8, 3, 6, 5, 4, 3]
minimum_height = 176
----------
x_coordinates = [2, 18, 16, 30, 23, 3, 9, 12, 6, 0, 26, 22, 27, 13, 18, 31, 24, 30, 31, 30, 20]
y_coordinates = [48, 40, 167, 170, 171, 141, 161, 155, 151, 161, 139, 158, 164, 165, 164, 138, 152, 164, 150, 146, 171]
x_dimensions = [12, 14, 11, 4, 4, 3, 25, 22, 3, 3, 3, 12, 3, 3, 9, 3, 7, 3, 3, 3, 3]
y_dimensions = [34, 4, 4, 5, 4, 34, 3, 3, 21, 14, 13, 3, 11, 10, 3, 8, 3, 6, 5, 4, 3]
minimum_height = 175
----------
x_coordinates = [6, 19, 12, 30, 23, 2, 9, 5, 21, 6, 26, 22, 27, 4, 24, 31, 24, 30, 31, 30, 22]
y_coordinates = [41, 103, 170, 169, 170, 140, 157, 164, 136, 150, 126, 160, 163, 130, 154, 130, 139, 163, 138, 126, 167]
x_dimensions = [12, 14, 11, 4, 4, 3, 25, 22, 3, 3, 3, 12, 3, 3, 9, 3, 7, 3, 3, 3, 3]
y_dimensions = [34, 4, 4, 5, 4, 34, 3, 3, 21, 14, 13, 3, 11, 10, 3, 8, 3, 6, 5, 4, 3]
minimum_height = 174
----------
x_coordinates = [0, 20, 14, 27, 23, 5, 11, 9, 22, 8, 25, 31, 28, 6, 22, 31, 26, 3, 31, 30, 19]
y_coordinates = [82, 126, 158, 162, 162, 129, 145, 170, 137, 149, 149, 161, 151, 163, 167, 148, 145, 165, 156, 141, 167]
x_dimensions = [34, 14, 11, 4, 4, 3, 3, 22, 3, 3, 3, 3, 3, 3, 9, 3, 7, 3, 3, 3, 3]
y_dimensions = [12, 4, 4, 5, 4, 34, 25, 3, 21, 14, 13, 12, 11, 10, 3, 8, 3, 6, 5, 4, 3]
minimum_height = 173
----------
x_coordinates = [3, 17, 14, 23, 27, 5, 11, 9, 31, 3, 25, 31, 28, 6, 22, 31, 26, 0, 30, 30, 19]
y_coordinates = [65, 139, 157, 161, 162, 122, 138, 166, 139, 158, 148, 160, 151, 160, 169, 126, 123, 165, 134, 119, 169]
x_dimensions = [12, 14, 11, 4, 4, 3, 3, 22, 3, 3, 3, 3, 3, 3, 9, 3, 7, 3, 3, 3, 3]
y_dimensions = [34, 4, 4, 5, 4, 34, 25, 3, 21, 14, 13, 12, 11, 10, 3, 8, 3, 6, 5, 4, 3]
minimum_height = 172
----------
x_coordinates = [16, 18, 21, 30, 26, 21, 5, 8, 20, 8, 29, 22, 29, 16, 25, 31, 25, 2, 30, 29, 28]
y_coordinates = [28, 97, 101, 164, 164, 105, 146, 168, 139, 162, 140, 161, 126, 165, 137, 153, 118, 165, 121, 114, 158]
x_dimensions = [12, 14, 11, 4, 4, 3, 3, 22, 3, 14, 3, 12, 3, 10, 9, 3, 7, 3, 3, 3, 3]
y_dimensions = [34, 4, 4, 5, 4, 34, 25, 3, 21, 3, 13, 3, 11, 3, 3, 8, 3, 6, 5, 4, 3]
minimum_height = 171
----------
x_coordinates = [2, 20, 1, 13, 27, 11, 21, 12, 31, 17, 11, 1, 30, 3, 23, 31, 14, 24, 30, 30, 0]
y_coordinates = [61, 99, 166, 162, 160, 126, 139, 167, 146, 164, 122, 163, 123, 160, 134, 115, 140, 158, 141, 137, 160]
x_dimensions = [12, 14, 11, 4, 4, 3, 3, 22, 3, 14, 13, 12, 3, 10, 9, 3, 7, 3, 3, 3, 3]
y_dimensions = [34, 4, 4, 5, 4, 34, 25, 3, 21, 3, 3, 3, 11, 3, 3, 8, 3, 6, 5, 4, 3]
minimum_height = 170
----------
x_coordinates = [0, 19, 23, 13, 3, 22, 7, 12, 10, 20, 1, 0, 4, 20, 25, 31, 27, 17, 31, 28, 31]
y_coordinates = [77, 114, 159, 161, 161, 119, 139, 166, 144, 163, 148, 165, 150, 153, 140, 143, 151, 160, 154, 147, 137]
x_dimensions = [12, 14, 11, 4, 4, 3, 3, 22, 3, 14, 3, 12, 3, 3, 9, 3, 7, 3, 3, 3, 3]
y_dimensions = [34, 4, 4, 5, 4, 34, 25, 3, 21, 3, 13, 3, 11, 10, 3, 8, 3, 6, 5, 4, 3]
minimum_height = 169
----------
x_coordinates = [7, 20, 4, 18, 14, 13, 28, 30, 25, 0, 31, 22, 16, 15, 24, 21, 27, 31, 31, 24, 14]
y_coordinates = [83, 107, 160, 163, 164, 126, 140, 112, 144, 164, 141, 165, 136, 160, 134, 136, 137, 159, 154, 139, 123]
x_dimensions = [12, 14, 11, 4, 4, 3, 3, 3, 3, 14, 3, 12, 3, 10, 9, 3, 7, 3, 3, 3, 3]
y_dimensions = [34, 4, 4, 5, 4, 34, 25, 22, 21, 3, 13, 3, 11, 3, 3, 8, 3, 6, 5, 4, 3]
minimum_height = 168
----------
x_coordinates = [16, 20, 23, 25, 1, 24, 30, 26, 8, 11, 30, 13, 4, 4, 28, 28, 27, 5, 31, 27, 29]
y_coordinates = [61, 96, 103, 163, 162, 107, 142, 141, 146, 164, 117, 161, 129, 140, 108, 133, 130, 161, 137, 126, 100]
x_dimensions = [12, 14, 11, 5, 4, 3, 3, 3, 3, 14, 3, 12, 3, 10, 3, 3, 7, 3, 3, 3, 3]
y_dimensions = [34, 4, 4, 4, 4, 34, 25, 22, 21, 3, 13, 3, 11, 3, 9, 8, 3, 6, 5, 4, 3]
minimum_height = 167
----------
x_coordinates = [8, 20, 23, 27, 10, 24, 7, 31, 31, 14, 30, 25, 13, 21, 28, 30, 27, 28, 28, 30, 22]
y_coordinates = [48, 77, 91, 135, 142, 104, 141, 144, 123, 140, 95, 143, 94, 163, 149, 115, 112, 142, 158, 108, 143]
x_dimensions = [12, 14, 11, 4, 4, 3, 3, 3, 3, 14, 3, 3, 3, 10, 3, 3, 7, 3, 3, 3, 3]
y_dimensions = [34, 4, 4, 5, 4, 34, 25, 22, 21, 3, 13, 12, 11, 3, 9, 8, 3, 6, 5, 4, 3]
minimum_height = 166
----------
x_coordinates = [0, 19, 23, 27, 23, 24, 0, 9, 3, 14, 30, 6, 21, 21, 31, 30, 27, 28, 31, 27, 31]
y_coordinates = [60, 100, 112, 160, 161, 117, 138, 157, 144, 154, 116, 153, 128, 151, 145, 137, 129, 154, 132, 125, 159]
x_dimensions = [34, 14, 11, 4, 4, 3, 3, 22, 3, 14, 3, 3, 3, 10, 3, 3, 7, 6, 3, 3, 3]
y_dimensions = [12, 4, 4, 5, 4, 34, 25, 3, 21, 3, 13, 12, 11, 3, 9, 8, 3, 3, 5, 4, 3]
minimum_height = 165
----------
x_coordinates = [1, 20, 23, 27, 8, 25, 31, 5, 26, 12, 31, 2, 11, 21, 23, 30, 25, 20, 31, 25, 31]
y_coordinates = [24, 21, 86, 159, 156, 90, 136, 160, 138, 154, 99, 152, 89, 135, 145, 120, 128, 157, 131, 124, 161]
x_dimensions = [12, 14, 11, 4, 4, 3, 3, 22, 3, 14, 3, 3, 3, 10, 3, 3, 7, 6, 3, 3, 3]
y_dimensions = [34, 4, 4, 5, 4, 34, 25, 3, 21, 3, 13, 12, 11, 3, 9, 8, 3, 3, 5, 4, 3]
minimum_height = 164
----------
x_coordinates = [0, 20, 24, 27, 10, 28, 1, 5, 25, 17, 31, 31, 9, 21, 28, 31, 26, 4, 31, 30, 2]
y_coordinates = [48, 94, 120, 158, 155, 109, 135, 159, 131, 155, 125, 151, 130, 152, 143, 138, 106, 156, 146, 102, 160]
x_dimensions = [34, 14, 4, 4, 4, 3, 3, 22, 3, 14, 3, 3, 3, 10, 3, 3, 7, 6, 3, 3, 3]
y_dimensions = [12, 4, 11, 5, 4, 34, 25, 3, 21, 3, 13, 12, 11, 3, 9, 8, 3, 3, 5, 4, 3]
minimum_height = 163
----------
x_coordinates = [2, 18, 20, 30, 17, 21, 0, 3, 4, 7, 31, 25, 17, 24, 18, 30, 27, 28, 31, 24, 31]
y_coordinates = [57, 110, 114, 157, 155, 125, 137, 159, 138, 152, 122, 150, 124, 146, 143, 138, 135, 151, 149, 137, 154]
x_dimensions = [12, 14, 4, 4, 4, 3, 3, 22, 3, 14, 3, 3, 3, 10, 3, 3, 7, 3, 3, 3, 3]
y_dimensions = [34, 4, 11, 5, 4, 34, 25, 3, 21, 3, 13, 12, 11, 3, 9, 8, 3, 6, 5, 4, 3]
minimum_height = 162
----------
x_coordinates = [0, 18, 24, 27, 30, 28, 9, 12, 29, 16, 31, 31, 21, 21, 26, 31, 26, 24, 31, 30, 21]
y_coordinates = [41, 59, 126, 156, 140, 103, 136, 137, 82, 140, 116, 149, 126, 152, 143, 129, 79, 155, 144, 75, 158]
x_dimensions = [34, 14, 4, 4, 4, 3, 3, 22, 3, 14, 3, 3, 3, 10, 3, 3, 7, 3, 3, 3, 3]
y_dimensions = [12, 4, 11, 5, 4, 34, 25, 3, 21, 3, 13, 12, 11, 3, 9, 8, 3, 6, 5, 4, 3]
minimum_height = 161
----------
x_coordinates = [8, 20, 30, 27, 26, 26, 2, 5, 25, 12, 31, 31, 9, 24, 28, 30, 25, 24, 31, 29, 31]
y_coordinates = [74, 38, 125, 155, 126, 92, 135, 157, 130, 125, 60, 148, 125, 89, 146, 78, 86, 151, 120, 74, 145]
x_dimensions = [12, 14, 4, 4, 4, 3, 3, 22, 3, 14, 3, 3, 3, 10, 3, 3, 7, 3, 3, 3, 3]
y_dimensions = [34, 4, 11, 5, 4, 34, 25, 3, 21, 3, 13, 12, 11, 3, 9, 8, 3, 6, 5, 4, 3]
minimum_height = 160
----------
x_coordinates = [16, 18, 25, 27, 30, 26, 2, 5, 9, 12, 20, 31, 8, 23, 6, 6, 25, 30, 31, 31, 31]
y_coordinates = [22, 90, 106, 154, 143, 120, 134, 156, 134, 146, 133, 147, 116, 136, 145, 136, 117, 137, 129, 113, 134]
x_dimensions = [12, 14, 4, 4, 4, 3, 3, 22, 3, 14, 3, 3, 3, 3, 3, 3, 7, 3, 3, 3, 3]
y_dimensions = [34, 4, 11, 5, 4, 34, 25, 3, 21, 3, 13, 12, 11, 10, 9, 8, 3, 6, 5, 4, 3]
minimum_height = 159
----------
x_coordinates = [0, 18, 21, 27, 30, 27, 28, 12, 25, 13, 31, 31, 18, 24, 31, 30, 26, 24, 31, 29, 31]
y_coordinates = [60, 35, 118, 119, 151, 124, 94, 91, 98, 149, 138, 118, 128, 129, 104, 130, 88, 152, 113, 84, 155]
x_dimensions = [12, 14, 4, 4, 4, 3, 3, 22, 3, 14, 3, 3, 3, 3, 3, 3, 7, 3, 3, 3, 3]
y_dimensions = [34, 4, 11, 5, 4, 34, 25, 3, 21, 3, 13, 12, 11, 10, 9, 8, 3, 6, 5, 4, 3]
minimum_height = 158
----------
x_coordinates = [0, 20, 27, 30, 30, 27, 31, 12, 26, 13, 29, 30, 31, 21, 23, 24, 25, 24, 31, 29, 31]
y_coordinates = [66, 8, 91, 128, 150, 123, 101, 75, 102, 148, 78, 133, 57, 97, 125, 90, 72, 151, 95, 68, 154]
x_dimensions = [12, 14, 4, 4, 4, 3, 3, 22, 3, 14, 3, 3, 3, 3, 3, 3, 7, 3, 3, 3, 3]
y_dimensions = [34, 4, 11, 5, 4, 34, 25, 3, 21, 3, 13, 12, 11, 10, 9, 8, 3, 6, 5, 4, 3]
minimum_height = 157
----------
x_coordinates = [16, 20, 24, 28, 21, 28, 31, 12, 27, 7, 31, 25, 21, 23, 1, 3, 25, 4, 31, 29, 31]
y_coordinates = [51, 38, 123, 151, 150, 117, 126, 93, 96, 150, 111, 144, 116, 102, 147, 95, 90, 150, 102, 86, 99]
x_dimensions = [12, 14, 4, 4, 4, 3, 3, 22, 3, 14, 3, 3, 3, 3, 3, 3, 7, 3, 3, 3, 3]
y_dimensions = [34, 4, 11, 5, 4, 34, 25, 3, 21, 3, 13, 12, 11, 10, 9, 8, 3, 6, 5, 4, 3]
minimum_height = 156
----------
x_coordinates = [1, 20, 26, 29, 24, 28, 24, 6, 31, 10, 30, 27, 7, 21, 0, 3, 26, 5, 31, 29, 31]
y_coordinates = [26, 79, 144, 124, 115, 90, 119, 112, 103, 118, 142, 129, 118, 121, 121, 114, 87, 140, 129, 83, 139]
x_dimensions = [12, 14, 4, 4, 4, 3, 3, 22, 3, 14, 3, 3, 3, 3, 3, 3, 7, 3, 3, 3, 3]
y_dimensions = [34, 4, 11, 5, 4, 34, 25, 3, 21, 3, 13, 12, 11, 10, 9, 8, 3, 6, 5, 4, 3]
minimum_height = 155
----------
x_coordinates = [2, 20, 20, 27, 26, 30, 31, 7, 28, 12, 29, 27, 28, 1, 6, 4, 25, 1, 31, 29, 31]
y_coordinates = [32, 12, 90, 115, 150, 120, 93, 87, 94, 149, 77, 138, 54, 86, 145, 89, 69, 96, 72, 65, 62]
x_dimensions = [12, 14, 11, 4, 4, 3, 3, 22, 3, 14, 3, 3, 3, 3, 3, 3, 7, 3, 3, 3, 3]
y_dimensions = [34, 4, 4, 5, 4, 34, 25, 3, 21, 3, 13, 12, 11, 10, 9, 8, 3, 6, 5, 4, 3]
minimum_height = 154
----------
x_coordinates = [5, 20, 20, 2, 26, 30, 31, 7, 27, 12, 29, 28, 28, 4, 6, 8, 25, 10, 31, 29, 31]
y_coordinates = [26, 12, 149, 148, 90, 61, 128, 127, 94, 93, 115, 137, 43, 127, 144, 93, 58, 147, 95, 54, 100]
x_dimensions = [12, 14, 11, 4, 4, 3, 3, 22, 3, 14, 3, 3, 3, 3, 3, 3, 7, 3, 3, 3, 3]
y_dimensions = [34, 4, 4, 5, 4, 34, 25, 3, 21, 3, 13, 12, 11, 10, 9, 8, 3, 6, 5, 4, 3]
minimum_height = 153
----------
x_coordinates = [5, 18, 20, 16, 26, 30, 31, 2, 28, 12, 30, 27, 10, 24, 13, 15, 25, 12, 31, 29, 31]
y_coordinates = [29, 31, 114, 113, 148, 118, 93, 89, 93, 149, 77, 121, 117, 90, 113, 73, 66, 73, 69, 62, 74]
x_dimensions = [12, 14, 11, 4, 4, 3, 3, 22, 3, 14, 3, 3, 3, 10, 3, 3, 7, 3, 3, 3, 3]
y_dimensions = [34, 4, 4, 5, 4, 34, 25, 3, 21, 3, 13, 12, 11, 3, 9, 8, 3, 6, 5, 4, 3]
minimum_height = 152
----------
x_coordinates = [8, 20, 19, 15, 21, 28, 31, 0, 30, 7, 31, 25, 12, 31, 20, 22, 27, 20, 31, 29, 31]
y_coordinates = [17, 31, 113, 115, 147, 117, 116, 91, 95, 148, 79, 139, 116, 141, 131, 91, 71, 140, 74, 67, 92]
x_dimensions = [12, 14, 11, 4, 4, 3, 3, 22, 3, 14, 3, 3, 3, 3, 3, 3, 7, 3, 3, 3, 3]
y_dimensions = [34, 4, 4, 5, 4, 34, 25, 3, 21, 3, 13, 12, 11, 10, 9, 8, 3, 6, 5, 4, 3]
minimum_height = 151
----------
x_coordinates = [14, 18, 20, 16, 22, 28, 31, 6, 31, 8, 31, 27, 24, 23, 19, 21, 25, 20, 31, 29, 31]
y_coordinates = [18, 69, 136, 132, 100, 87, 122, 97, 101, 103, 88, 121, 120, 147, 120, 87, 77, 144, 80, 73, 85]
x_dimensions = [12, 14, 11, 4, 4, 3, 3, 22, 3, 14, 3, 3, 3, 10, 3, 3, 7, 3, 3, 3, 3]
y_dimensions = [34, 4, 4, 5, 4, 34, 25, 3, 21, 3, 13, 12, 11, 3, 9, 8, 3, 6, 5, 4, 3]
minimum_height = 150
----------
x_coordinates = [6, 18, 19, 15, 24, 28, 31, 6, 21, 7, 18, 31, 23, 31, 15, 17, 27, 18, 31, 29, 31]
y_coordinates = [39, 37, 111, 114, 145, 115, 102, 123, 126, 146, 126, 137, 90, 127, 136, 96, 91, 140, 97, 87, 94]
x_dimensions = [12, 14, 11, 4, 4, 3, 3, 22, 3, 14, 3, 3, 3, 3, 3, 3, 7, 3, 3, 3, 3]
y_dimensions = [34, 4, 4, 5, 4, 34, 25, 3, 21, 3, 13, 12, 11, 10, 9, 8, 3, 6, 5, 4, 3]
minimum_height = 149
----------
x_coordinates = [13, 18, 16, 9, 26, 30, 31, 5, 27, 17, 6, 13, 3, 2, 10, 12, 26, 14, 31, 29, 31]
y_coordinates = [69, 39, 122, 121, 118, 89, 123, 138, 122, 145, 120, 121, 121, 132, 129, 113, 81, 141, 84, 77, 74]
x_dimensions = [12, 14, 11, 4, 4, 3, 3, 22, 3, 14, 3, 3, 3, 3, 3, 3, 7, 3, 3, 3, 3]
y_dimensions = [34, 4, 4, 5, 4, 34, 25, 3, 21, 3, 13, 12, 11, 10, 9, 8, 3, 6, 5, 4, 3]
minimum_height = 148
----------
x_coordinates = [7, 18, 16, 9, 26, 30, 31, 5, 27, 17, 3, 13, 6, 7, 10, 12, 26, 14, 31, 29, 31]
y_coordinates = [72, 25, 121, 120, 117, 88, 122, 138, 121, 144, 119, 121, 117, 128, 129, 112, 77, 141, 80, 73, 85]
x_dimensions = [12, 14, 11, 4, 4, 3, 3, 22, 3, 14, 3, 3, 3, 3, 3, 3, 7, 3, 3, 3, 3]
y_dimensions = [34, 4, 4, 5, 4, 34, 25, 3, 21, 3, 13, 12, 11, 10, 9, 8, 3, 6, 5, 4, 3]
minimum_height = 147
----------
x_coordinates = [2, 20, 16, 9, 26, 30, 31, 5, 27, 17, 3, 13, 6, 0, 10, 12, 26, 14, 31, 29, 31]
y_coordinates = [57, 33, 120, 120, 116, 87, 121, 138, 120, 143, 118, 120, 119, 129, 129, 112, 79, 132, 82, 75, 72]
x_dimensions = [12, 14, 11, 4, 4, 3, 3, 22, 3, 14, 3, 3, 3, 3, 3, 3, 7, 3, 3, 3, 3]
y_dimensions = [34, 4, 4, 5, 4, 34, 25, 3, 21, 3, 13, 12, 11, 10, 9, 8, 3, 6, 5, 4, 3]
minimum_height = 146
----------
x_coordinates = [12, 19, 16, 9, 26, 30, 31, 5, 27, 17, 3, 13, 6, 10, 10, 12, 26, 14, 31, 29, 31]
y_coordinates = [39, 33, 119, 122, 115, 86, 120, 139, 119, 142, 118, 119, 118, 128, 113, 105, 75, 133, 78, 71, 83]
x_dimensions = [12, 14, 11, 4, 4, 3, 3, 22, 3, 14, 3, 3, 3, 3, 3, 3, 7, 3, 3, 3, 3]
y_dimensions = [34, 4, 4, 5, 4, 34, 25, 3, 21, 3, 13, 12, 11, 10, 9, 8, 3, 6, 5, 4, 3]
minimum_height = 145
----------
x_coordinates = [5, 18, 16, 9, 26, 30, 31, 5, 27, 17, 6, 13, 3, 2, 10, 12, 26, 14, 31, 29, 31]
y_coordinates = [20, 51, 118, 121, 114, 85, 119, 135, 118, 141, 117, 118, 116, 129, 112, 104, 77, 138, 80, 73, 70]
x_dimensions = [12, 14, 11, 4, 4, 3, 3, 22, 3, 14, 3, 3, 3, 3, 3, 3, 7, 3, 3, 3, 3]
y_dimensions = [34, 4, 4, 5, 4, 34, 25, 3, 21, 3, 13, 12, 11, 10, 9, 8, 3, 6, 5, 4, 3]
minimum_height = 144
----------
x_coordinates = [0, 20, 17, 10, 27, 31, 31, 6, 28, 16, 0, 14, 5, 3, 11, 13, 27, 13, 31, 30, 31]
y_coordinates = [35, 29, 117, 120, 113, 84, 118, 134, 117, 140, 116, 117, 116, 128, 125, 109, 73, 137, 76, 69, 81]
x_dimensions = [34, 14, 11, 4, 4, 3, 3, 22, 3, 14, 3, 3, 3, 3, 3, 3, 7, 3, 3, 3, 3]
y_dimensions = [12, 4, 4, 5, 4, 34, 25, 3, 21, 3, 13, 12, 11, 10, 9, 8, 3, 6, 5, 4, 3]
minimum_height = 143
----------
x_coordinates = [4, 18, 14, 10, 27, 31, 31, 0, 28, 17, 22, 25, 7, 25, 22, 19, 27, 19, 31, 30, 31]
y_coordinates = [64, 33, 115, 116, 108, 83, 117, 127, 116, 112, 129, 116, 116, 128, 120, 119, 75, 136, 78, 71, 68]
x_dimensions = [12, 14, 11, 4, 4, 3, 3, 22, 3, 14, 3, 3, 3, 3, 3, 3, 7, 3, 3, 3, 3]
y_dimensions = [34, 4, 4, 5, 4, 34, 25, 3, 21, 3, 13, 12, 11, 10, 9, 8, 3, 6, 5, 4, 3]
minimum_height = 142
----------
x_coordinates = [8, 20, 14, 9, 27, 31, 25, 0, 28, 17, 19, 22, 3, 6, 13, 14, 27, 16, 31, 30, 31]
y_coordinates = [17, 58, 121, 124, 109, 103, 116, 138, 120, 113, 125, 128, 124, 128, 128, 112, 95, 132, 98, 91, 137]
x_dimensions = [12, 14, 11, 4, 4, 3, 3, 22, 3, 14, 3, 3, 3, 3, 3, 3, 7, 3, 3, 3, 3]
y_dimensions = [34, 4, 4, 5, 4, 34, 25, 3, 21, 3, 13, 12, 11, 10, 9, 8, 3, 6, 5, 4, 3]
minimum_height = 141
----------
x_coordinates = [9, 20, 23, 19, 27, 31, 25, 0, 28, 17, 22, 21, 30, 19, 23, 24, 25, 21, 31, 30, 31]
y_coordinates = [3, 59, 96, 99, 108, 103, 115, 127, 119, 112, 127, 115, 70, 130, 100, 88, 85, 109, 91, 81, 100]
x_dimensions = [12, 14, 11, 4, 4, 3, 3, 22, 3, 14, 3, 3, 3, 3, 3, 8, 7, 6, 3, 3, 3]
y_dimensions = [34, 4, 4, 5, 4, 34, 25, 3, 21, 3, 13, 12, 11, 10, 9, 3, 3, 3, 5, 4, 3]
minimum_height = 140
----------
x_coordinates = [2, 19, 17, 13, 30, 28, 3, 9, 31, 20, 6, 8, 0, 0, 8, 26, 27, 22, 31, 30, 31]
y_coordinates = [61, 78, 121, 118, 95, 99, 114, 133, 115, 136, 126, 111, 118, 129, 123, 89, 92, 125, 110, 85, 82]
x_dimensions = [12, 14, 11, 4, 4, 3, 3, 22, 3, 14, 3, 3, 3, 3, 9, 8, 7, 6, 3, 3, 3]
y_dimensions = [34, 4, 4, 5, 4, 34, 25, 3, 21, 3, 13, 12, 11, 10, 3, 3, 3, 3, 5, 4, 3]
minimum_height = 139
----------
x_coordinates = [6, 18, 17, 21, 30, 28, 10, 12, 31, 20, 28, 25, 13, 17, 16, 24, 27, 22, 31, 30, 31]
y_coordinates = [51, 53, 116, 127, 78, 88, 113, 85, 110, 135, 122, 120, 119, 128, 124, 82, 75, 132, 105, 71, 131]
x_dimensions = [12, 14, 11, 4, 4, 3, 3, 22, 3, 14, 3, 3, 3, 3, 9, 8, 7, 6, 3, 3, 3]
y_dimensions = [34, 4, 4, 5, 4, 34, 25, 3, 21, 3, 13, 12, 11, 10, 3, 3, 3, 3, 5, 4, 3]
minimum_height = 138
----------
x_coordinates = [0, 10, 17, 13, 26, 5, 31, 12, 27, 13, 30, 28, 2, 24, 8, 26, 26, 26, 31, 29, 31]
y_coordinates = [63, 111, 133, 129, 92, 103, 112, 96, 104, 124, 99, 125, 126, 111, 134, 88, 85, 78, 91, 81, 75]
x_dimensions = [12, 14, 11, 4, 4, 3, 3, 22, 3, 14, 3, 3, 3, 3, 9, 8, 7, 6, 3, 3, 3]
y_dimensions = [34, 4, 4, 5, 4, 34, 25, 3, 21, 3, 13, 12, 11, 10, 3, 3, 3, 3, 5, 4, 3]
minimum_height = 137
----------
x_coordinates = [10, 30, 23, 19, 29, 14, 25, 10, 31, 17, 28, 11, 5, 8, 22, 26, 19, 27, 31, 22, 31]
y_coordinates = [66, 80, 132, 131, 59, 102, 103, 63, 111, 128, 115, 124, 125, 126, 94, 56, 100, 97, 96, 100, 102]
x_dimensions = [12, 4, 11, 4, 4, 3, 3, 22, 3, 14, 3, 3, 3, 3, 9, 8, 3, 3, 3, 3, 3]
y_dimensions = [34, 14, 4, 5, 4, 34, 25, 3, 21, 3, 13, 12, 11, 10, 3, 3, 7, 6, 5, 4, 3]
minimum_height = 136
----------
x_coordinates = [16, 22, 23, 18, 30, 3, 14, 9, 31, 17, 28, 11, 0, 8, 21, 18, 0, 16, 6, 27, 31]
y_coordinates = [61, 113, 131, 130, 102, 101, 110, 107, 109, 127, 114, 123, 124, 125, 98, 95, 105, 101, 105, 103, 106]
x_dimensions = [12, 4, 11, 4, 4, 3, 3, 22, 3, 14, 3, 3, 3, 3, 3, 8, 3, 3, 3, 3, 3]
y_dimensions = [34, 14, 4, 5, 4, 34, 25, 3, 21, 3, 13, 12, 11, 10, 9, 3, 7, 6, 5, 4, 3]
minimum_height = 135
----------
x_coordinates = [0, 0, 17, 7, 23, 14, 31, 12, 31, 17, 28, 11, 4, 10, 10, 18, 16, 27, 16, 24, 18]
y_coordinates = [66, 116, 119, 120, 130, 92, 109, 85, 88, 123, 108, 120, 120, 106, 63, 60, 126, 128, 129, 126, 108]
x_dimensions = [12, 14, 11, 4, 4, 3, 3, 22, 3, 14, 3, 3, 3, 3, 9, 8, 7, 3, 3, 3, 3]
y_dimensions = [34, 4, 4, 5, 4, 34, 25, 3, 21, 3, 13, 12, 11, 10, 3, 3, 3, 6, 5, 4, 3]
minimum_height = 134
----------
x_coordinates = [16, 28, 23, 19, 30, 11, 25, 10, 31, 17, 28, 14, 5, 8, 22, 24, 9, 28, 31, 16, 31]
y_coordinates = [63, 81, 129, 128, 104, 99, 97, 60, 108, 125, 112, 121, 121, 121, 97, 57, 96, 97, 98, 97, 95]
x_dimensions = [12, 4, 11, 4, 4, 3, 3, 22, 3, 14, 3, 3, 3, 3, 3, 8, 7, 3, 3, 3, 3]
y_dimensions = [34, 14, 4, 5, 4, 34, 25, 3, 21, 3, 13, 12, 11, 10, 9, 3, 3, 6, 5, 4, 3]
minimum_height = 133
----------
x_coordinates = [15, 27, 23, 19, 22, 11, 31, 10, 31, 17, 28, 8, 5, 8, 22, 24, 15, 28, 14, 31, 31]
y_coordinates = [65, 79, 127, 127, 120, 94, 98, 62, 74, 124, 94, 120, 119, 106, 111, 59, 119, 118, 123, 123, 95]
x_dimensions = [12, 4, 11, 4, 4, 3, 3, 22, 3, 14, 3, 3, 3, 3, 3, 8, 7, 3, 3, 3, 3]
y_dimensions = [34, 14, 4, 5, 4, 34, 25, 3, 21, 3, 13, 12, 11, 10, 9, 3, 3, 6, 5, 4, 3]
minimum_height = 132
----------
x_coordinates = [14, 20, 24, 20, 16, 11, 31, 10, 31, 20, 28, 8, 5, 8, 21, 23, 14, 28, 14, 17, 31]
y_coordinates = [64, 53, 117, 123, 127, 97, 100, 61, 79, 128, 99, 119, 118, 109, 114, 58, 119, 121, 122, 123, 125]
x_dimensions = [12, 14, 4, 4, 4, 3, 3, 22, 3, 14, 3, 3, 3, 3, 3, 8, 7, 3, 3, 3, 3]
y_dimensions = [34, 4, 11, 5, 4, 34, 25, 3, 21, 3, 13, 12, 11, 10, 9, 3, 3, 6, 5, 4, 3]
minimum_height = 131
----------
x_coordinates = [15, 27, 24, 20, 7, 11, 31, 10, 31, 17, 28, 14, 4, 8, 21, 22, 23, 28, 23, 5, 20]
y_coordinates = [64, 86, 116, 122, 126, 96, 84, 61, 109, 127, 108, 117, 117, 108, 113, 58, 105, 121, 108, 107, 108]
x_dimensions = [12, 4, 4, 4, 4, 3, 3, 22, 3, 14, 3, 3, 3, 3, 3, 8, 7, 3, 3, 3, 3]
y_dimensions = [34, 14, 11, 5, 4, 34, 25, 3, 21, 3, 13, 12, 11, 10, 9, 3, 3, 6, 5, 4, 3]
minimum_height = 130
----------
x_coordinates = [16, 2, 24, 20, 7, 14, 31, 10, 31, 17, 28, 11, 4, 8, 21, 23, 27, 28, 31, 10, 6]
y_coordinates = [25, 55, 115, 121, 125, 95, 83, 75, 108, 126, 107, 116, 116, 107, 112, 69, 72, 120, 78, 82, 82]
x_dimensions = [12, 14, 4, 4, 4, 3, 3, 22, 3, 14, 3, 3, 3, 3, 3, 8, 7, 3, 3, 3, 3]
y_dimensions = [34, 4, 11, 5, 4, 34, 25, 3, 21, 3, 13, 12, 11, 10, 9, 3, 3, 6, 5, 4, 3]
minimum_height = 129
----------
x_coordinates = [16, 23, 24, 17, 7, 11, 28, 10, 31, 17, 28, 14, 21, 8, 1, 2, 16, 4, 18, 5, 15]
y_coordinates = [63, 99, 114, 120, 124, 94, 87, 60, 107, 125, 112, 116, 114, 111, 119, 62, 108, 122, 111, 113, 111]
x_dimensions = [12, 4, 4, 4, 4, 3, 3, 22, 3, 14, 3, 3, 3, 3, 3, 8, 7, 3, 3, 3, 3]
y_dimensions = [34, 14, 11, 5, 4, 34, 25, 3, 21, 3, 13, 12, 11, 10, 9, 3, 3, 6, 5, 4, 3]
minimum_height = 128
----------
x_coordinates = [15, 26, 26, 24, 30, 14, 31, 12, 19, 20, 31, 23, 17, 20, 4, 26, 27, 28, 31, 31, 17]
y_coordinates = [31, 80, 108, 122, 115, 93, 86, 65, 80, 119, 68, 107, 116, 109, 124, 28, 62, 124, 81, 111, 110]
x_dimensions = [12, 4, 4, 4, 4, 3, 3, 22, 3, 14, 3, 3, 3, 3, 9, 8, 7, 6, 3, 3, 3]
y_dimensions = [34, 14, 11, 5, 4, 34, 25, 3, 21, 3, 13, 12, 11, 10, 3, 3, 3, 3, 5, 4, 3]
minimum_height = 127
----------
x_coordinates = [16, 19, 29, 30, 8, 12, 9, 31, 28, 20, 31, 15, 18, 5, 21, 17, 9, 14, 11, 15, 1]
y_coordinates = [62, 55, 107, 118, 122, 89, 93, 72, 86, 123, 94, 106, 117, 116, 120, 59, 81, 123, 84, 119, 117]
x_dimensions = [12, 14, 4, 4, 4, 3, 3, 3, 3, 14, 3, 3, 11, 3, 9, 8, 7, 6, 3, 3, 3]
y_dimensions = [34, 4, 11, 5, 4, 34, 25, 22, 21, 3, 13, 12, 3, 10, 3, 3, 3, 3, 5, 4, 3]
minimum_height = 126
----------
x_coordinates = [15, 27, 25, 30, 26, 12, 19, 31, 22, 31, 31, 16, 15, 9, 13, 21, 26, 25, 23, 16, 16]
y_coordinates = [59, 70, 114, 113, 110, 82, 100, 74, 104, 99, 58, 93, 105, 112, 116, 56, 96, 104, 98, 118, 122]
x_dimensions = [12, 4, 4, 4, 4, 3, 3, 3, 3, 3, 3, 3, 3, 3, 3, 8, 7, 6, 3, 3, 3]
y_dimensions = [34, 14, 11, 5, 4, 34, 25, 22, 21, 14, 13, 12, 11, 10, 9, 3, 3, 3, 5, 4, 3]
minimum_height = 125
----------
x_coordinates = [14, 17, 30, 4, 30, 26, 29, 29, 8, 23, 31, 17, 18, 1, 7, 6, 22, 1, 27, 15, 13]
y_coordinates = [61, 55, 59, 109, 117, 69, 92, 70, 113, 96, 46, 101, 116, 105, 116, 58, 110, 115, 119, 97, 109]
x_dimensions = [12, 14, 4, 4, 4, 3, 3, 3, 21, 3, 3, 3, 11, 3, 9, 8, 7, 6, 3, 3, 3]
y_dimensions = [34, 4, 11, 5, 4, 34, 25, 22, 3, 14, 13, 12, 3, 10, 3, 3, 3, 3, 5, 4, 3]
minimum_height = 124
----------
x_coordinates = [2, 20, 30, 3, 30, 27, 31, 17, 10, 7, 29, 24, 19, 29, 0, 2, 26, 4, 30, 25, 28]
y_coordinates = [60, 73, 78, 112, 119, 77, 94, 76, 115, 103, 57, 93, 118, 47, 114, 56, 70, 117, 89, 111, 112]
x_dimensions = [12, 14, 4, 4, 4, 3, 3, 3, 21, 3, 3, 3, 11, 3, 3, 8, 7, 6, 3, 3, 3]
y_dimensions = [34, 4, 11, 5, 4, 34, 25, 22, 3, 14, 13, 12, 3, 10, 9, 3, 3, 3, 5, 4, 3]
minimum_height = 123
----------
x_coordinates = [16, 28, 30, 9, 29, 13, 30, 27, 10, 31, 29, 16, 19, 9, 20, 8, 23, 4, 27, 16, 6]
y_coordinates = [47, 54, 68, 77, 79, 88, 97, 87, 84, 83, 41, 106, 117, 112, 81, 53, 109, 82, 112, 118, 116]
x_dimensions = [12, 4, 4, 4, 4, 3, 3, 3, 21, 3, 3, 3, 11, 3, 9, 8, 7, 6, 3, 3, 3]
y_dimensions = [34, 14, 11, 5, 4, 34, 25, 22, 3, 14, 13, 12, 3, 10, 3, 3, 3, 3, 5, 4, 3]
minimum_height = 122
----------
x_coordinates = [15, 27, 30, 11, 27, 30, 31, 31, 13, 4, 28, 30, 20, 1, 22, 12, 27, 7, 31, 1, 12]
y_coordinates = [59, 104, 18, 87, 89, 29, 96, 71, 93, 88, 76, 6, 97, 88, 101, 56, 63, 92, 66, 99, 102]
x_dimensions = [12, 4, 4, 4, 4, 3, 3, 3, 21, 3, 3, 3, 11, 3, 9, 8, 7, 6, 3, 3, 3]
y_dimensions = [34, 14, 11, 5, 4, 34, 25, 22, 3, 14, 13, 12, 3, 10, 3, 3, 3, 3, 5, 4, 3]
minimum_height = 121
----------
x_coordinates = [15, 30, 3, 16, 13, 17, 31, 10, 12, 28, 30, 29, 20, 14, 21, 16, 27, 11, 31, 7, 9]
y_coordinates = [44, 81, 116, 36, 94, 86, 95, 94, 78, 97, 40, 28, 113, 110, 93, 41, 70, 91, 73, 110, 77]
x_dimensions = [12, 4, 11, 4, 4, 3, 3, 3, 21, 3, 3, 3, 11, 3, 9, 8, 7, 6, 3, 3, 3]
y_dimensions = [34, 14, 4, 5, 4, 34, 25, 22, 3, 14, 13, 12, 3, 10, 3, 3, 3, 3, 5, 4, 3]
minimum_height = 120
----------
x_coordinates = [14, 5, 8, 4, 6, 3, 31, 9, 10, 2, 30, 0, 9, 28, 22, 4, 21, 0, 25, 28, 9]
y_coordinates = [57, 105, 67, 63, 101, 68, 94, 107, 104, 105, 59, 90, 116, 94, 110, 60, 101, 102, 114, 115, 113]
x_dimensions = [12, 4, 4, 4, 4, 3, 3, 22, 21, 3, 3, 3, 11, 3, 3, 8, 7, 6, 3, 3, 3]
y_dimensions = [34, 14, 11, 5, 4, 34, 25, 3, 3, 14, 13, 12, 3, 10, 9, 3, 3, 3, 5, 4, 3]
minimum_height = 119
----------
x_coordinates = [15, 14, 6, 27, 6, 0, 5, 30, 13, 3, 29, 29, 20, 10, 31, 26, 27, 22, 31, 28, 19]
y_coordinates = [58, 101, 103, 67, 114, 83, 98, 84, 115, 104, 51, 72, 112, 107, 106, 48, 64, 105, 67, 107, 107]
x_dimensions = [12, 4, 4, 4, 4, 3, 25, 3, 21, 3, 3, 3, 11, 3, 3, 8, 7, 6, 3, 3, 3]
y_dimensions = [34, 14, 11, 5, 4, 34, 3, 22, 3, 14, 13, 12, 3, 10, 9, 3, 3, 3, 5, 4, 3]
minimum_height = 118
----------
x_coordinates = [2, 20, 30, 26, 24, 17, 0, 31, 28, 23, 30, 31, 21, 24, 25, 22, 27, 28, 24, 19, 22]
y_coordinates = [57, 96, 81, 88, 104, 71, 110, 92, 93, 80, 47, 60, 72, 94, 108, 59, 78, 114, 75, 113, 113]
x_dimensions = [12, 4, 4, 4, 4, 3, 25, 3, 3, 3, 3, 3, 11, 3, 3, 8, 7, 6, 3, 3, 3]
y_dimensions = [34, 14, 11, 5, 4, 34, 3, 22, 21, 14, 13, 12, 3, 10, 9, 3, 3, 3, 5, 4, 3]
minimum_height = 117
----------
x_coordinates = [15, 5, 30, 26, 23, 12, 9, 31, 13, 2, 31, 30, 23, 25, 28, 22, 27, 27, 31, 9, 9]
y_coordinates = [57, 102, 41, 51, 106, 75, 110, 85, 113, 102, 52, 65, 38, 95, 98, 48, 77, 107, 80, 113, 106]
x_dimensions = [12, 4, 4, 4, 4, 3, 25, 3, 21, 3, 3, 3, 11, 3, 3, 8, 7, 6, 3, 4, 3]
y_dimensions = [34, 14, 11, 5, 4, 34, 3, 22, 3, 14, 13, 12, 3, 10, 9, 3, 3, 3, 5, 3, 3]
minimum_height = 116
----------
x_coordinates = [14, 8, 16, 27, 23, 3, 9, 0, 11, 6, 30, 30, 20, 26, 31, 12, 25, 28, 31, 7, 10]
y_coordinates = [56, 84, 96, 101, 105, 81, 109, 93, 112, 98, 59, 85, 98, 88, 97, 96, 53, 106, 80, 112, 104]
x_dimensions = [12, 4, 4, 4, 4, 3, 25, 3, 21, 3, 3, 3, 11, 3, 3, 3, 7, 6, 3, 4, 3]
y_dimensions = [34, 14, 11, 5, 4, 34, 3, 22, 3, 14, 13, 12, 3, 10, 9, 8, 3, 3, 5, 3, 3]
minimum_height = 115
----------
x_coordinates = [10, 6, 2, 26, 22, 7, 9, 31, 28, 6, 30, 31, 23, 20, 30, 22, 21, 28, 24, 8, 11]
y_coordinates = [54, 83, 85, 81, 82, 49, 111, 89, 90, 100, 52, 65, 86, 88, 77, 74, 103, 49, 106, 97, 51]
x_dimensions = [12, 4, 4, 4, 4, 3, 25, 3, 3, 3, 3, 3, 11, 3, 3, 3, 7, 6, 3, 4, 3]
y_dimensions = [34, 14, 11, 5, 4, 34, 3, 22, 21, 14, 13, 12, 3, 10, 9, 8, 3, 3, 5, 3, 3]
minimum_height = 114
----------
x_coordinates = [15, 8, 30, 26, 22, 2, 9, 31, 30, 6, 5, 30, 20, 19, 31, 16, 25, 25, 31, 7, 13]
y_coordinates = [32, 67, 68, 67, 67, 41, 110, 88, 47, 99, 67, 30, 87, 67, 79, 66, 27, 107, 42, 64, 66]
x_dimensions = [12, 4, 4, 4, 4, 3, 25, 3, 3, 3, 3, 3, 11, 3, 3, 3, 7, 6, 3, 4, 3]
y_dimensions = [34, 14, 11, 5, 4, 34, 3, 22, 21, 14, 13, 12, 3, 10, 9, 8, 3, 3, 5, 3, 3]
minimum_height = 113
----------
x_coordinates = [12, 4, 8, 27, 24, 0, 6, 31, 31, 3, 28, 2, 20, 9, 31, 31, 24, 28, 1, 23, 25]
y_coordinates = [51, 69, 80, 78, 68, 78, 109, 90, 49, 98, 57, 57, 89, 69, 81, 73, 73, 70, 69, 106, 65]
x_dimensions = [12, 4, 4, 4, 4, 3, 25, 3, 3, 3, 3, 3, 11, 3, 3, 3, 7, 6, 3, 4, 3]
y_dimensions = [34, 14, 11, 5, 4, 34, 3, 22, 21, 14, 13, 12, 3, 10, 9, 8, 3, 3, 5, 3, 3]
minimum_height = 112
----------
x_coordinates = [12, 27, 24, 8, 23, 28, 9, 2, 31, 25, 31, 31, 20, 9, 28, 31, 11, 11, 31, 24, 16]
y_coordinates = [54, 49, 100, 84, 50, 63, 46, 105, 85, 73, 64, 52, 97, 62, 101, 77, 108, 99, 106, 87, 88]
x_dimensions = [12, 4, 4, 4, 4, 3, 25, 22, 3, 3, 3, 3, 11, 3, 3, 3, 7, 6, 3, 4, 3]
y_dimensions = [34, 14, 11, 5, 4, 34, 3, 3, 21, 14, 13, 12, 3, 10, 9, 8, 3, 3, 5, 3, 3]
minimum_height = 111
----------
x_coordinates = [10, 26, 25, 17, 30, 29, 1, 11, 31, 24, 12, 31, 18, 6, 9, 15, 24, 23, 31, 21, 22]
y_coordinates = [54, 46, 87, 89, 43, 68, 45, 107, 47, 67, 89, 31, 98, 99, 97, 97, 104, 101, 102, 95, 87]
x_dimensions = [12, 4, 4, 4, 4, 3, 25, 22, 3, 3, 3, 3, 11, 3, 3, 3, 7, 6, 3, 4, 3]
y_dimensions = [34, 14, 11, 5, 4, 34, 3, 3, 21, 14, 13, 12, 3, 10, 9, 8, 3, 3, 5, 3, 3]
minimum_height = 110
----------
x_coordinates = [14, 24, 27, 15, 25, 31, 0, 29, 31, 28, 28, 11, 19, 30, 31, 31, 24, 25, 31, 11, 12]
y_coordinates = [28, 80, 69, 98, 102, 65, 94, 38, 0, 81, 20, 59, 98, 99, 29, 21, 64, 95, 60, 97, 102]
x_dimensions = [12, 4, 4, 4, 4, 3, 25, 3, 3, 3, 3, 3, 11, 3, 3, 3, 7, 6, 3, 4, 3]
y_dimensions = [34, 14, 11, 5, 4, 34, 3, 22, 21, 14, 13, 12, 3, 10, 9, 8, 3, 3, 5, 3, 3]
minimum_height = 109
----------
x_coordinates = [16, 24, 22, 30, 18, 31, 9, 15, 14, 21, 23, 29, 4, 31, 17, 18, 28, 28, 31, 26, 19]
y_coordinates = [8, 83, 97, 103, 101, 69, 51, 86, 65, 83, 70, 39, 102, 54, 76, 85, 82, 96, 64, 104, 105]
x_dimensions = [12, 4, 4, 4, 4, 3, 25, 3, 3, 3, 3, 3, 11, 3, 3, 3, 3, 3, 3, 4, 3]
y_dimensions = [34, 14, 11, 5, 4, 34, 3, 22, 21, 14, 13, 12, 3, 10, 9, 8, 7, 6, 5, 3, 3]
minimum_height = 108
----------
x_coordinates = [16, 26, 23, 27, 23, 23, 9, 19, 17, 30, 28, 30, 6, 31, 20, 31, 16, 31, 31, 29, 20]
y_coordinates = [20, 84, 103, 98, 99, 65, 54, 60, 86, 83, 70, 42, 101, 57, 82, 75, 79, 97, 70, 67, 102]
x_dimensions = [12, 4, 11, 4, 4, 3, 25, 3, 3, 3, 3, 3, 11, 3, 3, 3, 3, 3, 3, 4, 3]
y_dimensions = [34, 14, 4, 5, 4, 34, 3, 22, 21, 14, 13, 12, 3, 10, 9, 8, 7, 6, 5, 3, 3]
minimum_height = 107
----------
x_coordinates = [16, 27, 23, 13, 27, 31, 9, 19, 17, 21, 23, 30, 21, 31, 28, 24, 14, 20, 31, 9, 10]
y_coordinates = [21, 84, 102, 99, 98, 68, 58, 61, 83, 85, 69, 43, 55, 32, 75, 82, 81, 99, 63, 97, 103]
x_dimensions = [12, 4, 11, 4, 4, 3, 25, 3, 3, 3, 3, 3, 11, 3, 3, 3, 3, 3, 3, 4, 3]
y_dimensions = [34, 14, 4, 5, 4, 34, 3, 22, 21, 14, 13, 12, 3, 10, 9, 8, 7, 6, 5, 3, 3]
minimum_height = 106
----------
x_coordinates = [15, 25, 27, 19, 25, 23, 9, 15, 16, 31, 30, 12, 22, 31, 31, 28, 20, 30, 13, 26, 13]
y_coordinates = [9, 46, 87, 100, 101, 67, 43, 62, 84, 85, 63, 72, 60, 50, 76, 79, 83, 99, 84, 98, 100]
x_dimensions = [12, 4, 4, 4, 4, 3, 25, 3, 3, 3, 3, 3, 11, 3, 3, 3, 3, 3, 3, 4, 3]
y_dimensions = [34, 14, 11, 5, 4, 34, 3, 22, 21, 14, 13, 12, 3, 10, 9, 8, 7, 6, 5, 3, 3]
minimum_height = 105
----------
x_coordinates = [16, 30, 30, 17, 27, 24, 9, 20, 21, 28, 31, 31, 20, 31, 31, 28, 14, 31, 31, 22, 14]
y_coordinates = [18, 20, 34, 99, 100, 67, 55, 58, 80, 86, 63, 85, 52, 45, 76, 78, 96, 98, 58, 101, 99]
x_dimensions = [12, 4, 4, 4, 4, 3, 25, 3, 3, 3, 3, 3, 11, 3, 3, 3, 7, 3, 3, 4, 3]
y_dimensions = [34, 14, 11, 5, 4, 34, 3, 22, 21, 14, 13, 12, 3, 10, 9, 8, 3, 6, 5, 3, 3]
minimum_height = 104
----------
x_coordinates = [16, 28, 27, 15, 30, 25, 11, 21, 20, 9, 31, 31, 24, 18, 27, 28, 27, 19, 31, 30, 12]
y_coordinates = [12, 86, 46, 98, 68, 69, 56, 57, 79, 89, 73, 45, 56, 56, 60, 78, 57, 100, 63, 100, 99]
x_dimensions = [12, 4, 4, 4, 4, 3, 3, 3, 3, 3, 3, 3, 3, 3, 3, 3, 7, 6, 3, 4, 3]
y_dimensions = [34, 14, 11, 5, 4, 34, 25, 22, 21, 14, 13, 12, 11, 10, 9, 8, 3, 3, 5, 3, 3]
minimum_height = 103
----------
x_coordinates = [16, 7, 30, 15, 29, 25, 2, 22, 19, 12, 31, 31, 27, 18, 31, 28, 27, 18, 31, 30, 15]
y_coordinates = [12, 88, 47, 89, 86, 68, 53, 77, 72, 88, 73, 61, 46, 56, 90, 91, 58, 99, 42, 99, 99]
x_dimensions = [12, 4, 4, 4, 4, 3, 25, 3, 3, 3, 3, 3, 3, 3, 3, 3, 7, 6, 3, 4, 3]
y_dimensions = [34, 14, 11, 5, 4, 34, 3, 22, 21, 14, 13, 12, 11, 10, 9, 8, 3, 3, 5, 3, 3]
minimum_height = 102
----------
x_coordinates = [16, 10, 30, 20, 18, 25, 0, 22, 24, 14, 31, 31, 24, 21, 28, 28, 27, 17, 31, 14, 19]
y_coordinates = [1, 87, 65, 94, 86, 67, 69, 72, 35, 87, 76, 89, 56, 59, 88, 80, 62, 98, 55, 84, 83]
x_dimensions = [12, 4, 4, 5, 4, 3, 25, 3, 3, 3, 3, 3, 3, 3, 3, 3, 7, 6, 3, 4, 3]
y_dimensions = [34, 14, 11, 4, 4, 34, 3, 22, 21, 14, 13, 12, 11, 10, 9, 8, 3, 3, 5, 3, 3]
minimum_height = 101
----------
x_coordinates = [16, 30, 30, 29, 29, 27, 2, 23, 24, 21, 12, 15, 24, 21, 31, 31, 24, 18, 31, 27, 8]
y_coordinates = [2, 47, 68, 43, 87, 53, 73, 40, 76, 86, 85, 86, 62, 76, 91, 79, 97, 86, 61, 91, 90]
x_dimensions = [12, 4, 4, 5, 4, 3, 25, 3, 3, 3, 3, 3, 3, 3, 3, 3, 7, 3, 3, 4, 3]
y_dimensions = [34, 14, 11, 4, 4, 34, 3, 22, 21, 14, 13, 12, 11, 10, 9, 8, 3, 6, 5, 3, 3]
minimum_height = 100
----------
x_coordinates = [16, 30, 30, 29, 30, 28, 0, 22, 20, 6, 3, 27, 25, 24, 26, 29, 23, 19, 31, 28, 24]
y_coordinates = [4, 18, 73, 32, 87, 39, 66, 44, 69, 87, 83, 77, 63, 79, 89, 91, 74, 90, 65, 36, 38]
x_dimensions = [12, 4, 4, 5, 4, 3, 25, 3, 3, 14, 3, 3, 3, 3, 3, 3, 7, 6, 3, 4, 3]
y_dimensions = [34, 14, 11, 4, 4, 34, 3, 22, 21, 3, 13, 12, 11, 10, 9, 8, 3, 3, 5, 3, 3]
minimum_height = 99
----------
x_coordinates = [16, 30, 27, 6, 30, 28, 3, 31, 31, 10, 4, 31, 28, 24, 21, 7, 27, 21, 31, 24, 3]
y_coordinates = [37, 7, 83, 71, 94, 38, 77, 39, 61, 89, 85, 82, 72, 81, 95, 90, 34, 92, 29, 71, 70]
x_dimensions = [12, 4, 4, 4, 4, 3, 25, 3, 3, 14, 3, 3, 3, 3, 9, 3, 7, 6, 3, 4, 3]
y_dimensions = [34, 14, 11, 5, 4, 34, 3, 22, 21, 3, 13, 12, 11, 10, 3, 8, 3, 3, 5, 3, 3]
minimum_height = 98
----------
x_coordinates = [16, 30, 30, 11, 26, 31, 6, 25, 24, 12, 14, 9, 30, 27, 0, 6, 27, 21, 31, 27, 28]
y_coordinates = [4, 18, 86, 71, 93, 41, 66, 44, 69, 94, 81, 85, 75, 83, 92, 84, 38, 90, 33, 72, 69]
x_dimensions = [12, 4, 4, 4, 4, 3, 25, 3, 3, 14, 3, 3, 3, 3, 9, 3, 7, 6, 3, 4, 3]
y_dimensions = [34, 14, 11, 5, 4, 34, 3, 22, 21, 3, 13, 12, 11, 10, 3, 8, 3, 3, 5, 3, 3]
minimum_height = 97
----------
x_coordinates = [1, 30, 17, 4, 22, 29, 4, 24, 22, 13, 2, 28, 31, 14, 5, 30, 27, 26, 13, 25, 27]
y_coordinates = [30, 19, 88, 74, 92, 41, 64, 40, 67, 32, 83, 81, 78, 86, 93, 33, 75, 93, 77, 72, 78]
x_dimensions = [12, 4, 11, 4, 4, 3, 25, 3, 3, 14, 3, 3, 3, 3, 9, 3, 7, 6, 3, 4, 3]
y_dimensions = [34, 14, 4, 5, 4, 34, 3, 22, 21, 3, 13, 12, 11, 10, 3, 8, 3, 3, 5, 3, 3]
minimum_height = 96
----------
x_coordinates = [14, 30, 23, 8, 30, 31, 9, 26, 24, 28, 17, 20, 12, 30, 27, 29, 29, 18, 31, 27, 15]
y_coordinates = [32, 4, 91, 76, 77, 43, 20, 37, 70, 60, 80, 80, 78, 81, 78, 23, 31, 76, 38, 74, 76]
x_dimensions = [12, 4, 11, 4, 4, 3, 25, 3, 3, 3, 3, 3, 3, 3, 3, 3, 3, 6, 3, 4, 3]
y_dimensions = [34, 14, 4, 5, 4, 34, 3, 22, 21, 14, 13, 12, 11, 10, 9, 8, 7, 3, 5, 3, 3]
minimum_height = 95
----------
x_coordinates = [15, 25, 17, 11, 30, 30, 9, 27, 29, 20, 11, 14, 8, 31, 27, 29, 28, 24, 31, 28, 28]
y_coordinates = [32, 10, 87, 39, 77, 43, 0, 53, 19, 91, 80, 80, 83, 81, 78, 11, 3, 75, 6, 40, 88]
x_dimensions = [12, 4, 11, 4, 4, 3, 25, 3, 3, 14, 3, 3, 3, 3, 3, 3, 3, 6, 3, 4, 3]
y_dimensions = [34, 14, 4, 5, 4, 34, 3, 22, 21, 3, 13, 12, 11, 10, 9, 8, 7, 3, 5, 3, 3]
minimum_height = 94
----------
x_coordinates = [14, 30, 2, 17, 26, 31, 9, 11, 27, 28, 13, 14, 22, 29, 26, 29, 30, 5, 31, 30, 25]
y_coordinates = [37, 0, 89, 86, 47, 49, 15, 40, 26, 69, 90, 78, 79, 83, 84, 18, 34, 45, 41, 46, 81]
x_dimensions = [12, 4, 11, 5, 4, 3, 25, 3, 3, 3, 13, 3, 3, 3, 3, 3, 3, 6, 3, 4, 3]
y_dimensions = [34, 14, 4, 4, 4, 34, 3, 22, 21, 14, 3, 12, 11, 10, 9, 8, 7, 3, 5, 3, 3]
minimum_height = 93
----------
x_coordinates = [15, 30, 18, 22, 26, 17, 9, 25, 31, 29, 16, 20, 23, 29, 26, 29, 28, 20, 31, 30, 28]
y_coordinates = [8, 11, 88, 42, 46, 43, 5, 52, 47, 68, 85, 73, 74, 82, 76, 29, 37, 46, 39, 44, 65]
x_dimensions = [12, 4, 11, 5, 4, 3, 25, 3, 3, 3, 13, 3, 3, 3, 3, 3, 3, 6, 3, 4, 3]
y_dimensions = [34, 14, 4, 4, 4, 34, 3, 22, 21, 14, 3, 12, 11, 10, 9, 8, 7, 3, 5, 3, 3]
minimum_height = 92
----------
x_coordinates = [15, 30, 15, 14, 27, 31, 9, 25, 28, 9, 15, 14, 12, 30, 26, 30, 30, 21, 31, 17, 28]
y_coordinates = [20, 3, 87, 75, 52, 47, 17, 57, 56, 76, 79, 54, 80, 81, 82, 27, 35, 54, 42, 55, 78]
x_dimensions = [12, 4, 11, 5, 4, 3, 25, 3, 3, 3, 13, 3, 3, 3, 3, 3, 3, 6, 3, 4, 3]
y_dimensions = [34, 14, 4, 4, 4, 34, 3, 22, 21, 14, 3, 12, 11, 10, 9, 8, 7, 3, 5, 3, 3]
minimum_height = 91
----------
x_coordinates = [6, 26, 29, 26, 27, 31, 1, 28, 18, 3, 21, 15, 18, 30, 26, 30, 30, 21, 31, 11, 31]
y_coordinates = [44, 5, 23, 86, 79, 49, 38, 57, 58, 76, 83, 78, 79, 39, 33, 15, 8, 77, 34, 78, 86]
x_dimensions = [12, 4, 4, 5, 4, 3, 25, 3, 3, 3, 13, 3, 3, 3, 3, 3, 3, 6, 3, 4, 3]
y_dimensions = [34, 14, 11, 4, 4, 34, 3, 22, 21, 14, 3, 12, 11, 10, 9, 8, 7, 3, 5, 3, 3]
minimum_height = 90
----------
x_coordinates = [1, 30, 30, 29, 27, 31, 13, 14, 11, 17, 21, 28, 20, 27, 28, 8, 29, 19, 24, 19, 31]
y_coordinates = [34, 13, 34, 85, 65, 45, 42, 67, 68, 72, 82, 53, 79, 43, 69, 78, 27, 67, 52, 86, 79]
x_dimensions = [12, 4, 4, 5, 4, 3, 3, 3, 3, 3, 13, 3, 11, 3, 3, 3, 3, 6, 3, 4, 3]
y_dimensions = [34, 14, 11, 4, 4, 34, 25, 22, 21, 14, 3, 12, 3, 10, 9, 8, 7, 3, 5, 3, 3]
minimum_height = 89
----------
x_coordinates = [1, 30, 23, 16, 30, 27, 19, 30, 13, 22, 17, 15, 20, 31, 30, 29, 16, 25, 13, 21, 31]
y_coordinates = [37, 18, 39, 80, 84, 47, 49, 59, 67, 68, 85, 31, 38, 40, 50, 32, 48, 81, 48, 82, 81]
x_dimensions = [12, 4, 4, 5, 4, 3, 3, 3, 3, 3, 13, 3, 3, 3, 3, 3, 3, 6, 3, 4, 3]
y_dimensions = [34, 14, 11, 4, 4, 34, 25, 22, 21, 14, 3, 12, 11, 10, 9, 8, 7, 3, 5, 3, 3]
minimum_height = 88
----------
x_coordinates = [14, 27, 24, 26, 27, 31, 28, 25, 21, 25, 28, 18, 31, 31, 31, 31, 21, 27, 15, 24, 15]
y_coordinates = [25, 35, 59, 53, 49, 20, 57, 0, 66, 70, 19, 63, 64, 54, 75, 12, 59, 84, 63, 22, 74]
x_dimensions = [12, 4, 4, 5, 4, 3, 3, 3, 3, 3, 3, 3, 3, 3, 3, 3, 3, 6, 3, 4, 3]
y_dimensions = [34, 14, 11, 4, 4, 34, 25, 22, 21, 14, 13, 12, 11, 10, 9, 8, 7, 3, 5, 3, 3]
minimum_height = 87
----------
x_coordinates = [16, 30, 25, 30, 26, 13, 29, 7, 10, 28, 21, 22, 19, 16, 25, 29, 4, 28, 1, 28, 22]
y_coordinates = [28, 34, 62, 76, 73, 52, 48, 61, 61, 9, 15, 70, 75, 72, 77, 26, 72, 81, 78, 23, 82]
x_dimensions = [12, 4, 4, 4, 4, 3, 3, 3, 3, 3, 3, 3, 3, 3, 3, 3, 3, 6, 3, 4, 3]
y_dimensions = [34, 14, 11, 5, 4, 34, 25, 22, 21, 14, 13, 12, 11, 10, 9, 8, 7, 3, 5, 3, 3]
minimum_height = 86
----------
x_coordinates = [5, 30, 27, 30, 20, 2, 17, 31, 10, 8, 28, 24, 14, 21, 18, 31, 11, 28, 5, 30, 5]
y_coordinates = [37, 28, 63, 80, 71, 51, 51, 58, 16, 71, 42, 73, 74, 75, 76, 47, 73, 74, 79, 55, 74]
x_dimensions = [12, 4, 4, 4, 4, 3, 3, 3, 3, 3, 3, 3, 3, 3, 3, 3, 3, 3, 3, 4, 3]
y_dimensions = [34, 14, 11, 5, 4, 34, 25, 22, 21, 14, 13, 12, 11, 10, 9, 8, 7, 6, 5, 3, 3]
minimum_height = 85
----------
x_coordinates = [5, 30, 26, 27, 30, 20, 31, 17, 28, 12, 26, 23, 25, 22, 25, 29, 31, 31, 17, 28, 28]
y_coordinates = [36, 12, 73, 68, 78, 47, 53, 59, 47, 81, 20, 67, 49, 43, 33, 26, 46, 37, 45, 34, 40]
x_dimensions = [12, 4, 4, 4, 4, 3, 3, 3, 3, 14, 3, 3, 3, 10, 3, 3, 3, 3, 3, 4, 3]
y_dimensions = [34, 14, 11, 5, 4, 34, 25, 22, 21, 3, 13, 12, 11, 3, 9, 8, 7, 6, 5, 3, 3]
minimum_height = 84
----------
x_coordinates = [13, 25, 27, 29, 26, 5, 31, 21, 28, 12, 29, 24, 31, 8, 31, 29, 29, 28, 18, 25, 25]
y_coordinates = [14, 26, 71, 18, 46, 49, 47, 61, 50, 49, 4, 70, 72, 70, 38, 23, 31, 40, 70, 16, 43]
x_dimensions = [12, 4, 4, 4, 4, 3, 3, 3, 3, 14, 3, 3, 3, 10, 3, 3, 3, 3, 3, 4, 3]
y_dimensions = [34, 14, 11, 5, 4, 34, 25, 22, 21, 3, 13, 12, 11, 3, 9, 8, 7, 6, 5, 3, 3]
minimum_height = 83
----------
x_coordinates = [5, 30, 30, 28, 26, 17, 27, 2, 31, 12, 26, 7, 20, 10, 24, 29, 20, 30, 24, 28, 24]
y_coordinates = [36, 14, 50, 39, 78, 42, 48, 57, 61, 79, 20, 70, 75, 76, 49, 28, 72, 44, 60, 36, 46]
x_dimensions = [12, 4, 4, 4, 4, 3, 3, 3, 3, 14, 3, 3, 11, 10, 3, 3, 7, 3, 3, 4, 3]
y_dimensions = [34, 14, 11, 5, 4, 34, 25, 22, 21, 3, 13, 12, 3, 3, 9, 8, 3, 6, 5, 3, 3]
minimum_height = 82
----------
x_coordinates = [8, 25, 29, 30, 30, 2, 26, 5, 31, 13, 28, 9, 22, 12, 20, 31, 29, 29, 27, 28, 23]
y_coordinates = [34, 34, 42, 11, 74, 47, 48, 59, 53, 73, 16, 69, 78, 77, 41, 21, 29, 36, 73, 8, 49]
x_dimensions = [12, 4, 4, 4, 4, 3, 3, 3, 3, 14, 3, 3, 11, 10, 3, 3, 3, 3, 3, 4, 3]
y_dimensions = [34, 14, 11, 5, 4, 34, 25, 22, 21, 3, 13, 12, 3, 3, 9, 8, 7, 6, 5, 3, 3]
minimum_height = 81
----------
x_coordinates = [2, 30, 30, 30, 27, 14, 25, 28, 31, 13, 18, 1, 17, 4, 22, 31, 26, 30, 25, 30, 22]
y_coordinates = [32, 5, 41, 25, 31, 46, 47, 58, 59, 29, 35, 68, 77, 76, 57, 30, 38, 52, 72, 22, 51]
x_dimensions = [12, 4, 4, 4, 4, 3, 3, 3, 3, 14, 13, 3, 11, 10, 3, 3, 7, 3, 3, 4, 3]
y_dimensions = [34, 14, 11, 5, 4, 34, 25, 22, 21, 3, 3, 12, 3, 3, 9, 8, 3, 6, 5, 3, 3]
minimum_height = 80
----------
x_coordinates = [16, 30, 29, 30, 26, 0, 27, 2, 28, 0, 3, 4, 19, 31, 10, 30, 13, 31, 29, 16, 10]
y_coordinates = [26, 13, 30, 74, 75, 62, 1, 25, 41, 65, 73, 70, 72, 52, 46, 66, 40, 42, 27, 72, 40]
x_dimensions = [12, 4, 4, 4, 4, 34, 3, 3, 3, 3, 13, 12, 11, 3, 3, 3, 3, 3, 5, 3, 3]
y_dimensions = [34, 14, 11, 5, 4, 3, 25, 22, 21, 14, 3, 3, 3, 10, 9, 8, 7, 6, 3, 4, 3]
minimum_height = 79
----------
x_coordinates = [15, 30, 30, 30, 13, 27, 31, 12, 3, 0, 6, 10, 19, 17, 6, 7, 1, 31, 29, 3, 9]
y_coordinates = [34, 14, 31, 73, 70, 38, 48, 30, 47, 64, 74, 62, 72, 69, 41, 66, 40, 42, 28, 71, 41]
x_dimensions = [12, 4, 4, 4, 4, 3, 3, 3, 3, 3, 13, 3, 11, 10, 3, 3, 3, 3, 5, 3, 3]
y_dimensions = [34, 14, 11, 5, 4, 34, 25, 22, 21, 14, 3, 12, 3, 3, 9, 8, 7, 6, 3, 4, 3]
minimum_height = 78
----------
x_coordinates = [15, 30, 29, 30, 3, 3, 27, 9, 12, 24, 11, 10, 21, 1, 6, 7, 12, 29, 29, 31, 6]
y_coordinates = [29, 12, 32, 68, 70, 36, 52, 42, 48, 63, 73, 70, 26, 74, 47, 66, 41, 43, 49, 73, 42]
x_dimensions = [12, 4, 4, 4, 4, 3, 3, 3, 3, 3, 13, 12, 11, 10, 3, 3, 3, 3, 5, 3, 3]
y_dimensions = [34, 14, 11, 5, 4, 34, 25, 22, 21, 14, 3, 3, 3, 3, 9, 8, 7, 6, 3, 4, 3]
minimum_height = 77
----------
x_coordinates = [15, 30, 30, 3, 4, 27, 31, 3, 7, 0, 18, 19, 23, 8, 12, 15, 7, 30, 29, 0, 12]
y_coordinates = [30, 6, 34, 67, 72, 36, 51, 44, 50, 59, 70, 73, 27, 72, 50, 64, 43, 45, 23, 73, 44]
x_dimensions = [12, 4, 4, 4, 4, 3, 3, 3, 3, 3, 13, 12, 11, 10, 3, 3, 3, 3, 5, 4, 3]
y_dimensions = [34, 14, 11, 5, 4, 34, 25, 22, 21, 14, 3, 3, 3, 3, 9, 8, 7, 6, 3, 3, 3]
minimum_height = 76
----------
x_coordinates = [16, 30, 6, 8, 11, 31, 28, 4, 28, 21, 15, 22, 21, 12, 10, 5, 0, 31, 29, 7, 13]
y_coordinates = [21, 12, 32, 70, 57, 38, 47, 43, 26, 58, 55, 72, 9, 72, 37, 67, 37, 32, 6, 57, 42]
x_dimensions = [12, 4, 4, 4, 4, 3, 3, 3, 3, 3, 13, 12, 11, 10, 3, 3, 3, 3, 5, 3, 3]
y_dimensions = [34, 14, 11, 5, 4, 34, 25, 22, 21, 14, 3, 3, 3, 3, 9, 8, 7, 6, 3, 4, 3]
minimum_height = 75
----------
x_coordinates = [15, 30, 30, 14, 13, 0, 31, 27, 12, 18, 0, 19, 23, 21, 3, 11, 9, 29, 29, 15, 6]
y_coordinates = [12, 12, 29, 69, 61, 46, 49, 18, 25, 60, 59, 57, 9, 71, 37, 66, 39, 40, 6, 57, 39]
x_dimensions = [12, 4, 4, 4, 4, 34, 3, 3, 3, 3, 13, 12, 11, 10, 3, 3, 3, 3, 5, 4, 3]
y_dimensions = [34, 14, 11, 5, 4, 3, 25, 22, 21, 14, 3, 3, 3, 3, 9, 8, 7, 6, 3, 3, 3]
minimum_height = 74
----------
x_coordinates = [16, 30, 16, 30, 29, 0, 6, 7, 4, 20, 7, 0, 3, 20, 1, 3, 13, 30, 30, 31, 27]
y_coordinates = [9, 26, 53, 68, 40, 50, 64, 43, 29, 61, 67, 59, 60, 69, 39, 65, 53, 44, 56, 64, 47]
x_dimensions = [12, 4, 4, 4, 4, 34, 25, 22, 3, 14, 13, 3, 11, 10, 3, 3, 3, 3, 3, 3, 3]
y_dimensions = [34, 14, 11, 5, 4, 3, 3, 3, 21, 3, 3, 12, 3, 3, 9, 8, 7, 6, 5, 4, 3]
minimum_height = 73
----------
x_coordinates = [15, 30, 5, 27, 30, 0, 6, 3, 27, 20, 4, 1, 9, 17, 0, 30, 2, 30, 29, 31, 24]
y_coordinates = [9, 17, 53, 67, 40, 50, 64, 43, 29, 61, 69, 60, 60, 69, 39, 32, 53, 44, 56, 66, 47]
x_dimensions = [12, 4, 4, 4, 4, 34, 25, 22, 3, 14, 13, 3, 11, 10, 3, 3, 3, 3, 3, 3, 3]
y_dimensions = [34, 14, 11, 5, 4, 3, 3, 3, 21, 3, 3, 12, 3, 3, 9, 8, 7, 6, 5, 4, 3]
minimum_height = 72
----------
x_coordinates = [15, 30, 5, 30, 30, 0, 6, 2, 27, 20, 18, 0, 9, 17, 12, 27, 14, 30, 3, 31, 24]
y_coordinates = [12, 30, 53, 57, 53, 50, 65, 47, 29, 62, 68, 58, 61, 56, 38, 54, 54, 44, 64, 67, 46]
x_dimensions = [12, 4, 4, 4, 4, 34, 25, 22, 3, 14, 13, 3, 11, 10, 3, 3, 3, 3, 3, 3, 3]
y_dimensions = [34, 14, 11, 5, 4, 3, 3, 3, 21, 3, 3, 12, 3, 3, 9, 8, 7, 6, 5, 4, 3]
minimum_height = 71
----------
x_coordinates = [16, 30, 13, 27, 30, 0, 9, 7, 29, 12, 17, 0, 1, 3, 3, 9, 6, 27, 31, 31, 25]
y_coordinates = [9, 8, 52, 61, 54, 49, 67, 46, 28, 63, 52, 52, 64, 52, 55, 56, 57, 55, 62, 58, 43]
x_dimensions = [12, 4, 4, 4, 4, 34, 25, 22, 3, 14, 13, 3, 11, 10, 3, 3, 3, 3, 3, 3, 3]
y_dimensions = [34, 14, 11, 5, 4, 3, 3, 3, 21, 3, 3, 12, 3, 3, 9, 8, 7, 6, 5, 4, 3]
minimum_height = 70
----------
x_coordinates = [16, 30, 4, 0, 30, 0, 7, 7, 29, 17, 14, 8, 6, 17, 1, 11, 14, 27, 31, 3, 3]
y_coordinates = [11, 10, 52, 60, 57, 48, 66, 45, 26, 63, 60, 51, 63, 57, 51, 55, 53, 57, 61, 65, 44]
x_dimensions = [12, 4, 4, 4, 4, 34, 25, 22, 3, 14, 13, 3, 11, 10, 3, 3, 3, 3, 3, 3, 3]
y_dimensions = [34, 14, 11, 5, 4, 3, 3, 3, 21, 3, 3, 12, 3, 3, 9, 8, 7, 6, 5, 4, 3]
minimum_height = 69
----------
x_coordinates = [16, 30, 7, 27, 30, 0, 9, 6, 29, 20, 14, 11, 9, 19, 1, 4, 24, 27, 30, 31, 3]
y_coordinates = [11, 5, 53, 60, 51, 48, 2, 45, 26, 65, 54, 52, 64, 51, 56, 60, 58, 54, 55, 61, 44]
x_dimensions = [12, 4, 4, 4, 4, 34, 25, 22, 3, 14, 13, 3, 11, 10, 3, 3, 3, 3, 3, 3, 3]
y_dimensions = [34, 14, 11, 5, 4, 3, 3, 3, 21, 3, 3, 12, 3, 3, 9, 8, 7, 6, 5, 4, 3]
minimum_height = 68
----------
x_coordinates = [0, 30, 9, 19, 30, 0, 5, 12, 5, 22, 26, 13, 11, 21, 16, 6, 8, 23, 29, 29, 2]
y_coordinates = [14, 0, 56, 61, 53, 48, 51, 45, 26, 31, 54, 55, 42, 28, 56, 56, 41, 56, 40, 63, 44]
x_dimensions = [34, 4, 4, 4, 4, 34, 25, 22, 3, 3, 3, 3, 11, 10, 3, 3, 3, 3, 3, 3, 3]
y_dimensions = [12, 14, 11, 5, 4, 3, 3, 3, 21, 14, 13, 12, 3, 3, 9, 8, 7, 6, 5, 4, 3]
minimum_height = 67
----------
x_coordinates = [8, 30, 1, 30, 26, 20, 5, 9, 0, 31, 10, 29, 19, 21, 14, 7, 6, 31, 29, 23, 31]
y_coordinates = [11, 19, 55, 61, 59, 12, 63, 49, 52, 38, 57, 2, 46, 54, 60, 55, 45, 55, 33, 59, 52]
x_dimensions = [12, 4, 4, 4, 4, 3, 25, 22, 21, 3, 13, 3, 11, 10, 9, 3, 3, 3, 3, 3, 3]
y_dimensions = [34, 14, 11, 5, 4, 34, 3, 3, 3, 14, 3, 12, 3, 3, 3, 8, 7, 6, 5, 4, 3]
minimum_height = 66
----------
x_coordinates = [5, 30, 9, 25, 30, 0, 6, 12, 0, 20, 21, 22, 23, 20, 24, 19, 6, 29, 31, 3, 31]
y_coordinates = [16, 23, 57, 8, 9, 50, 13, 53, 61, 36, 59, 1, 47, 56, 62, 5, 54, 3, 15, 57, 56]
x_dimensions = [12, 4, 11, 4, 4, 34, 25, 22, 21, 3, 13, 3, 11, 10, 9, 3, 3, 3, 3, 3, 3]
y_dimensions = [34, 14, 4, 5, 4, 3, 3, 3, 3, 14, 3, 12, 3, 3, 3, 8, 7, 6, 5, 4, 3]
minimum_height = 65
----------
x_coordinates = [3, 30, 23, 18, 30, 0, 5, 12, 0, 17, 21, 15, 21, 13, 0, 0, 9, 22, 0, 19, 21]
y_coordinates = [16, 1, 57, 18, 15, 50, 13, 54, 60, 36, 61, 18, 47, 57, 56, 22, 53, 18, 15, 29, 44]
x_dimensions = [12, 4, 11, 4, 4, 34, 25, 22, 21, 3, 13, 3, 11, 10, 9, 3, 3, 3, 3, 3, 3]
y_dimensions = [34, 14, 4, 5, 4, 3, 3, 3, 3, 14, 3, 12, 3, 3, 3, 8, 7, 6, 5, 4, 3]
minimum_height = 64
----------
x_coordinates = [3, 30, 23, 18, 30, 0, 22, 12, 0, 15, 21, 15, 21, 13, 0, 0, 18, 22, 31, 27, 9]
y_coordinates = [15, 19, 56, 35, 38, 50, 14, 53, 59, 36, 60, 24, 46, 56, 56, 32, 40, 39, 33, 37, 55]
x_dimensions = [12, 4, 11, 4, 4, 34, 3, 22, 21, 3, 13, 3, 11, 10, 9, 3, 3, 3, 3, 3, 3]
y_dimensions = [34, 14, 4, 5, 4, 3, 25, 3, 3, 14, 3, 12, 3, 3, 3, 8, 7, 6, 5, 4, 3]
minimum_height = 63
----------
x_coordinates = [11, 24, 22, 19, 1, 28, 8, 10, 4, 5, 4, 31, 23, 12, 3, 2, 31, 16, 13, 30, 0]
y_coordinates = [13, 32, 57, 48, 51, 12, 28, 53, 10, 42, 59, 12, 46, 56, 56, 43, 39, 47, 48, 49, 55]
x_dimensions = [12, 4, 11, 4, 4, 3, 3, 22, 21, 3, 13, 3, 11, 10, 9, 3, 3, 3, 3, 3, 3]
y_dimensions = [34, 14, 4, 5, 4, 34, 25, 3, 3, 14, 3, 12, 3, 3, 3, 8, 7, 6, 5, 4, 3]
minimum_height = 62
----------
x_coordinates = [16, 11, 24, 23, 2, 28, 31, 12, 12, 13, 11, 31, 28, 2, 3, 10, 13, 31, 7, 11, 0]
y_coordinates = [20, 19, 9, 54, 53, 10, 33, 58, 6, 37, 16, 21, 47, 8, 57, 49, 51, 15, 50, 33, 57]
x_dimensions = [12, 4, 4, 5, 4, 3, 3, 22, 21, 3, 13, 3, 3, 10, 9, 3, 3, 3, 3, 3, 3]
y_dimensions = [34, 14, 11, 4, 4, 34, 25, 3, 3, 14, 3, 12, 11, 3, 3, 8, 7, 6, 5, 4, 3]
minimum_height = 61
----------
x_coordinates = [16, 18, 27, 24, 1, 31, 28, 13, 2, 8, 11, 31, 31, 23, 15, 13, 23, 22, 5, 13, 12]
y_coordinates = [20, 6, 4, 55, 53, 3, 34, 13, 2, 45, 54, 37, 49, 0, 57, 46, 7, 14, 55, 42, 57]
x_dimensions = [12, 4, 4, 4, 4, 3, 3, 3, 21, 3, 13, 3, 3, 10, 9, 3, 3, 3, 3, 3, 3]
y_dimensions = [34, 14, 11, 5, 4, 34, 25, 22, 3, 14, 3, 12, 11, 3, 3, 8, 7, 6, 5, 4, 3]
minimum_height = 60
----------
x_coordinates = [16, 11, 24, 29, 8, 28, 31, 31, 5, 13, 12, 10, 28, 18, 25, 10, 28, 21, 12, 11, 26]
y_coordinates = [18, 34, 4, 55, 52, 11, 5, 30, 56, 10, 53, 9, 0, 15, 52, 23, 45, 8, 48, 5, 56]
x_dimensions = [12, 4, 4, 5, 4, 3, 3, 3, 21, 3, 13, 3, 3, 10, 9, 3, 3, 3, 3, 3, 3]
y_dimensions = [34, 14, 11, 4, 4, 34, 25, 22, 3, 14, 3, 12, 11, 3, 3, 8, 7, 6, 5, 4, 3]
minimum_height = 59
----------
x_coordinates = [16, 11, 24, 30, 9, 31, 28, 13, 4, 28, 12, 1, 31, 2, 25, 10, 10, 7, 15, 28, 31]
y_coordinates = [19, 18, 8, 0, 8, 16, 10, 32, 34, 39, 54, 43, 5, 55, 53, 34, 47, 49, 4, 35, 50]
x_dimensions = [12, 4, 4, 4, 4, 3, 3, 3, 3, 3, 13, 3, 3, 10, 9, 3, 3, 3, 3, 3, 3]
y_dimensions = [34, 14, 11, 5, 4, 34, 25, 22, 21, 14, 3, 12, 11, 3, 3, 8, 7, 6, 5, 4, 3]
minimum_height = 58
----------
x_coordinates = [16, 12, 30, 24, 12, 28, 31, 13, 7, 31, 0, 4, 27, 0, 23, 10, 10, 28, 1, 31, 21]
y_coordinates = [20, 20, 0, 12, 13, 12, 11, 35, 17, 40, 47, 10, 1, 53, 54, 35, 50, 48, 16, 36, 10]
x_dimensions = [12, 4, 4, 4, 4, 3, 3, 3, 21, 3, 13, 3, 3, 10, 9, 3, 3, 3, 3, 3, 3]
y_dimensions = [34, 14, 11, 5, 4, 34, 25, 22, 3, 14, 3, 12, 11, 3, 3, 8, 7, 6, 5, 4, 3]
minimum_height = 57
----------
x_coordinates = [16, 12, 26, 26, 14, 30, 9, 21, 0, 31, 8, 13, 28, 24, 12, 13, 6, 28, 18, 31, 15]
y_coordinates = [22, 22, 11, 6, 9, 4, 18, 0, 3, 42, 0, 44, 39, 1, 19, 36, 21, 50, 10, 38, 16]
x_dimensions = [12, 4, 4, 4, 4, 3, 3, 3, 21, 3, 13, 3, 3, 10, 9, 3, 3, 3, 3, 3, 3]
y_dimensions = [34, 14, 11, 5, 4, 34, 25, 22, 3, 14, 3, 12, 11, 3, 3, 8, 7, 6, 5, 4, 3]
minimum_height = 56
----------
x_coordinates = [16, 5, 6, 24, 12, 28, 10, 31, 0, 31, 21, 13, 28, 18, 19, 13, 15, 28, 9, 31, 31]
y_coordinates = [21, 12, 36, 9, 10, 4, 19, 5, 3, 41, 1, 43, 38, 14, 17, 35, 14, 49, 13, 37, 34]
x_dimensions = [12, 4, 4, 4, 4, 3, 3, 3, 21, 3, 13, 3, 3, 10, 9, 3, 3, 3, 3, 3, 3]
y_dimensions = [34, 14, 11, 5, 4, 34, 25, 22, 3, 14, 3, 12, 11, 3, 3, 8, 7, 6, 5, 4, 3]
minimum_height = 55
----------
x_coordinates = [16, 11, 0, 24, 12, 28, 4, 31, 6, 31, 21, 8, 28, 18, 7, 6, 1, 28, 13, 31, 9]
y_coordinates = [20, 17, 36, 9, 31, 3, 29, 14, 14, 40, 0, 42, 37, 17, 35, 2, 29, 48, 46, 36, 32]
x_dimensions = [12, 4, 4, 4, 4, 3, 3, 3, 21, 3, 13, 3, 3, 10, 9, 3, 3, 3, 3, 3, 3]
y_dimensions = [34, 14, 11, 5, 4, 34, 25, 22, 3, 14, 3, 12, 11, 3, 3, 8, 7, 6, 5, 4, 3]
minimum_height = 54
----------
x_coordinates = [16, 30, 0, 29, 28, 4, 0, 28, 7, 31, 16, 13, 3, 18, 7, 13, 1, 28, 13, 31, 30]
y_coordinates = [19, 32, 7, 0, 49, 0, 25, 4, 9, 14, 0, 12, 34, 16, 24, 27, 18, 26, 47, 28, 46]
x_dimensions = [12, 4, 4, 5, 4, 3, 3, 3, 21, 3, 13, 3, 3, 10, 9, 3, 3, 3, 3, 3, 3]
y_dimensions = [34, 14, 11, 4, 4, 34, 25, 22, 3, 14, 3, 12, 11, 3, 3, 8, 7, 6, 5, 4, 3]
minimum_height = 53
----------
x_coordinates = [16, 23, 12, 19, 24, 28, 4, 31, 2, 31, 1, 31, 28, 14, 7, 6, 1, 28, 6, 31, 20]
y_coordinates = [18, 4, 34, 10, 0, 1, 19, 12, 15, 34, 0, 0, 35, 0, 31, 44, 33, 46, 3, 48, 3]
x_dimensions = [12, 4, 4, 4, 4, 3, 3, 3, 21, 3, 13, 3, 3, 10, 9, 3, 3, 3, 3, 3, 3]
y_dimensions = [34, 14, 11, 5, 4, 34, 25, 22, 3, 14, 3, 12, 11, 3, 3, 8, 7, 6, 5, 4, 3]
minimum_height = 52
----------
x_coordinates = [16, 27, 12, 23, 28, 31, 3, 28, 6, 2, 10, 0, 31, 17, 17, 7, 9, 28, 0, 0, 26]
y_coordinates = [0, 37, 30, 39, 2, 17, 26, 12, 44, 11, 41, 33, 6, 48, 35, 36, 29, 6, 28, 46, 34]
x_dimensions = [12, 4, 4, 4, 4, 3, 3, 3, 21, 3, 13, 3, 3, 10, 9, 3, 3, 3, 3, 3, 3]
y_dimensions = [34, 14, 11, 5, 4, 34, 25, 22, 3, 14, 3, 12, 11, 3, 3, 8, 7, 6, 5, 4, 3]
minimum_height = 51
----------
x_coordinates = [16, 4, 6, 27, 5, 1, 13, 30, 12, 31, 12, 8, 3, 21, 4, 0, 12, 31, 10, 30, 5]
y_coordinates = [10, 32, 10, 4, 22, 12, 14, 19, 47, 1, 5, 38, 1, 44, 26, 46, 40, 41, 18, 15, 29]
x_dimensions = [12, 4, 4, 4, 4, 3, 3, 3, 21, 3, 13, 3, 3, 10, 9, 8, 3, 3, 3, 3, 3]
y_dimensions = [34, 14, 11, 5, 4, 34, 25, 22, 3, 14, 3, 12, 11, 3, 3, 3, 7, 6, 5, 4, 3]
minimum_height = 50
----------
x_coordinates = [5, 24, 1, 30, 23, 28, 20, 31, 17, 23, 10, 22, 0, 12, 19, 9, 26, 8, 6, 3, 21]
y_coordinates = [7, 28, 19, 3, 1, 12, 4, 24, 4, 6, 1, 46, 3, 45, 42, 4, 5, 41, 2, 3, 39]
x_dimensions = [12, 4, 4, 4, 4, 3, 3, 3, 3, 3, 13, 12, 3, 10, 9, 8, 3, 3, 3, 3, 3]
y_dimensions = [34, 14, 11, 5, 4, 34, 25, 22, 21, 14, 3, 3, 11, 3, 3, 3, 7, 6, 5, 4, 3]
minimum_height = 49
----------
x_coordinates = [0, 30, 30, 0, 26, 7, 27, 4, 21, 24, 13, 24, 10, 23, 18, 12, 4, 31, 15, 18, 27]
y_coordinates = [0, 34, 23, 35, 41, 14, 16, 14, 21, 27, 42, 15, 33, 12, 45, 22, 40, 17, 37, 38, 45]
x_dimensions = [34, 4, 4, 4, 4, 3, 3, 3, 3, 3, 13, 3, 3, 10, 9, 8, 3, 3, 3, 3, 3]
y_dimensions = [12, 14, 11, 5, 4, 34, 25, 22, 21, 14, 3, 12, 11, 3, 3, 3, 7, 6, 5, 4, 3]
minimum_height = 48
----------
x_coordinates = [16, 15, 4, 2, 30, 28, 6, 5, 31, 0, 3, 3, 31, 6, 17, 26, 31, 13, 2, 13, 28]
y_coordinates = [10, 0, 18, 33, 0, 13, 7, 44, 26, 17, 38, 6, 8, 41, 4, 4, 19, 17, 42, 30, 10]
x_dimensions = [12, 14, 4, 4, 4, 3, 25, 22, 3, 3, 13, 3, 3, 10, 9, 8, 3, 3, 3, 3, 3]
y_dimensions = [34, 4, 11, 5, 4, 34, 3, 3, 21, 14, 3, 12, 11, 3, 3, 3, 7, 6, 5, 4, 3]
minimum_height = 47
----------
x_coordinates = [14, 14, 9, 10, 30, 29, 6, 8, 0, 3, 1, 3, 26, 0, 19, 6, 28, 9, 2, 6, 31]
y_coordinates = [9, 5, 20, 38, 42, 8, 6, 43, 12, 7, 34, 21, 30, 40, 2, 31, 1, 7, 43, 37, 4]
x_dimensions = [12, 14, 4, 4, 4, 3, 3, 22, 3, 3, 13, 3, 3, 10, 9, 8, 3, 3, 5, 4, 3]
y_dimensions = [34, 4, 11, 5, 4, 34, 25, 3, 21, 14, 3, 12, 11, 3, 3, 3, 7, 6, 3, 3, 3]
minimum_height = 46
----------
x_coordinates = [16, 20, 9, 4, 9, 31, 3, 13, 9, 6, 0, 6, 28, 18, 8, 26, 12, 17, 8, 1, 30]
y_coordinates = [7, 0, 27, 40, 38, 11, 15, 23, 6, 14, 28, 28, 34, 41, 3, 4, 16, 1, 42, 41, 7]
x_dimensions = [12, 14, 4, 4, 4, 3, 3, 3, 3, 3, 3, 3, 3, 10, 9, 8, 3, 3, 5, 3, 3]
y_dimensions = [34, 4, 11, 5, 4, 34, 25, 22, 21, 14, 13, 12, 11, 3, 3, 3, 7, 6, 3, 4, 3]
minimum_height = 45
----------
x_coordinates = [16, 19, 11, 12, 15, 3, 0, 28, 6, 31, 9, 13, 31, 2, 21, 8, 13, 10, 23, 18, 2]
y_coordinates = [7, 0, 6, 39, 3, 7, 16, 22, 20, 19, 28, 27, 33, 41, 4, 17, 20, 22, 41, 41, 3]
x_dimensions = [12, 14, 4, 4, 4, 3, 3, 3, 3, 3, 3, 3, 3, 10, 9, 8, 3, 3, 5, 4, 3]
y_dimensions = [34, 4, 11, 5, 4, 34, 25, 22, 21, 14, 13, 12, 11, 3, 3, 3, 7, 6, 3, 3, 3]
minimum_height = 44
----------
x_coordinates = [16, 3, 30, 15, 18, 13, 7, 0, 10, 31, 28, 31, 28, 0, 24, 4, 6, 2, 27, 21, 0]
y_coordinates = [9, 29, 6, 0, 5, 9, 18, 16, 15, 17, 30, 31, 19, 13, 3, 10, 3, 4, 0, 0, 40]
x_dimensions = [12, 4, 4, 4, 4, 3, 3, 3, 3, 3, 3, 3, 3, 10, 9, 8, 3, 3, 5, 4, 3]
y_dimensions = [34, 14, 11, 5, 4, 34, 25, 22, 21, 14, 13, 12, 11, 3, 3, 3, 7, 6, 3, 3, 3]
minimum_height = 43
----------
x_coordinates = [16, 17, 12, 30, 18, 9, 13, 31, 3, 31, 28, 6, 2, 7, 0, 1, 0, 6, 26, 22, 0]
y_coordinates = [8, 4, 6, 15, 0, 5, 17, 20, 4, 1, 29, 21, 39, 2, 36, 33, 19, 15, 1, 1, 3]
x_dimensions = [12, 14, 4, 4, 4, 3, 3, 3, 3, 3, 3, 3, 11, 10, 9, 8, 3, 3, 5, 4, 3]
y_dimensions = [34, 4, 11, 5, 4, 34, 25, 22, 21, 14, 13, 12, 3, 3, 3, 3, 7, 6, 3, 3, 3]
minimum_height = 42
----------
x_coordinates = [16, 30, 12, 15, 26, 9, 6, 31, 3, 28, 28, 13, 5, 3, 21, 1, 12, 12, 4, 22, 0]
y_coordinates = [7, 0, 15, 2, 0, 1, 10, 19, 12, 27, 14, 26, 38, 35, 4, 7, 6, 0, 3, 1, 34]
x_dimensions = [12, 4, 4, 4, 4, 3, 3, 3, 3, 3, 3, 3, 11, 10, 9, 8, 3, 3, 5, 4, 3]
y_dimensions = [34, 14, 11, 5, 4, 34, 25, 22, 21, 14, 13, 12, 3, 3, 3, 3, 7, 6, 3, 3, 3]
minimum_height = 41
----------
x_coordinates = [16, 30, 12, 22, 30, 9, 6, 31, 3, 0, 28, 12, 2, 8, 0, 1, 13, 19, 26, 27, 13]
y_coordinates = [6, 22, 25, 1, 36, 3, 9, 0, 11, 20, 9, 13, 37, 0, 5, 34, 5, 0, 0, 3, 36]
x_dimensions = [12, 4, 4, 4, 4, 3, 3, 3, 3, 3, 3, 3, 11, 10, 9, 8, 3, 3, 5, 4, 3]
y_dimensions = [34, 14, 11, 5, 4, 34, 25, 22, 21, 14, 13, 12, 3, 3, 3, 3, 7, 6, 3, 3, 3]
minimum_height = 40
----------
x_coordinates = [16, 30, 12, 5, 5, 9, 13, 31, 3, 0, 6, 28, 12, 3, 0, 1, 28, 6, 27, 23, 2]
y_coordinates = [2, 0, 25, 3, 35, 5, 0, 14, 8, 13, 8, 14, 36, 0, 32, 29, 28, 23, 36, 36, 35]
x_dimensions = [12, 4, 4, 4, 4, 3, 3, 3, 3, 3, 3, 3, 11, 10, 9, 8, 3, 3, 5, 4, 3]
y_dimensions = [34, 14, 11, 5, 4, 34, 25, 22, 21, 14, 13, 12, 3, 3, 3, 3, 7, 6, 3, 3, 3]
minimum_height = 39
----------
x_coordinates = [16, 30, 9, 9, 0, 13, 6, 31, 3, 0, 28, 9, 2, 20, 0, 5, 28, 0, 4, 12, 2]
y_coordinates = [4, 2, 15, 10, 31, 0, 7, 16, 10, 10, 25, 26, 3, 1, 35, 0, 18, 24, 32, 34, 0]
x_dimensions = [12, 4, 4, 4, 4, 3, 3, 3, 3, 3, 3, 3, 11, 10, 9, 8, 3, 3, 5, 4, 3]
y_dimensions = [34, 14, 11, 5, 4, 34, 25, 22, 21, 14, 13, 12, 3, 3, 3, 3, 7, 6, 3, 3, 3]
minimum_height = 38
----------
x_coordinates = [16, 30, 1, 5, 5, 9, 13, 31, 6, 3, 28, 0, 9, 20, 0, 1, 28, 13, 0, 12, 0]
y_coordinates = [3, 1, 3, 4, 33, 3, 3, 15, 9, 14, 16, 18, 0, 0, 0, 30, 29, 28, 34, 34, 14]
x_dimensions = [12, 4, 4, 4, 4, 3, 3, 3, 3, 3, 3, 3, 11, 10, 9, 8, 3, 3, 5, 4, 3]
y_dimensions = [34, 14, 11, 5, 4, 34, 25, 22, 21, 14, 13, 12, 3, 3, 3, 3, 7, 6, 3, 3, 3]
minimum_height = 37
----------
x_coordinates = [16, 3, 5, 0, 0, 28, 7, 10, 0, 13, 31, 13, 4, 10, 31, 31, 4, 7, 13, 31, 0]
y_coordinates = [2, 0, 32, 32, 28, 2, 7, 0, 6, 1, 23, 20, 21, 22, 14, 2, 14, 1, 15, 10, 3]
x_dimensions = [12, 4, 11, 5, 4, 3, 3, 3, 3, 3, 3, 3, 3, 3, 3, 3, 3, 3, 3, 3, 3]
y_dimensions = [34, 14, 4, 4, 4, 34, 25, 22, 21, 14, 13, 12, 11, 10, 9, 8, 7, 6, 5, 4, 3]
minimum_height = 36
----------
x_coordinates = [0, 20, 9, 4, 0, 0, 9, 12, 13, 20, 0, 0, 9, 24, 0, 1, 17, 11, 6, 3, 0]
y_coordinates = [16, 31, 31, 31, 31, 28, 13, 10, 7, 4, 7, 10, 4, 1, 13, 4, 1, 1, 1, 0, 1]
x_dimensions = [34, 14, 11, 5, 4, 34, 25, 22, 21, 14, 13, 12, 11, 10, 9, 8, 7, 6, 5, 3, 3]
y_dimensions = [12, 4, 4, 4, 4, 3, 3, 3, 3, 3, 3, 3, 3, 3, 3, 3, 3, 3, 3, 4, 3]
minimum_height = 35
----------
x_coordinates = [0, 20, 4, 15, 0, 0, 3, 9, 13, 11, 0, 31, 3, 21, 0, 3, 14, 25, 0, 0, 28]
y_coordinates = [0, 12, 12, 12, 12, 16, 28, 22, 19, 25, 19, 22, 31, 31, 22, 25, 31, 25, 29, 25, 28]
x_dimensions = [34, 14, 11, 5, 4, 34, 25, 22, 21, 14, 13, 3, 11, 10, 9, 8, 7, 6, 3, 3, 3]
y_dimensions = [12, 4, 4, 4, 4, 3, 3, 3, 3, 3, 3, 12, 3, 3, 3, 3, 3, 3, 5, 4, 3]
minimum_height = 34
----------
==========
%%%mzn-stat: nodes=217912
%%%mzn-stat: failures=92107
%%%mzn-stat: restarts=2270
%%%mzn-stat: variables=15559
%%%mzn-stat: intVars=86
%%%mzn-stat: boolVariables=15471
%%%mzn-stat: propagators=1725
%%%mzn-stat: propagations=52144210
%%%mzn-stat: peakDepth=190
%%%mzn-stat: nogoods=92107
%%%mzn-stat: backjumps=43886
%%%mzn-stat: peakMem=0.00
%%%mzn-stat: time=18.135
%%%mzn-stat: initTime=0.031
%%%mzn-stat: solveTime=18.104
%%%mzn-stat: objective=34
%%%mzn-stat: optTime=18.103
%%%mzn-stat: baseMem=0.00
%%%mzn-stat: trailMem=0.02
%%%mzn-stat: randomSeed=1657543233
