x_coordinates = [8, 10, 14, 9, 2, 10, 1, 11, 5, 5, 8, 2, 2, 13, 12, 1, 4, 0, 9, 2, 5, 13, 4, 2, 4]
y_coordinates = [113, 167, 183, 155, 94, 186, 171, 192, 188, 194, 202, 188, 203, 187, 178, 175, 125, 193, 191, 199, 183, 198, 204, 169, 172]
x_dimensions = [6, 5, 1, 4, 5, 3, 1, 2, 4, 4, 3, 3, 2, 2, 3, 4, 11, 2, 2, 7, 9, 2, 9, 13, 11]
y_dimensions = [2, 2, 4, 12, 13, 5, 2, 12, 6, 5, 2, 11, 2, 11, 5, 13, 4, 13, 11, 3, 3, 7, 2, 3, 3]
minimum_height = 206
----------
x_coordinates = [8, 8, 13, 3, 7, 12, 1, 13, 5, 5, 10, 2, 11, 12, 10, 3, 10, 0, 11, 8, 6, 2, 9, 2, 7]
y_coordinates = [188, 6, 64, 179, 94, 183, 173, 193, 190, 195, 177, 189, 201, 149, 146, 159, 163, 203, 190, 160, 143, 201, 194, 174, 163]
x_dimensions = [6, 5, 1, 12, 5, 3, 1, 2, 6, 4, 3, 3, 2, 2, 5, 4, 4, 13, 2, 7, 9, 7, 2, 13, 3]
y_dimensions = [2, 2, 4, 4, 13, 5, 2, 12, 4, 5, 2, 11, 2, 11, 3, 13, 11, 2, 11, 3, 3, 2, 9, 3, 11]
minimum_height = 205
----------
x_coordinates = [7, 3, 13, 4, 6, 12, 11, 1, 7, 9, 12, 4, 12, 12, 10, 0, 8, 2, 12, 7, 4, 6, 13, 1, 12]
y_coordinates = [200, 51, 153, 179, 91, 190, 178, 202, 196, 152, 157, 191, 177, 161, 172, 171, 185, 159, 138, 149, 123, 175, 195, 189, 179]
x_dimensions = [6, 5, 1, 4, 5, 3, 1, 12, 6, 4, 3, 3, 2, 2, 5, 4, 4, 13, 2, 7, 9, 7, 2, 3, 3]
y_dimensions = [2, 2, 4, 12, 13, 5, 2, 2, 4, 5, 2, 11, 2, 11, 3, 13, 11, 2, 11, 3, 3, 2, 9, 13, 11]
minimum_height = 204
----------
x_coordinates = [9, 2, 11, 0, 4, 10, 12, 0, 7, 11, 10, 3, 13, 12, 2, 9, 6, 7, 13, 0, 4, 8, 12, 12, 0]
y_coordinates = [161, 48, 125, 181, 58, 191, 200, 201, 196, 147, 173, 190, 163, 165, 174, 133, 185, 162, 192, 171, 27, 176, 152, 178, 190]
x_dimensions = [6, 5, 4, 12, 5, 3, 1, 12, 6, 4, 2, 3, 2, 2, 3, 4, 4, 2, 2, 7, 3, 7, 2, 3, 3]
y_dimensions = [2, 2, 1, 4, 13, 5, 2, 2, 4, 5, 3, 11, 2, 11, 5, 13, 11, 13, 11, 3, 9, 2, 9, 13, 11]
minimum_height = 203
----------
x_coordinates = [8, 10, 10, 11, 1, 0, 14, 1, 3, 8, 8, 2, 12, 4, 11, 0, 8, 9, 0, 8, 10, 9, 0, 5, 11]
y_coordinates = [174, 1, 176, 190, 65, 195, 177, 9, 196, 101, 186, 184, 178, 180, 185, 171, 134, 189, 184, 182, 156, 167, 200, 183, 167]
x_dimensions = [2, 2, 1, 4, 5, 3, 1, 12, 6, 5, 2, 3, 2, 11, 3, 4, 4, 2, 2, 7, 3, 2, 9, 3, 3]
y_dimensions = [6, 5, 4, 12, 13, 5, 2, 2, 4, 4, 3, 11, 2, 2, 5, 13, 11, 13, 11, 3, 9, 7, 2, 13, 11]
minimum_height = 202
----------
x_coordinates = [5, 2, 14, 0, 6, 0, 14, 2, 9, 9, 1, 10, 7, 13, 12, 3, 3, 11, 12, 3, 11, 13, 3, 7, 12]
y_coordinates = [164, 189, 197, 191, 36, 196, 164, 148, 150, 165, 185, 180, 165, 181, 192, 172, 197, 135, 154, 186, 126, 141, 195, 173, 169]
x_dimensions = [2, 5, 1, 12, 5, 3, 1, 12, 6, 5, 2, 3, 2, 2, 3, 4, 11, 2, 2, 7, 3, 2, 9, 3, 3]
y_dimensions = [6, 2, 4, 4, 13, 5, 2, 2, 4, 4, 3, 11, 2, 11, 5, 13, 4, 13, 11, 3, 9, 7, 2, 13, 11]
minimum_height = 201
----------
x_coordinates = [4, 8, 3, 0, 7, 12, 8, 2, 6, 10, 4, 4, 6, 2, 12, 11, 1, 10, 12, 3, 11, 13, 5, 9, 12]
y_coordinates = [165, 117, 184, 192, 49, 195, 166, 150, 196, 152, 197, 185, 166, 182, 190, 137, 188, 169, 156, 179, 126, 178, 123, 156, 167]
x_dimensions = [2, 5, 1, 12, 5, 3, 1, 12, 6, 5, 2, 11, 2, 11, 3, 4, 11, 2, 2, 7, 3, 2, 9, 3, 3]
y_dimensions = [6, 2, 4, 4, 13, 5, 2, 2, 4, 4, 3, 3, 2, 2, 5, 13, 4, 13, 11, 3, 9, 7, 2, 13, 11]
minimum_height = 200
----------
x_coordinates = [12, 2, 14, 0, 5, 9, 12, 3, 7, 10, 2, 12, 13, 4, 3, 7, 1, 11, 13, 5, 0, 13, 0, 11, 12]
y_coordinates = [130, 155, 164, 195, 49, 177, 124, 136, 182, 138, 184, 188, 125, 186, 141, 145, 191, 142, 144, 188, 177, 179, 180, 155, 168]
x_dimensions = [2, 5, 1, 12, 5, 3, 1, 12, 6, 5, 2, 3, 2, 11, 3, 4, 11, 2, 2, 7, 9, 2, 9, 3, 3]
y_dimensions = [6, 2, 4, 4, 13, 5, 2, 2, 4, 4, 3, 11, 2, 2, 5, 13, 4, 13, 11, 3, 3, 7, 2, 13, 11]
minimum_height = 199
----------
x_coordinates = [12, 7, 14, 0, 3, 11, 14, 0, 9, 10, 11, 12, 13, 0, 7, 8, 4, 11, 13, 3, 1, 10, 0, 11, 12]
y_coordinates = [134, 63, 183, 194, 48, 182, 139, 133, 178, 157, 162, 187, 132, 185, 161, 120, 153, 165, 162, 191, 154, 187, 181, 140, 121]
x_dimensions = [2, 5, 1, 12, 5, 3, 1, 12, 6, 4, 2, 3, 2, 11, 3, 4, 11, 2, 2, 7, 3, 2, 9, 3, 3]
y_dimensions = [6, 2, 4, 4, 13, 5, 2, 2, 4, 5, 3, 11, 2, 2, 5, 13, 4, 13, 11, 3, 9, 7, 2, 13, 11]
minimum_height = 198
----------
x_coordinates = [12, 4, 13, 3, 2, 10, 13, 2, 9, 11, 13, 0, 13, 4, 8, 7, 4, 11, 13, 3, 10, 13, 0, 10, 12]
y_coordinates = [170, 134, 98, 193, 34, 180, 168, 90, 176, 139, 156, 186, 166, 187, 143, 129, 189, 144, 145, 184, 8, 180, 179, 157, 128]
x_dimensions = [2, 2, 1, 12, 5, 3, 1, 12, 6, 4, 2, 3, 2, 11, 3, 4, 11, 2, 2, 7, 3, 2, 9, 3, 3]
y_dimensions = [6, 5, 4, 4, 13, 5, 2, 2, 4, 5, 3, 11, 2, 2, 5, 13, 4, 13, 11, 3, 9, 7, 2, 13, 11]
minimum_height = 197
----------
x_coordinates = [11, 6, 6, 0, 2, 9, 12, 3, 6, 4, 11, 12, 13, 5, 8, 7, 2, 13, 13, 5, 10, 4, 0, 12, 6]
y_coordinates = [162, 98, 191, 192, 65, 182, 156, 83, 187, 164, 168, 185, 170, 172, 164, 169, 158, 157, 146, 155, 8, 185, 183, 172, 144]
x_dimensions = [2, 5, 4, 12, 5, 3, 1, 12, 6, 4, 2, 3, 2, 2, 3, 4, 11, 2, 2, 7, 3, 2, 9, 3, 3]
y_dimensions = [6, 2, 1, 4, 13, 5, 2, 2, 4, 5, 3, 11, 2, 11, 5, 13, 4, 13, 11, 3, 9, 7, 2, 13, 11]
minimum_height = 196
----------
x_coordinates = [11, 10, 1, 0, 6, 12, 14, 3, 9, 8, 12, 2, 13, 11, 8, 11, 2, 13, 12, 8, 10, 13, 0, 10, 8]
y_coordinates = [154, 63, 191, 184, 18, 182, 159, 117, 178, 173, 175, 188, 172, 106, 145, 133, 191, 146, 122, 119, 45, 187, 181, 160, 132]
x_dimensions = [2, 5, 1, 12, 5, 3, 1, 12, 6, 4, 2, 11, 2, 2, 3, 4, 11, 2, 2, 7, 3, 2, 9, 3, 3]
y_dimensions = [6, 2, 4, 4, 13, 5, 2, 2, 4, 5, 3, 3, 2, 11, 5, 13, 4, 13, 11, 3, 9, 7, 2, 13, 11]
minimum_height = 195
----------
x_coordinates = [13, 9, 0, 3, 3, 7, 13, 1, 0, 3, 13, 10, 12, 12, 9, 6, 1, 13, 4, 8, 0, 13, 6, 10, 1]
y_coordinates = [172, 99, 189, 190, 93, 183, 171, 173, 185, 180, 178, 177, 144, 147, 159, 166, 155, 158, 168, 140, 159, 181, 188, 164, 162]
x_dimensions = [2, 2, 1, 12, 5, 3, 2, 2, 6, 4, 2, 3, 2, 2, 3, 4, 11, 2, 2, 7, 9, 2, 9, 3, 3]
y_dimensions = [6, 5, 4, 4, 13, 5, 1, 12, 4, 5, 3, 11, 2, 11, 5, 13, 4, 13, 11, 3, 3, 7, 2, 13, 11]
minimum_height = 194
----------
x_coordinates = [0, 3, 3, 8, 7, 5, 14, 5, 4, 0, 3, 10, 13, 13, 12, 7, 2, 0, 13, 7, 4, 13, 4, 2, 11]
y_coordinates = [186, 18, 164, 168, 91, 174, 185, 179, 168, 165, 191, 150, 157, 146, 177, 180, 143, 173, 166, 140, 161, 159, 165, 176, 182]
x_dimensions = [2, 5, 4, 4, 5, 3, 1, 2, 4, 4, 3, 3, 2, 2, 3, 4, 11, 2, 2, 7, 9, 2, 9, 3, 3]
y_dimensions = [6, 2, 1, 12, 13, 5, 2, 12, 6, 5, 2, 11, 2, 11, 5, 13, 4, 13, 11, 3, 3, 7, 2, 13, 11]
minimum_height = 193
----------
x_coordinates = [12, 4, 5, 9, 7, 10, 13, 2, 4, 11, 11, 10, 13, 13, 8, 2, 6, 1, 13, 3, 6, 3, 6, 0, 0]
y_coordinates = [144, 174, 165, 168, 94, 150, 168, 173, 179, 183, 180, 155, 170, 155, 180, 188, 153, 143, 172, 154, 141, 165, 166, 160, 185]
x_dimensions = [2, 5, 1, 4, 5, 3, 1, 2, 4, 4, 2, 3, 2, 2, 3, 13, 4, 2, 2, 3, 9, 2, 9, 3, 11]
y_dimensions = [6, 2, 4, 12, 13, 5, 2, 12, 6, 5, 3, 11, 2, 11, 5, 4, 11, 13, 11, 7, 3, 7, 2, 13, 3]
minimum_height = 192
----------
x_coordinates = [0, 5, 3, 11, 0, 0, 11, 1, 7, 2, 12, 10, 12, 13, 12, 2, 2, 6, 0, 6, 3, 0, 6, 8, 4]
y_coordinates = [161, 149, 166, 171, 94, 186, 183, 144, 165, 167, 148, 151, 146, 158, 183, 172, 155, 171, 175, 162, 185, 168, 169, 172, 188]
x_dimensions = [2, 5, 4, 4, 5, 3, 1, 12, 6, 4, 2, 3, 2, 2, 3, 4, 4, 2, 2, 7, 9, 2, 9, 3, 11]
y_dimensions = [6, 2, 1, 12, 13, 5, 2, 2, 4, 5, 3, 11, 2, 11, 5, 13, 11, 13, 11, 3, 3, 7, 2, 13, 3]
minimum_height = 191
----------
x_coordinates = [10, 9, 7, 0, 5, 10, 14, 5, 9, 8, 13, 11, 0, 7, 0, 11, 9, 8, 13, 4, 12, 5, 12, 2, 1]
y_coordinates = [165, 151, 185, 175, 73, 82, 169, 164, 171, 186, 187, 140, 173, 174, 187, 127, 175, 158, 176, 176, 153, 183, 162, 162, 155]
x_dimensions = [2, 5, 1, 4, 5, 5, 1, 2, 6, 5, 2, 3, 2, 2, 5, 4, 4, 2, 2, 3, 3, 2, 2, 3, 11]
y_dimensions = [6, 2, 4, 12, 13, 3, 2, 12, 4, 4, 3, 11, 2, 11, 3, 13, 11, 13, 11, 7, 9, 7, 9, 13, 3]
minimum_height = 190
----------
x_coordinates = [13, 10, 14, 1, 3, 12, 14, 6, 8, 10, 9, 11, 13, 13, 6, 5, 5, 11, 11, 2, 0, 9, 11, 12, 3]
y_coordinates = [161, 77, 167, 177, 91, 151, 158, 163, 168, 172, 154, 140, 125, 176, 186, 143, 175, 114, 176, 170, 155, 176, 159, 127, 156]
x_dimensions = [2, 5, 1, 4, 5, 3, 1, 2, 6, 5, 3, 3, 2, 2, 5, 4, 4, 2, 2, 3, 3, 2, 2, 3, 11]
y_dimensions = [6, 2, 4, 12, 13, 5, 2, 12, 4, 4, 2, 11, 2, 11, 3, 13, 11, 13, 11, 7, 9, 7, 9, 13, 3]
minimum_height = 189
----------
x_coordinates = [0, 1, 14, 1, 7, 6, 9, 8, 9, 10, 9, 10, 8, 10, 10, 0, 5, 12, 13, 2, 1, 9, 11, 12, 4]
y_coordinates = [182, 30, 154, 147, 71, 171, 176, 148, 169, 173, 178, 108, 144, 145, 158, 168, 176, 145, 177, 181, 159, 181, 177, 132, 166]
x_dimensions = [2, 5, 1, 4, 5, 3, 1, 2, 6, 5, 2, 3, 2, 2, 5, 4, 4, 2, 2, 3, 3, 2, 2, 3, 11]
y_dimensions = [6, 2, 4, 12, 13, 5, 2, 12, 4, 4, 3, 11, 2, 11, 3, 13, 11, 13, 11, 7, 9, 7, 9, 13, 3]
minimum_height = 188
----------
x_coordinates = [5, 9, 0, 8, 5, 0, 14, 6, 8, 10, 13, 10, 5, 9, 10, 0, 6, 9, 12, 10, 3, 1, 4, 7, 4]
y_coordinates = [155, 22, 182, 157, 77, 175, 168, 161, 169, 183, 179, 146, 118, 108, 129, 162, 176, 132, 158, 176, 178, 180, 164, 119, 173]
x_dimensions = [2, 5, 1, 4, 5, 3, 1, 2, 6, 5, 2, 3, 2, 2, 5, 4, 4, 2, 2, 3, 3, 2, 2, 3, 11]
y_dimensions = [6, 2, 4, 12, 13, 5, 2, 12, 4, 4, 3, 11, 2, 11, 3, 13, 11, 13, 11, 7, 9, 7, 9, 13, 3]
minimum_height = 187
----------
x_coordinates = [3, 6, 14, 0, 2, 4, 10, 7, 11, 11, 9, 11, 13, 6, 10, 0, 7, 1, 5, 11, 12, 10, 4, 8, 9]
y_coordinates = [155, 134, 165, 161, 43, 172, 170, 170, 169, 157, 172, 138, 149, 148, 118, 173, 159, 148, 160, 162, 176, 150, 177, 137, 175]
x_dimensions = [2, 5, 1, 4, 13, 3, 1, 2, 4, 4, 2, 3, 2, 2, 5, 4, 4, 2, 2, 3, 3, 2, 2, 3, 3]
y_dimensions = [6, 2, 4, 12, 5, 5, 2, 12, 6, 5, 3, 11, 2, 11, 3, 13, 11, 13, 11, 7, 9, 7, 9, 13, 11]
minimum_height = 186
----------
x_coordinates = [11, 5, 14, 11, 5, 12, 11, 12, 6, 11, 10, 11, 8, 10, 10, 5, 8, 6, 11, 12, 9, 12, 11, 12, 1]
y_coordinates = [76, 105, 155, 105, 89, 177, 82, 165, 181, 160, 166, 119, 143, 134, 130, 165, 145, 144, 85, 146, 169, 153, 96, 133, 178]
x_dimensions = [2, 5, 1, 4, 5, 3, 1, 2, 6, 4, 2, 3, 2, 2, 5, 4, 4, 2, 2, 3, 3, 2, 2, 3, 11]
y_dimensions = [6, 2, 4, 12, 13, 5, 2, 12, 4, 5, 3, 11, 2, 11, 3, 13, 11, 13, 11, 7, 9, 7, 9, 13, 3]
minimum_height = 185
----------
x_coordinates = [1, 0, 0, 9, 5, 12, 6, 13, 11, 11, 11, 0, 10, 12, 3, 4, 8, 0, 10, 2, 9, 3, 7, 5, 1]
y_coordinates = [168, 99, 180, 157, 25, 179, 151, 167, 122, 152, 169, 127, 139, 136, 134, 168, 128, 146, 141, 150, 172, 137, 151, 138, 181]
x_dimensions = [2, 5, 1, 4, 5, 3, 1, 2, 4, 4, 2, 3, 2, 2, 5, 4, 4, 2, 2, 3, 3, 2, 2, 3, 11]
y_dimensions = [6, 2, 4, 12, 13, 5, 2, 12, 6, 5, 3, 11, 2, 11, 3, 13, 11, 13, 11, 7, 9, 7, 9, 13, 3]
minimum_height = 184
----------
x_coordinates = [7, 6, 4, 11, 2, 12, 14, 2, 7, 4, 12, 8, 6, 13, 10, 8, 9, 0, 13, 2, 9, 4, 3, 5, 1]
y_coordinates = [169, 37, 140, 158, 39, 178, 141, 168, 140, 175, 174, 158, 138, 130, 155, 127, 144, 166, 143, 161, 171, 168, 152, 154, 180]
x_dimensions = [2, 5, 1, 4, 13, 3, 1, 2, 6, 4, 2, 3, 2, 2, 5, 4, 4, 2, 2, 3, 3, 2, 2, 3, 11]
y_dimensions = [6, 2, 4, 12, 5, 5, 2, 12, 4, 5, 3, 11, 2, 11, 3, 13, 11, 13, 11, 7, 9, 7, 9, 13, 3]
minimum_height = 183
----------
x_coordinates = [1, 11, 8, 11, 7, 12, 1, 13, 7, 5, 12, 5, 3, 13, 7, 7, 9, 5, 13, 8, 9, 0, 0, 2, 1]
y_coordinates = [169, 138, 146, 158, 38, 177, 146, 124, 154, 174, 174, 161, 146, 136, 127, 130, 143, 146, 147, 161, 170, 162, 153, 153, 179]
x_dimensions = [2, 2, 1, 4, 5, 3, 1, 2, 6, 4, 2, 3, 2, 2, 5, 4, 4, 2, 2, 3, 3, 2, 2, 3, 11]
y_dimensions = [6, 5, 4, 12, 13, 5, 2, 12, 4, 5, 3, 11, 2, 11, 3, 13, 11, 13, 11, 7, 9, 7, 9, 13, 3]
minimum_height = 182
----------
x_coordinates = [11, 9, 4, 0, 5, 12, 5, 13, 7, 5, 12, 6, 7, 13, 8, 9, 9, 0, 13, 2, 9, 8, 4, 6, 1]
y_coordinates = [162, 164, 143, 161, 88, 176, 148, 160, 155, 173, 173, 162, 140, 138, 159, 131, 144, 148, 149, 147, 169, 122, 154, 142, 178]
x_dimensions = [2, 2, 1, 4, 5, 3, 1, 2, 6, 4, 2, 3, 2, 2, 5, 4, 4, 2, 2, 3, 3, 2, 2, 3, 11]
y_dimensions = [6, 5, 4, 12, 13, 5, 2, 12, 4, 5, 3, 11, 2, 11, 3, 13, 11, 13, 11, 7, 9, 7, 9, 13, 3]
minimum_height = 181
----------
x_coordinates = [4, 9, 6, 0, 5, 5, 4, 13, 9, 6, 13, 7, 10, 13, 9, 0, 0, 13, 5, 4, 10, 11, 7, 12, 3]
y_coordinates = [174, 155, 141, 168, 38, 151, 162, 165, 157, 175, 177, 164, 141, 131, 161, 143, 156, 115, 163, 154, 171, 164, 154, 142, 128]
x_dimensions = [2, 5, 1, 4, 5, 5, 1, 2, 6, 4, 2, 3, 2, 2, 5, 4, 4, 2, 2, 3, 3, 2, 2, 3, 11]
y_dimensions = [6, 2, 4, 12, 13, 3, 2, 12, 4, 5, 3, 11, 2, 11, 3, 13, 11, 13, 11, 7, 9, 7, 9, 13, 3]
minimum_height = 180
----------
x_coordinates = [6, 9, 9, 11, 6, 5, 14, 2, 9, 9, 1, 8, 3, 7, 10, 0, 9, 10, 4, 10, 0, 13, 7, 4, 3]
y_coordinates = [170, 86, 152, 163, 88, 132, 175, 162, 156, 175, 174, 164, 143, 144, 160, 148, 138, 125, 165, 149, 176, 149, 155, 152, 122]
x_dimensions = [2, 5, 1, 4, 5, 5, 1, 2, 6, 5, 3, 3, 2, 2, 5, 4, 4, 2, 2, 3, 9, 2, 2, 3, 11]
y_dimensions = [6, 2, 4, 12, 13, 3, 2, 12, 4, 4, 2, 11, 2, 11, 3, 13, 11, 13, 11, 7, 3, 7, 9, 13, 3]
minimum_height = 179
----------
x_coordinates = [7, 10, 14, 0, 7, 2, 5, 11, 10, 9, 8, 12, 4, 6, 9, 1, 11, 12, 6, 3, 0, 13, 8, 10, 4]
y_coordinates = [169, 41, 157, 165, 52, 172, 153, 108, 157, 174, 153, 163, 143, 143, 169, 145, 133, 120, 154, 158, 175, 150, 156, 144, 105]
x_dimensions = [2, 5, 1, 12, 5, 5, 1, 2, 4, 5, 2, 3, 2, 2, 3, 4, 4, 2, 2, 3, 9, 2, 2, 3, 11]
y_dimensions = [6, 2, 4, 4, 13, 3, 2, 12, 6, 4, 3, 11, 2, 11, 5, 13, 11, 13, 11, 7, 3, 7, 9, 13, 3]
minimum_height = 178
----------
x_coordinates = [10, 0, 0, 0, 0, 5, 1, 1, 7, 11, 11, 12, 9, 13, 7, 11, 0, 12, 11, 0, 1, 12, 13, 6, 2]
y_coordinates = [171, 171, 173, 167, 38, 171, 142, 162, 158, 128, 95, 166, 156, 133, 164, 144, 144, 108, 97, 155, 174, 121, 157, 145, 141]
x_dimensions = [2, 5, 1, 12, 5, 5, 1, 12, 6, 4, 3, 3, 2, 2, 5, 4, 4, 2, 2, 3, 9, 2, 2, 3, 11]
y_dimensions = [6, 2, 4, 4, 13, 3, 2, 2, 4, 5, 2, 11, 2, 11, 3, 13, 11, 13, 11, 7, 3, 7, 9, 13, 3]
minimum_height = 177
----------
x_coordinates = [11, 7, 12, 0, 1, 7, 10, 13, 10, 11, 2, 0, 3, 11, 5, 2, 10, 0, 10, 5, 12, 3, 8, 0, 1]
y_coordinates = [164, 170, 171, 172, 38, 146, 164, 164, 158, 153, 170, 167, 163, 116, 162, 149, 127, 141, 105, 155, 140, 153, 157, 154, 138]
x_dimensions = [2, 5, 1, 12, 13, 5, 1, 2, 4, 4, 3, 11, 2, 2, 3, 13, 4, 2, 2, 3, 3, 2, 2, 3, 11]
y_dimensions = [6, 2, 4, 4, 5, 3, 2, 12, 6, 5, 2, 3, 2, 11, 5, 4, 11, 13, 11, 7, 9, 7, 9, 13, 3]
minimum_height = 176
----------
x_coordinates = [13, 10, 1, 2, 7, 12, 0, 1, 2, 6, 12, 5, 12, 1, 11, 9, 6, 13, 12, 6, 0, 13, 10, 3, 1]
y_coordinates = [166, 173, 171, 124, 38, 141, 142, 167, 169, 170, 121, 129, 128, 156, 116, 154, 143, 146, 130, 160, 145, 159, 145, 153, 140]
x_dimensions = [2, 5, 1, 12, 5, 3, 1, 12, 4, 4, 2, 3, 2, 2, 3, 4, 4, 2, 2, 3, 3, 2, 2, 3, 11]
y_dimensions = [6, 2, 4, 4, 13, 5, 2, 2, 6, 5, 3, 11, 2, 11, 5, 13, 11, 13, 11, 7, 9, 7, 9, 13, 3]
minimum_height = 175
----------
x_coordinates = [5, 10, 10, 1, 7, 9, 1, 3, 2, 11, 6, 5, 13, 3, 0, 11, 1, 9, 12, 8, 12, 7, 13, 5, 2]
y_coordinates = [170, 131, 133, 137, 79, 144, 143, 172, 144, 154, 148, 126, 134, 161, 169, 159, 150, 149, 120, 163, 145, 150, 136, 157, 141]
x_dimensions = [6, 5, 1, 12, 5, 3, 1, 12, 4, 4, 3, 3, 2, 2, 3, 4, 4, 2, 2, 3, 3, 2, 2, 3, 11]
y_dimensions = [2, 2, 4, 4, 13, 5, 2, 2, 6, 5, 2, 11, 2, 11, 5, 13, 11, 13, 11, 7, 9, 7, 9, 13, 3]
minimum_height = 174
----------
x_coordinates = [0, 9, 2, 1, 5, 10, 3, 3, 8, 6, 12, 12, 13, 0, 11, 2, 6, 10, 12, 8, 12, 11, 13, 3, 4]
y_coordinates = [167, 96, 169, 137, 38, 146, 143, 171, 123, 159, 162, 126, 124, 156, 91, 164, 148, 151, 113, 168, 153, 105, 144, 150, 141]
x_dimensions = [2, 5, 1, 12, 5, 3, 1, 12, 4, 4, 3, 3, 2, 2, 3, 13, 4, 2, 2, 7, 3, 2, 2, 3, 11]
y_dimensions = [6, 2, 4, 4, 13, 5, 2, 2, 6, 5, 2, 11, 2, 11, 5, 4, 11, 13, 11, 3, 9, 7, 9, 13, 3]
minimum_height = 173
----------
x_coordinates = [5, 10, 11, 3, 2, 11, 3, 0, 11, 7, 11, 0, 12, 10, 10, 0, 7, 13, 12, 12, 4, 11, 2, 6, 3]
y_coordinates = [168, 136, 166, 138, 43, 145, 122, 170, 123, 156, 150, 128, 129, 112, 131, 161, 145, 152, 112, 165, 149, 154, 149, 122, 142]
x_dimensions = [6, 5, 1, 12, 13, 3, 1, 12, 4, 4, 3, 3, 2, 2, 3, 13, 4, 2, 2, 3, 3, 2, 2, 3, 11]
y_dimensions = [2, 2, 4, 4, 5, 5, 2, 2, 6, 5, 2, 11, 2, 11, 5, 4, 11, 13, 11, 7, 9, 7, 9, 13, 3]
minimum_height = 172
----------
x_coordinates = [6, 11, 12, 6, 7, 12, 2, 0, 11, 7, 11, 3, 12, 10, 10, 0, 8, 13, 4, 12, 8, 11, 10, 12, 4]
y_coordinates = [167, 136, 121, 128, 72, 144, 143, 169, 125, 155, 149, 129, 100, 103, 131, 160, 114, 151, 118, 164, 146, 153, 94, 102, 141]
x_dimensions = [6, 2, 1, 4, 5, 3, 1, 12, 4, 4, 3, 3, 2, 2, 3, 13, 4, 2, 2, 3, 3, 2, 2, 3, 11]
y_dimensions = [2, 5, 4, 12, 13, 5, 2, 2, 6, 5, 2, 11, 2, 11, 5, 4, 11, 13, 11, 7, 9, 7, 9, 13, 3]
minimum_height = 171
----------
x_coordinates = [5, 13, 3, 6, 1, 12, 3, 2, 11, 7, 12, 3, 12, 10, 10, 0, 7, 13, 4, 4, 3, 11, 1, 0, 4]
y_coordinates = [168, 136, 166, 129, 38, 144, 143, 117, 164, 155, 149, 130, 134, 106, 136, 160, 144, 151, 119, 165, 147, 153, 148, 135, 141]
x_dimensions = [6, 2, 1, 4, 13, 3, 1, 12, 4, 4, 3, 3, 2, 2, 3, 13, 4, 2, 2, 7, 3, 2, 2, 3, 11]
y_dimensions = [2, 5, 4, 12, 5, 5, 2, 2, 6, 5, 2, 11, 2, 11, 5, 4, 11, 13, 11, 3, 9, 7, 9, 13, 3]
minimum_height = 170
----------
x_coordinates = [7, 11, 4, 8, 1, 12, 11, 1, 11, 7, 10, 5, 13, 13, 8, 0, 11, 2, 11, 4, 5, 0, 13, 10, 12]
y_coordinates = [110, 137, 157, 146, 75, 153, 143, 112, 131, 161, 107, 136, 128, 106, 136, 114, 158, 156, 96, 166, 152, 157, 117, 118, 142]
x_dimensions = [6, 2, 1, 4, 13, 3, 1, 12, 4, 4, 3, 3, 2, 2, 3, 13, 4, 2, 2, 7, 3, 2, 2, 3, 3]
y_dimensions = [2, 5, 4, 12, 5, 5, 2, 2, 6, 5, 2, 11, 2, 11, 5, 4, 11, 13, 11, 3, 9, 7, 9, 13, 11]
minimum_height = 169
----------
x_coordinates = [8, 11, 14, 10, 7, 8, 6, 0, 11, 9, 7, 8, 12, 4, 1, 2, 11, 3, 13, 9, 0, 12, 5, 6, 5]
y_coordinates = [155, 136, 153, 145, 77, 163, 115, 144, 128, 116, 153, 130, 134, 130, 133, 141, 157, 154, 107, 121, 156, 121, 147, 117, 156]
x_dimensions = [2, 2, 1, 4, 5, 3, 1, 2, 4, 4, 3, 3, 2, 2, 3, 13, 4, 2, 2, 3, 3, 2, 2, 3, 3]
y_dimensions = [6, 5, 4, 12, 13, 5, 2, 12, 6, 5, 2, 11, 2, 11, 5, 4, 11, 13, 11, 7, 9, 7, 9, 13, 11]
minimum_height = 168
----------
x_coordinates = [7, 12, 0, 1, 7, 10, 2, 13, 4, 4, 8, 12, 5, 12, 0, 11, 11, 12, 4, 8, 1, 9, 0, 2, 12]
y_coordinates = [165, 50, 160, 161, 38, 156, 149, 155, 142, 135, 114, 115, 165, 80, 139, 102, 126, 137, 150, 136, 158, 129, 149, 152, 91]
x_dimensions = [6, 2, 1, 12, 5, 3, 1, 2, 4, 4, 3, 3, 2, 2, 3, 4, 4, 2, 11, 3, 9, 2, 2, 13, 3]
y_dimensions = [2, 5, 4, 4, 13, 5, 2, 12, 6, 5, 2, 11, 2, 11, 5, 13, 11, 13, 2, 7, 3, 7, 9, 3, 11]
minimum_height = 167
----------
x_coordinates = [8, 11, 14, 3, 2, 9, 11, 0, 11, 0, 9, 0, 12, 11, 12, 10, 0, 8, 4, 2, 2, 0, 10, 2, 5]
y_coordinates = [122, 99, 120, 124, 41, 117, 155, 153, 157, 148, 160, 123, 148, 104, 152, 128, 155, 133, 150, 160, 137, 159, 141, 163, 139]
x_dimensions = [6, 2, 1, 12, 13, 3, 1, 12, 4, 4, 2, 3, 2, 2, 3, 4, 11, 2, 11, 7, 3, 2, 2, 13, 3]
y_dimensions = [2, 5, 4, 4, 5, 5, 2, 2, 6, 5, 3, 11, 2, 11, 5, 13, 4, 13, 2, 3, 9, 7, 9, 3, 11]
minimum_height = 166
----------
x_coordinates = [7, 11, 3, 4, 7, 11, 0, 0, 0, 9, 6, 1, 0, 12, 12, 8, 4, 13, 3, 8, 12, 13, 1, 2, 5]
y_coordinates = [123, 125, 136, 125, 56, 114, 147, 153, 159, 143, 158, 124, 157, 103, 150, 130, 161, 119, 148, 158, 132, 141, 144, 155, 137]
x_dimensions = [6, 2, 1, 4, 5, 3, 1, 12, 4, 4, 2, 3, 2, 2, 3, 4, 11, 2, 11, 7, 3, 2, 2, 13, 3]
y_dimensions = [2, 5, 4, 12, 13, 5, 2, 2, 6, 5, 3, 11, 2, 11, 5, 13, 4, 13, 2, 3, 9, 7, 9, 3, 11]
minimum_height = 165
----------
x_coordinates = [4, 2, 3, 5, 3, 10, 5, 1, 7, 10, 7, 6, 4, 12, 11, 9, 4, 4, 13, 0, 0, 7, 13, 9, 12]
y_coordinates = [152, 150, 133, 122, 38, 151, 158, 156, 158, 113, 154, 134, 137, 102, 159, 138, 118, 139, 148, 161, 136, 145, 137, 125, 126]
x_dimensions = [6, 2, 1, 4, 5, 3, 1, 12, 4, 4, 3, 3, 2, 2, 3, 4, 11, 2, 2, 7, 3, 2, 2, 3, 3]
y_dimensions = [2, 5, 4, 12, 13, 5, 2, 2, 6, 5, 2, 11, 2, 11, 5, 13, 4, 13, 11, 3, 9, 7, 9, 13, 11]
minimum_height = 164
----------
x_coordinates = [7, 8, 10, 7, 5, 12, 3, 3, 0, 10, 12, 3, 13, 12, 12, 11, 4, 9, 13, 3, 9, 7, 13, 11, 12]
y_coordinates = [120, 122, 159, 131, 74, 95, 158, 156, 123, 81, 100, 140, 154, 67, 158, 141, 124, 143, 113, 160, 111, 149, 86, 128, 102]
x_dimensions = [6, 5, 1, 4, 5, 3, 1, 12, 4, 4, 3, 3, 2, 2, 3, 4, 11, 2, 2, 7, 3, 2, 2, 3, 3]
y_dimensions = [2, 2, 4, 12, 13, 5, 2, 2, 6, 5, 2, 11, 2, 11, 5, 13, 4, 13, 11, 3, 9, 7, 9, 13, 11]
minimum_height = 163
----------
x_coordinates = [2, 10, 14, 9, 6, 9, 10, 2, 11, 9, 7, 6, 2, 11, 7, 3, 0, 10, 12, 10, 2, 8, 11, 0, 12]
y_coordinates = [139, 141, 152, 118, 38, 136, 156, 100, 156, 92, 144, 129, 108, 80, 153, 145, 158, 143, 145, 102, 129, 146, 109, 145, 130]
x_dimensions = [2, 5, 1, 4, 5, 3, 1, 12, 4, 4, 3, 3, 2, 2, 3, 4, 11, 2, 2, 3, 3, 2, 2, 3, 3]
y_dimensions = [6, 2, 4, 12, 13, 5, 2, 2, 6, 5, 2, 11, 2, 11, 5, 13, 4, 13, 11, 7, 9, 7, 9, 13, 11]
minimum_height = 162
----------
x_coordinates = [6, 13, 13, 11, 1, 10, 5, 3, 5, 11, 9, 3, 12, 11, 12, 0, 9, 7, 13, 2, 11, 11, 0, 4, 1]
y_coordinates = [159, 151, 108, 121, 69, 140, 159, 136, 140, 100, 157, 111, 138, 89, 156, 145, 145, 146, 140, 138, 112, 105, 136, 146, 133]
x_dimensions = [6, 2, 1, 4, 13, 3, 1, 12, 4, 4, 3, 3, 2, 2, 3, 4, 4, 2, 2, 3, 3, 2, 2, 3, 11]
y_dimensions = [2, 5, 4, 12, 5, 5, 2, 2, 6, 5, 2, 11, 2, 11, 5, 13, 11, 13, 11, 7, 9, 7, 9, 13, 3]
minimum_height = 161
----------
x_coordinates = [5, 10, 11, 10, 2, 12, 14, 1, 1, 10, 3, 9, 2, 12, 1, 6, 10, 8, 13, 4, 7, 11, 1, 10, 0]
y_coordinates = [145, 132, 110, 119, 63, 131, 158, 137, 146, 114, 155, 86, 140, 83, 157, 147, 149, 109, 136, 139, 126, 141, 135, 97, 142]
x_dimensions = [6, 2, 1, 4, 13, 3, 1, 12, 4, 4, 3, 3, 2, 2, 5, 4, 4, 2, 2, 7, 3, 2, 9, 3, 11]
y_dimensions = [2, 5, 4, 12, 5, 5, 2, 2, 6, 5, 2, 11, 2, 11, 3, 13, 11, 13, 11, 3, 9, 7, 2, 13, 3]
minimum_height = 160
----------
x_coordinates = [7, 12, 4, 10, 1, 11, 1, 0, 0, 0, 10, 11, 10, 12, 7, 2, 4, 9, 5, 8, 3, 13, 8, 12, 2]
y_coordinates = [146, 136, 133, 95, 73, 107, 136, 141, 153, 131, 144, 112, 140, 84, 134, 148, 155, 121, 136, 152, 106, 141, 137, 123, 137]
x_dimensions = [6, 2, 1, 4, 13, 3, 1, 2, 4, 4, 3, 3, 2, 2, 5, 13, 11, 2, 2, 7, 3, 2, 2, 3, 3]
y_dimensions = [2, 5, 4, 12, 5, 5, 2, 12, 6, 5, 2, 11, 2, 11, 3, 4, 4, 13, 11, 3, 9, 7, 9, 13, 11]
minimum_height = 159
----------
x_coordinates = [6, 6, 7, 11, 2, 11, 11, 1, 8, 7, 11, 4, 12, 12, 7, 0, 4, 13, 12, 5, 5, 13, 11, 0, 3]
y_coordinates = [140, 143, 131, 102, 38, 116, 100, 148, 142, 126, 114, 126, 121, 90, 135, 150, 154, 123, 136, 122, 113, 147, 126, 134, 137]
x_dimensions = [6, 2, 1, 4, 13, 3, 1, 12, 4, 4, 3, 3, 2, 2, 5, 13, 11, 2, 2, 7, 3, 2, 2, 3, 3]
y_dimensions = [2, 5, 4, 12, 5, 5, 2, 2, 6, 5, 2, 11, 2, 11, 3, 4, 4, 13, 11, 3, 9, 7, 9, 13, 11]
minimum_height = 158
----------
x_coordinates = [9, 11, 4, 11, 7, 12, 10, 1, 9, 9, 1, 5, 12, 12, 8, 6, 10, 13, 13, 3, 9, 2, 4, 6, 4]
y_coordinates = [142, 150, 135, 84, 57, 109, 150, 155, 144, 131, 149, 128, 107, 96, 136, 115, 114, 126, 146, 112, 103, 141, 143, 142, 139]
x_dimensions = [6, 2, 1, 4, 5, 3, 1, 12, 4, 4, 3, 3, 2, 2, 5, 4, 4, 2, 2, 7, 3, 2, 2, 3, 11]
y_dimensions = [2, 5, 4, 12, 13, 5, 2, 2, 6, 5, 2, 11, 2, 11, 3, 13, 11, 13, 11, 3, 9, 7, 9, 13, 3]
minimum_height = 157
----------
x_coordinates = [7, 12, 8, 10, 1, 10, 12, 3, 9, 5, 10, 7, 8, 12, 9, 7, 11, 9, 13, 4, 1, 3, 5, 0, 5]
y_coordinates = [141, 149, 150, 92, 53, 129, 90, 154, 143, 91, 139, 130, 128, 107, 149, 115, 118, 79, 138, 127, 127, 147, 134, 142, 143]
x_dimensions = [6, 2, 1, 4, 13, 3, 1, 12, 4, 4, 3, 3, 2, 2, 3, 4, 4, 2, 2, 3, 3, 2, 2, 3, 3]
y_dimensions = [2, 5, 4, 12, 5, 5, 2, 2, 6, 5, 2, 11, 2, 11, 5, 13, 11, 13, 11, 7, 9, 7, 9, 13, 11]
minimum_height = 156
----------
x_coordinates = [8, 13, 3, 10, 2, 10, 12, 3, 11, 0, 12, 8, 12, 5, 1, 8, 10, 13, 6, 5, 12, 4, 7, 7, 8]
y_coordinates = [142, 144, 151, 88, 38, 113, 147, 111, 149, 146, 140, 131, 128, 99, 141, 118, 100, 115, 141, 127, 130, 148, 102, 89, 144]
x_dimensions = [6, 2, 1, 4, 13, 3, 1, 12, 4, 4, 3, 3, 2, 2, 5, 4, 4, 2, 2, 3, 3, 2, 2, 3, 3]
y_dimensions = [2, 5, 4, 12, 5, 5, 2, 2, 6, 5, 2, 11, 2, 11, 3, 13, 11, 13, 11, 7, 9, 7, 9, 13, 11]
minimum_height = 155
----------
x_coordinates = [11, 13, 10, 10, 1, 9, 10, 0, 4, 8, 13, 12, 10, 4, 8, 8, 10, 12, 2, 5, 5, 0, 3, 0, 4]
y_coordinates = [148, 149, 148, 91, 76, 137, 152, 135, 150, 117, 142, 131, 122, 102, 142, 124, 106, 118, 143, 129, 136, 147, 134, 122, 145]
x_dimensions = [2, 2, 1, 4, 13, 3, 1, 2, 6, 4, 2, 3, 2, 2, 5, 4, 4, 2, 2, 3, 3, 2, 2, 3, 11]
y_dimensions = [6, 5, 4, 12, 5, 5, 2, 12, 4, 5, 3, 11, 2, 11, 3, 13, 11, 13, 11, 7, 9, 7, 9, 13, 3]
minimum_height = 154
----------
x_coordinates = [13, 6, 7, 11, 2, 10, 12, 3, 11, 11, 13, 12, 12, 0, 8, 8, 11, 5, 2, 4, 3, 1, 1, 2, 4]
y_coordinates = [144, 145, 116, 95, 74, 118, 145, 131, 123, 90, 118, 133, 129, 102, 147, 134, 107, 116, 117, 133, 140, 146, 132, 104, 150]
x_dimensions = [2, 2, 1, 4, 13, 3, 1, 12, 4, 4, 2, 3, 2, 11, 5, 4, 4, 2, 2, 3, 3, 2, 2, 3, 11]
y_dimensions = [6, 5, 4, 12, 5, 5, 2, 2, 6, 5, 3, 11, 2, 2, 3, 13, 11, 13, 11, 7, 9, 7, 9, 13, 3]
minimum_height = 153
----------
x_coordinates = [0, 13, 7, 11, 1, 4, 11, 0, 8, 4, 13, 12, 13, 1, 10, 8, 0, 12, 1, 5, 11, 5, 0, 2, 2]
y_coordinates = [146, 147, 145, 97, 53, 128, 148, 133, 125, 121, 120, 136, 109, 100, 94, 135, 122, 123, 111, 135, 111, 142, 137, 136, 149]
x_dimensions = [2, 2, 1, 4, 13, 3, 2, 12, 4, 4, 2, 3, 2, 2, 5, 4, 4, 2, 2, 3, 3, 2, 2, 3, 11]
y_dimensions = [6, 5, 4, 12, 5, 5, 1, 2, 6, 5, 3, 11, 2, 11, 3, 13, 11, 13, 11, 7, 9, 7, 9, 13, 3]
minimum_height = 152
----------
x_coordinates = [1, 9, 10, 10, 7, 8, 13, 3, 11, 10, 13, 8, 12, 2, 4, 11, 4, 3, 2, 0, 5, 10, 1, 2, 4]
y_coordinates = [145, 146, 124, 100, 38, 128, 150, 133, 127, 93, 124, 135, 135, 98, 148, 137, 122, 135, 118, 129, 139, 112, 136, 105, 119]
x_dimensions = [2, 2, 1, 4, 5, 3, 2, 12, 4, 4, 2, 3, 2, 11, 5, 4, 4, 2, 2, 3, 3, 2, 2, 3, 11]
y_dimensions = [6, 5, 4, 12, 13, 5, 1, 2, 6, 5, 3, 11, 2, 2, 3, 13, 11, 13, 11, 7, 9, 7, 9, 13, 3]
minimum_height = 151
----------
x_coordinates = [12, 10, 10, 10, 7, 10, 11, 3, 10, 2, 4, 8, 12, 2, 9, 11, 6, 1, 10, 2, 12, 4, 6, 7, 0]
y_coordinates = [126, 125, 104, 92, 61, 82, 136, 132, 108, 107, 124, 134, 134, 95, 89, 137, 121, 125, 114, 138, 117, 148, 135, 102, 145]
x_dimensions = [2, 2, 1, 4, 5, 3, 2, 12, 4, 4, 2, 3, 2, 2, 5, 4, 4, 2, 2, 3, 3, 7, 2, 3, 11]
y_dimensions = [6, 5, 4, 12, 13, 5, 1, 2, 6, 5, 3, 11, 2, 11, 3, 13, 11, 13, 11, 7, 9, 2, 9, 13, 3]
minimum_height = 150
----------
x_coordinates = [11, 13, 7, 10, 2, 0, 3, 4, 0, 0, 9, 12, 12, 2, 10, 8, 3, 7, 11, 4, 11, 13, 6, 6, 0]
y_coordinates = [110, 126, 145, 93, 62, 125, 129, 135, 143, 113, 124, 138, 108, 102, 105, 136, 118, 115, 125, 111, 116, 131, 135, 98, 130]
x_dimensions = [2, 2, 1, 4, 13, 3, 2, 2, 4, 4, 2, 3, 2, 2, 5, 4, 4, 2, 2, 3, 3, 2, 2, 3, 11]
y_dimensions = [6, 5, 4, 12, 5, 5, 1, 12, 6, 5, 3, 11, 2, 11, 3, 13, 11, 13, 11, 7, 9, 7, 9, 13, 3]
minimum_height = 149
----------
x_coordinates = [11, 12, 13, 11, 2, 4, 12, 4, 9, 0, 10, 9, 12, 5, 10, 11, 5, 7, 13, 6, 2, 9, 9, 8, 0]
y_coordinates = [129, 117, 113, 92, 38, 114, 125, 133, 109, 113, 126, 115, 122, 103, 88, 135, 122, 109, 124, 138, 121, 129, 136, 96, 145]
x_dimensions = [2, 2, 1, 4, 13, 3, 1, 2, 4, 4, 2, 3, 2, 2, 5, 4, 4, 2, 2, 3, 3, 2, 2, 3, 11]
y_dimensions = [6, 5, 4, 12, 5, 5, 2, 12, 6, 5, 3, 11, 2, 11, 3, 13, 11, 13, 11, 7, 9, 7, 9, 13, 3]
minimum_height = 148
----------
x_coordinates = [13, 13, 4, 8, 4, 8, 11, 1, 5, 1, 12, 9, 12, 6, 10, 11, 9, 13, 12, 6, 12, 12, 6, 12, 4]
y_coordinates = [130, 64, 143, 92, 56, 84, 132, 133, 141, 137, 75, 135, 87, 103, 69, 104, 121, 117, 136, 116, 78, 57, 89, 91, 72]
x_dimensions = [2, 2, 1, 4, 5, 3, 2, 12, 4, 4, 2, 3, 2, 2, 5, 4, 4, 2, 2, 3, 3, 2, 9, 3, 11]
y_dimensions = [6, 5, 4, 12, 13, 5, 1, 2, 6, 5, 3, 11, 2, 11, 3, 13, 11, 13, 11, 7, 9, 7, 2, 13, 3]
minimum_height = 147
----------
x_coordinates = [11, 13, 12, 10, 3, 8, 13, 1, 5, 3, 13, 9, 12, 8, 1, 11, 7, 12, 13, 8, 4, 13, 12, 7, 0]
y_coordinates = [127, 69, 142, 87, 61, 68, 131, 133, 140, 112, 121, 135, 67, 83, 123, 108, 122, 74, 132, 107, 123, 124, 99, 94, 119]
x_dimensions = [2, 2, 1, 4, 5, 3, 2, 12, 4, 4, 2, 3, 2, 2, 3, 4, 4, 2, 2, 3, 3, 2, 2, 3, 11]
y_dimensions = [6, 5, 4, 12, 13, 5, 1, 2, 6, 5, 3, 11, 2, 11, 5, 13, 11, 13, 11, 7, 9, 7, 9, 13, 3]
minimum_height = 146
----------
x_coordinates = [13, 13, 10, 9, 2, 7, 13, 6, 5, 1, 3, 10, 9, 3, 12, 11, 8, 5, 13, 1, 3, 13, 3, 11, 4]
y_coordinates = [138, 101, 124, 93, 63, 119, 144, 133, 124, 111, 126, 105, 128, 100, 133, 117, 134, 105, 106, 129, 136, 94, 116, 80, 130]
x_dimensions = [2, 2, 1, 4, 13, 3, 2, 2, 4, 4, 2, 3, 2, 2, 3, 4, 4, 2, 2, 3, 3, 2, 2, 3, 11]
y_dimensions = [6, 5, 4, 12, 5, 5, 1, 12, 6, 5, 3, 11, 2, 11, 5, 13, 11, 13, 11, 7, 9, 7, 9, 13, 3]
minimum_height = 145
----------
x_coordinates = [1, 13, 14, 10, 2, 8, 13, 1, 7, 11, 9, 12, 12, 4, 11, 11, 10, 1, 3, 8, 9, 10, 5, 6, 5]
y_coordinates = [138, 101, 140, 78, 38, 120, 107, 102, 125, 121, 134, 108, 119, 89, 139, 126, 90, 124, 130, 137, 104, 113, 124, 89, 133]
x_dimensions = [2, 2, 1, 4, 13, 3, 2, 12, 4, 4, 2, 3, 2, 2, 3, 4, 4, 2, 2, 3, 3, 2, 2, 3, 3]
y_dimensions = [6, 5, 4, 12, 5, 5, 1, 2, 6, 5, 3, 11, 2, 11, 5, 13, 11, 13, 11, 7, 9, 7, 9, 13, 11]
minimum_height = 144
----------
x_coordinates = [13, 0, 14, 11, 1, 11, 13, 1, 11, 7, 10, 2, 12, 5, 12, 2, 11, 5, 4, 9, 11, 0, 8, 9, 6]
y_coordinates = [136, 135, 122, 82, 60, 122, 142, 114, 116, 118, 140, 119, 129, 92, 131, 130, 94, 117, 103, 133, 105, 126, 123, 69, 132]
x_dimensions = [2, 2, 1, 4, 5, 3, 2, 12, 4, 4, 2, 3, 2, 2, 3, 4, 4, 2, 2, 3, 3, 2, 2, 3, 3]
y_dimensions = [6, 5, 4, 12, 13, 5, 1, 2, 6, 5, 3, 11, 2, 11, 5, 13, 11, 13, 11, 7, 9, 7, 9, 13, 11]
minimum_height = 143
----------
x_coordinates = [11, 0, 14, 11, 1, 8, 13, 3, 0, 11, 12, 5, 13, 8, 12, 4, 10, 3, 2, 12, 12, 7, 11, 12, 9]
y_coordinates = [106, 136, 126, 72, 38, 124, 110, 104, 125, 121, 127, 118, 111, 83, 137, 129, 84, 112, 131, 130, 95, 111, 112, 52, 129]
x_dimensions = [2, 2, 1, 4, 5, 3, 2, 12, 4, 4, 2, 3, 2, 2, 3, 4, 4, 2, 2, 3, 3, 2, 2, 3, 3]
y_dimensions = [6, 5, 4, 12, 13, 5, 1, 2, 6, 5, 3, 11, 2, 11, 5, 13, 11, 13, 11, 7, 9, 7, 9, 13, 11]
minimum_height = 142
----------
x_coordinates = [11, 2, 8, 10, 0, 11, 13, 5, 1, 7, 13, 2, 12, 8, 4, 9, 11, 13, 11, 12, 6, 4, 11, 8, 9]
y_coordinates = [95, 135, 133, 60, 38, 125, 98, 124, 128, 124, 131, 117, 93, 71, 138, 101, 73, 112, 114, 134, 115, 100, 84, 88, 130]
x_dimensions = [2, 2, 1, 4, 5, 3, 2, 2, 4, 4, 2, 3, 2, 2, 5, 4, 4, 2, 2, 3, 3, 2, 2, 3, 3]
y_dimensions = [6, 5, 4, 12, 13, 5, 1, 12, 6, 5, 3, 11, 2, 11, 3, 13, 11, 13, 11, 7, 9, 7, 9, 13, 11]
minimum_height = 141
----------
x_coordinates = [11, 1, 0, 0, 1, 12, 13, 1, 4, 8, 13, 11, 12, 7, 12, 5, 11, 3, 13, 0, 11, 4, 9, 3, 9]
y_coordinates = [99, 127, 128, 97, 38, 132, 99, 109, 134, 133, 129, 111, 122, 98, 124, 120, 88, 121, 100, 132, 79, 97, 96, 84, 122]
x_dimensions = [2, 2, 1, 4, 5, 3, 2, 12, 4, 4, 2, 3, 2, 2, 3, 4, 4, 2, 2, 3, 3, 2, 2, 3, 3]
y_dimensions = [6, 5, 4, 12, 13, 5, 1, 2, 6, 5, 3, 11, 2, 11, 5, 13, 11, 13, 11, 7, 9, 7, 9, 13, 11]
minimum_height = 140
----------
x_coordinates = [12, 7, 10, 0, 6, 8, 13, 0, 4, 8, 5, 12, 12, 11, 10, 11, 7, 13, 6, 10, 8, 4, 11, 4, 12]
y_coordinates = [81, 80, 72, 104, 54, 125, 95, 123, 129, 114, 125, 61, 74, 96, 76, 126, 95, 102, 106, 107, 130, 114, 87, 93, 115]
x_dimensions = [2, 2, 4, 4, 5, 3, 2, 12, 4, 4, 2, 3, 2, 2, 3, 4, 4, 2, 2, 3, 3, 2, 2, 3, 3]
y_dimensions = [6, 5, 1, 12, 13, 5, 1, 2, 6, 5, 3, 11, 2, 11, 5, 13, 11, 13, 11, 7, 9, 7, 9, 13, 11]
minimum_height = 139
----------
x_coordinates = [13, 4, 6, 3, 2, 2, 13, 1, 3, 9, 0, 12, 2, 13, 4, 6, 11, 7, 13, 12, 1, 8, 12, 10, 10]
y_coordinates = [103, 125, 80, 99, 38, 130, 102, 110, 116, 115, 132, 70, 126, 127, 111, 122, 90, 108, 109, 120, 135, 100, 81, 102, 127]
x_dimensions = [2, 2, 1, 4, 5, 3, 2, 2, 4, 4, 2, 3, 2, 2, 3, 4, 4, 2, 2, 3, 9, 2, 2, 3, 3]
y_dimensions = [6, 5, 4, 12, 13, 5, 1, 12, 6, 5, 3, 11, 2, 11, 5, 13, 11, 13, 11, 7, 3, 7, 9, 13, 11]
minimum_height = 138
----------
x_coordinates = [8, 1, 14, 0, 2, 0, 13, 6, 9, 10, 1, 12, 13, 3, 9, 5, 7, 8, 4, 9, 12, 6, 11, 11, 12]
y_coordinates = [104, 124, 122, 112, 38, 129, 106, 111, 83, 120, 134, 72, 103, 124, 125, 123, 93, 110, 110, 130, 89, 104, 98, 107, 126]
x_dimensions = [2, 2, 1, 4, 5, 3, 2, 2, 4, 4, 2, 3, 2, 2, 3, 4, 4, 2, 2, 3, 3, 2, 2, 3, 3]
y_dimensions = [6, 5, 4, 12, 13, 5, 1, 12, 6, 5, 3, 11, 2, 11, 5, 13, 11, 13, 11, 7, 9, 7, 9, 13, 11]
minimum_height = 137
----------
x_coordinates = [1, 1, 0, 3, 2, 0, 13, 7, 6, 3, 13, 12, 12, 7, 12, 6, 11, 9, 11, 9, 12, 13, 11, 12, 9]
y_coordinates = [120, 131, 131, 116, 38, 126, 134, 113, 107, 128, 80, 69, 132, 125, 127, 94, 92, 116, 116, 129, 83, 120, 60, 103, 79]
x_dimensions = [2, 2, 1, 4, 13, 3, 2, 2, 4, 4, 2, 3, 2, 2, 3, 4, 4, 2, 2, 3, 3, 2, 2, 3, 3]
y_dimensions = [6, 5, 4, 12, 5, 5, 1, 12, 6, 5, 3, 11, 2, 11, 5, 13, 11, 13, 11, 7, 9, 7, 9, 13, 11]
minimum_height = 136
----------
x_coordinates = [13, 12, 1, 6, 0, 12, 13, 10, 9, 2, 13, 12, 12, 4, 10, 6, 9, 0, 13, 10, 12, 2, 10, 12, 12]
y_coordinates = [116, 63, 131, 123, 58, 44, 43, 105, 117, 129, 60, 81, 68, 116, 130, 104, 92, 118, 122, 123, 49, 121, 80, 103, 70]
x_dimensions = [2, 2, 1, 4, 13, 3, 2, 2, 4, 4, 2, 3, 2, 2, 3, 4, 4, 2, 2, 3, 3, 2, 2, 3, 3]
y_dimensions = [6, 5, 4, 12, 5, 5, 1, 12, 6, 5, 3, 11, 2, 11, 5, 13, 11, 13, 11, 7, 9, 7, 9, 13, 11]
minimum_height = 135
----------
x_coordinates = [13, 13, 14, 11, 2, 7, 13, 12, 9, 1, 13, 8, 12, 7, 10, 7, 3, 5, 13, 10, 12, 11, 12, 0, 12]
y_coordinates = [63, 82, 87, 109, 38, 129, 122, 97, 121, 126, 60, 90, 69, 118, 83, 105, 108, 120, 123, 127, 51, 61, 88, 108, 71]
x_dimensions = [2, 2, 1, 4, 13, 3, 2, 2, 4, 4, 2, 3, 2, 2, 3, 4, 4, 2, 2, 3, 3, 2, 2, 3, 3]
y_dimensions = [6, 5, 4, 12, 5, 5, 1, 12, 6, 5, 3, 11, 2, 11, 5, 13, 11, 13, 11, 7, 9, 7, 9, 13, 11]
minimum_height = 134
----------
x_coordinates = [13, 7, 1, 7, 7, 10, 13, 13, 11, 11, 13, 12, 12, 5, 12, 8, 4, 2, 4, 11, 12, 10, 0, 1, 9]
y_coordinates = [77, 101, 101, 119, 38, 63, 64, 108, 125, 120, 65, 92, 68, 117, 103, 106, 106, 120, 131, 70, 83, 82, 124, 105, 91]
x_dimensions = [2, 2, 1, 4, 5, 3, 2, 2, 4, 4, 2, 3, 2, 2, 3, 4, 4, 2, 11, 3, 3, 2, 2, 3, 3]
y_dimensions = [6, 5, 4, 12, 13, 5, 1, 12, 6, 5, 3, 11, 2, 11, 5, 13, 11, 13, 2, 7, 9, 7, 9, 13, 11]
minimum_height = 133
----------
x_coordinates = [13, 13, 12, 8, 2, 12, 13, 13, 11, 9, 13, 12, 12, 2, 12, 7, 0, 6, 4, 12, 4, 10, 0, 4, 1]
y_coordinates = [90, 76, 105, 118, 48, 125, 124, 99, 111, 100, 96, 65, 81, 121, 117, 105, 95, 89, 130, 83, 117, 93, 123, 104, 108]
x_dimensions = [2, 2, 1, 4, 13, 3, 2, 2, 4, 4, 2, 3, 2, 2, 3, 4, 4, 2, 11, 3, 3, 2, 2, 3, 3]
y_dimensions = [6, 5, 4, 12, 5, 5, 1, 12, 6, 5, 3, 11, 2, 11, 5, 13, 11, 13, 2, 7, 9, 7, 9, 13, 11]
minimum_height = 132
----------
x_coordinates = [0, 6, 12, 11, 1, 8, 13, 13, 1, 7, 13, 12, 13, 3, 6, 8, 10, 11, 5, 7, 12, 1, 2, 0, 5]
y_coordinates = [125, 108, 106, 119, 56, 126, 97, 98, 118, 101, 78, 81, 93, 105, 89, 106, 17, 93, 97, 94, 110, 97, 124, 105, 113]
x_dimensions = [2, 2, 1, 4, 13, 3, 2, 2, 4, 4, 2, 3, 2, 2, 3, 4, 4, 2, 2, 3, 3, 2, 9, 3, 3]
y_dimensions = [6, 5, 4, 12, 5, 5, 1, 12, 6, 5, 3, 11, 2, 11, 5, 13, 11, 13, 11, 7, 9, 7, 2, 13, 11]
minimum_height = 131
----------
x_coordinates = [7, 7, 14, 0, 6, 10, 13, 5, 2, 5, 13, 12, 12, 9, 9, 11, 10, 3, 9, 11, 12, 0, 4, 0, 6]
y_coordinates = [104, 99, 100, 126, 45, 69, 75, 98, 120, 110, 72, 89, 87, 103, 96, 108, 76, 107, 114, 101, 121, 119, 74, 106, 115]
x_dimensions = [2, 2, 1, 12, 5, 3, 2, 2, 4, 4, 2, 3, 2, 2, 3, 4, 4, 2, 2, 3, 3, 2, 9, 3, 3]
y_dimensions = [6, 5, 4, 4, 13, 5, 1, 12, 6, 5, 3, 11, 2, 11, 5, 13, 11, 13, 11, 7, 9, 7, 2, 13, 11]
minimum_height = 130
----------
x_coordinates = [13, 11, 12, 0, 7, 10, 13, 3, 0, 7, 13, 12, 13, 5, 0, 11, 10, 4, 9, 8, 12, 10, 4, 0, 6]
y_coordinates = [101, 102, 86, 125, 52, 68, 71, 100, 119, 109, 72, 90, 88, 100, 100, 107, 75, 112, 114, 102, 120, 95, 73, 106, 114]
x_dimensions = [2, 2, 1, 12, 5, 3, 2, 2, 4, 4, 2, 3, 2, 2, 3, 4, 4, 2, 2, 3, 3, 2, 9, 3, 3]
y_dimensions = [6, 5, 4, 4, 13, 5, 1, 12, 6, 5, 3, 11, 2, 11, 5, 13, 11, 13, 11, 7, 9, 7, 2, 13, 11]
minimum_height = 129
----------
x_coordinates = [13, 11, 14, 0, 2, 11, 13, 3, 1, 7, 10, 12, 12, 5, 6, 11, 10, 0, 9, 0, 2, 7, 3, 5, 8]
y_coordinates = [103, 102, 124, 94, 60, 123, 102, 101, 122, 110, 89, 91, 89, 104, 98, 109, 78, 109, 99, 102, 113, 103, 92, 115, 117]
x_dimensions = [2, 2, 1, 12, 13, 3, 2, 2, 4, 4, 2, 3, 2, 2, 3, 4, 4, 2, 2, 3, 3, 2, 9, 3, 3]
y_dimensions = [6, 5, 4, 4, 5, 5, 1, 12, 6, 5, 3, 11, 2, 11, 5, 13, 11, 13, 11, 7, 9, 7, 2, 13, 11]
minimum_height = 128
----------
x_coordinates = [1, 3, 12, 3, 2, 10, 13, 8, 5, 10, 6, 12, 13, 6, 0, 0, 2, 13, 4, 3, 6, 13, 5, 5, 10]
y_coordinates = [104, 100, 123, 74, 38, 108, 126, 104, 123, 115, 106, 63, 100, 109, 99, 112, 79, 102, 112, 105, 120, 93, 90, 92, 97]
x_dimensions = [2, 2, 1, 12, 5, 3, 2, 2, 6, 4, 2, 3, 2, 2, 3, 4, 4, 2, 2, 3, 9, 2, 9, 3, 3]
y_dimensions = [6, 5, 4, 4, 13, 5, 1, 12, 4, 5, 3, 11, 2, 11, 5, 13, 11, 13, 11, 7, 3, 7, 2, 13, 11]
minimum_height = 127
----------
x_coordinates = [3, 1, 12, 2, 2, 12, 13, 8, 5, 11, 10, 12, 13, 6, 8, 0, 3, 13, 4, 0, 6, 11, 5, 5, 10]
y_coordinates = [102, 101, 85, 91, 49, 95, 104, 107, 119, 118, 97, 67, 102, 108, 102, 113, 75, 105, 108, 106, 123, 100, 89, 95, 107]
x_dimensions = [2, 2, 1, 12, 5, 3, 2, 2, 6, 4, 2, 3, 2, 2, 3, 4, 4, 2, 2, 3, 9, 2, 9, 3, 3]
y_dimensions = [6, 5, 4, 4, 13, 5, 1, 12, 4, 5, 3, 11, 2, 11, 5, 13, 11, 13, 11, 7, 3, 7, 2, 13, 11]
minimum_height = 126
----------
x_coordinates = [1, 2, 0, 0, 1, 12, 13, 13, 9, 9, 0, 12, 13, 8, 9, 11, 5, 3, 3, 0, 6, 1, 6, 5, 10]
y_coordinates = [112, 78, 111, 83, 54, 82, 109, 110, 102, 117, 80, 71, 107, 106, 78, 89, 93, 111, 100, 118, 122, 105, 87, 105, 106]
x_dimensions = [2, 2, 1, 12, 5, 3, 2, 2, 6, 4, 2, 3, 2, 2, 3, 4, 4, 2, 2, 3, 9, 2, 9, 3, 3]
y_dimensions = [6, 5, 4, 4, 13, 5, 1, 12, 4, 5, 3, 11, 2, 11, 5, 13, 11, 13, 11, 7, 3, 7, 2, 13, 11]
minimum_height = 125
----------
x_coordinates = [1, 8, 2, 3, 2, 12, 13, 7, 7, 11, 8, 12, 12, 9, 12, 3, 6, 6, 4, 2, 9, 7, 4, 7, 12]
y_coordinates = [118, 96, 111, 86, 39, 92, 72, 112, 71, 119, 93, 60, 106, 113, 97, 111, 75, 45, 102, 104, 104, 105, 90, 58, 108]
x_dimensions = [2, 2, 1, 12, 13, 3, 2, 2, 6, 4, 2, 3, 2, 2, 3, 4, 4, 2, 11, 3, 3, 2, 9, 3, 3]
y_dimensions = [6, 5, 4, 4, 5, 5, 1, 12, 4, 5, 3, 11, 2, 11, 5, 13, 11, 13, 2, 7, 9, 7, 2, 13, 11]
minimum_height = 124
----------
x_coordinates = [11, 9, 2, 4, 7, 3, 13, 13, 11, 10, 1, 12, 12, 13, 11, 0, 0, 12, 8, 9, 2, 2, 6, 8, 10]
y_coordinates = [117, 97, 99, 89, 60, 101, 88, 111, 89, 54, 103, 61, 59, 100, 95, 113, 88, 72, 102, 76, 120, 106, 101, 84, 102]
x_dimensions = [2, 2, 1, 4, 5, 3, 2, 2, 4, 4, 2, 3, 2, 2, 3, 13, 4, 2, 2, 3, 9, 2, 2, 3, 3]
y_dimensions = [6, 5, 4, 12, 13, 5, 1, 12, 6, 5, 3, 11, 2, 11, 5, 4, 11, 13, 11, 7, 3, 7, 9, 13, 11]
minimum_height = 123
----------
x_coordinates = [13, 10, 11, 6, 7, 11, 13, 11, 5, 10, 11, 12, 12, 13, 3, 0, 1, 5, 9, 12, 4, 12, 8, 9, 1]
y_coordinates = [116, 95, 59, 91, 60, 54, 103, 100, 85, 73, 112, 89, 80, 105, 99, 118, 88, 72, 103, 82, 115, 66, 51, 78, 107]
x_dimensions = [2, 2, 4, 4, 5, 3, 2, 2, 4, 4, 2, 3, 2, 2, 3, 13, 4, 2, 2, 3, 9, 2, 2, 3, 3]
y_dimensions = [6, 5, 1, 12, 13, 5, 1, 12, 6, 5, 3, 11, 2, 11, 5, 4, 11, 13, 11, 7, 3, 7, 9, 13, 11]
minimum_height = 122
----------
x_coordinates = [13, 12, 13, 1, 5, 8, 13, 11, 6, 11, 2, 12, 12, 11, 5, 0, 0, 4, 2, 6, 6, 12, 11, 12, 9]
y_coordinates = [114, 86, 94, 89, 59, 90, 113, 65, 100, 49, 112, 35, 77, 54, 90, 115, 101, 102, 119, 108, 46, 79, 91, 100, 104]
x_dimensions = [2, 2, 1, 4, 5, 3, 2, 2, 6, 4, 2, 3, 2, 2, 3, 13, 4, 2, 11, 3, 9, 2, 2, 3, 3]
y_dimensions = [6, 5, 4, 12, 13, 5, 1, 12, 4, 5, 3, 11, 2, 11, 5, 4, 11, 13, 2, 7, 3, 7, 9, 13, 11]
minimum_height = 121
----------
x_coordinates = [3, 13, 14, 0, 6, 11, 13, 9, 7, 9, 6, 12, 11, 13, 4, 0, 8, 12, 13, 2, 0, 11, 8, 6, 10]
y_coordinates = [116, 95, 70, 94, 59, 66, 117, 84, 111, 115, 73, 52, 87, 84, 99, 107, 72, 71, 106, 82, 111, 89, 98, 83, 96]
x_dimensions = [6, 2, 1, 4, 5, 3, 2, 2, 6, 4, 2, 3, 2, 2, 3, 13, 4, 2, 2, 3, 3, 2, 2, 3, 3]
y_dimensions = [2, 5, 4, 12, 13, 5, 1, 12, 4, 5, 3, 11, 2, 11, 5, 4, 11, 13, 11, 7, 9, 7, 9, 13, 11]
minimum_height = 120
----------
x_coordinates = [6, 5, 14, 0, 6, 11, 13, 13, 4, 0, 9, 12, 5, 13, 3, 2, 9, 0, 10, 10, 4, 12, 0, 7, 2]
y_coordinates = [49, 112, 85, 94, 58, 83, 50, 107, 100, 87, 51, 72, 105, 89, 82, 54, 88, 117, 99, 110, 91, 100, 106, 104, 106]
x_dimensions = [6, 2, 1, 4, 5, 3, 2, 2, 6, 4, 2, 3, 2, 2, 3, 13, 4, 13, 2, 3, 3, 2, 2, 3, 3]
y_dimensions = [2, 5, 4, 12, 13, 5, 1, 12, 4, 5, 3, 11, 2, 11, 5, 4, 11, 2, 11, 7, 9, 7, 9, 13, 11]
minimum_height = 119
----------
x_coordinates = [7, 2, 6, 0, 6, 12, 13, 13, 4, 3, 12, 12, 5, 0, 6, 2, 11, 12, 12, 8, 7, 13, 5, 10, 2]
y_coordinates = [100, 113, 74, 95, 58, 70, 18, 99, 102, 108, 41, 59, 106, 107, 84, 44, 88, 75, 48, 93, 106, 111, 93, 102, 115]
x_dimensions = [6, 5, 1, 4, 5, 3, 2, 2, 6, 4, 2, 3, 2, 2, 3, 13, 4, 2, 2, 3, 3, 2, 2, 3, 11]
y_dimensions = [2, 2, 4, 12, 13, 5, 1, 12, 4, 5, 3, 11, 2, 11, 5, 4, 11, 13, 11, 7, 9, 7, 9, 13, 3]
minimum_height = 118
----------
x_coordinates = [13, 2, 11, 11, 6, 11, 13, 3, 7, 4, 12, 12, 4, 2, 0, 2, 6, 2, 12, 8, 0, 13, 10, 0, 3]
y_coordinates = [111, 112, 72, 96, 57, 67, 110, 108, 110, 102, 49, 56, 95, 92, 77, 52, 89, 73, 78, 101, 103, 89, 87, 114, 75]
x_dimensions = [2, 5, 4, 4, 5, 3, 2, 12, 6, 4, 2, 3, 2, 2, 3, 13, 4, 13, 2, 3, 3, 2, 2, 13, 11]
y_dimensions = [6, 2, 1, 12, 13, 5, 1, 2, 4, 5, 3, 11, 2, 11, 5, 4, 11, 2, 11, 7, 9, 7, 9, 3, 3]
minimum_height = 117
----------
x_coordinates = [13, 9, 12, 10, 7, 6, 13, 13, 3, 5, 13, 12, 10, 0, 9, 1, 0, 11, 13, 11, 12, 12, 4, 0, 12]
y_coordinates = [96, 108, 96, 45, 57, 99, 19, 104, 109, 92, 82, 20, 93, 106, 95, 81, 94, 100, 62, 31, 73, 38, 97, 113, 85]
x_dimensions = [2, 2, 1, 4, 5, 3, 2, 2, 6, 4, 2, 3, 2, 11, 3, 4, 4, 2, 2, 3, 3, 2, 2, 13, 3]
y_dimensions = [6, 5, 4, 12, 13, 5, 1, 12, 4, 5, 3, 11, 2, 2, 5, 13, 11, 13, 11, 7, 9, 7, 9, 3, 11]
minimum_height = 116
----------
x_coordinates = [13, 13, 14, 9, 7, 1, 13, 3, 5, 7, 0, 12, 12, 2, 4, 2, 1, 0, 13, 12, 11, 1, 11, 2, 8]
y_coordinates = [95, 55, 106, 59, 46, 93, 52, 113, 106, 94, 70, 21, 81, 99, 93, 71, 82, 100, 60, 83, 101, 75, 90, 110, 83]
x_dimensions = [2, 2, 1, 4, 5, 3, 2, 12, 6, 4, 2, 3, 2, 11, 3, 13, 4, 2, 2, 3, 3, 2, 2, 13, 3]
y_dimensions = [6, 5, 4, 12, 13, 5, 1, 2, 4, 5, 3, 11, 2, 2, 5, 4, 11, 13, 11, 7, 9, 7, 9, 3, 11]
minimum_height = 115
----------
x_coordinates = [13, 3, 11, 10, 4, 4, 13, 11, 5, 11, 0, 12, 10, 0, 4, 7, 3, 13, 13, 12, 12, 13, 11, 0, 1]
y_coordinates = [95, 64, 79, 53, 49, 95, 94, 99, 105, 85, 94, 18, 83, 109, 100, 89, 84, 101, 65, 46, 76, 39, 90, 111, 98]
x_dimensions = [2, 2, 1, 4, 5, 3, 2, 2, 6, 4, 3, 3, 2, 11, 3, 4, 4, 2, 2, 3, 3, 2, 2, 13, 3]
y_dimensions = [6, 5, 4, 12, 13, 5, 1, 12, 4, 5, 2, 11, 2, 2, 5, 13, 11, 13, 11, 7, 9, 7, 9, 3, 11]
minimum_height = 114
----------
x_coordinates = [6, 2, 13, 4, 7, 12, 13, 0, 11, 2, 12, 12, 10, 9, 9, 5, 8, 3, 2, 9, 4, 0, 1, 1, 12]
y_coordinates = [91, 83, 109, 79, 55, 104, 92, 91, 78, 91, 90, 67, 84, 73, 105, 97, 86, 96, 72, 98, 110, 82, 103, 52, 93]
x_dimensions = [2, 2, 1, 4, 5, 3, 2, 2, 4, 4, 3, 3, 2, 2, 3, 4, 4, 2, 2, 3, 9, 2, 2, 13, 3]
y_dimensions = [6, 5, 4, 12, 13, 5, 1, 12, 6, 5, 2, 11, 2, 11, 5, 13, 11, 13, 11, 7, 3, 7, 9, 3, 11]
minimum_height = 113
----------
x_coordinates = [1, 4, 1, 0, 7, 12, 13, 0, 11, 3, 11, 12, 10, 3, 12, 9, 8, 13, 2, 12, 6, 7, 4, 2, 5]
y_coordinates = [92, 79, 54, 80, 55, 95, 75, 110, 76, 105, 73, 57, 95, 93, 107, 82, 97, 82, 69, 100, 85, 78, 84, 52, 94]
x_dimensions = [2, 2, 1, 4, 5, 3, 2, 12, 4, 4, 3, 3, 2, 2, 3, 4, 4, 2, 2, 3, 3, 2, 2, 13, 3]
y_dimensions = [6, 5, 4, 12, 13, 5, 1, 2, 6, 5, 2, 11, 2, 11, 5, 13, 11, 13, 11, 7, 9, 7, 9, 3, 11]
minimum_height = 112
----------
x_coordinates = [1, 3, 14, 3, 7, 12, 13, 9, 11, 3, 10, 12, 11, 10, 12, 7, 1, 13, 1, 10, 12, 5, 11, 2, 7]
y_coordinates = [93, 97, 63, 82, 54, 96, 44, 70, 77, 102, 43, 52, 85, 96, 72, 82, 107, 83, 79, 45, 101, 95, 87, 67, 95]
x_dimensions = [2, 2, 1, 4, 5, 3, 2, 2, 4, 4, 3, 3, 2, 2, 3, 4, 11, 2, 2, 3, 3, 2, 2, 13, 3]
y_dimensions = [6, 5, 4, 12, 13, 5, 1, 12, 6, 5, 2, 11, 2, 11, 5, 13, 4, 13, 11, 7, 9, 7, 9, 3, 11]
minimum_height = 111
----------
x_coordinates = [1, 11, 1, 7, 4, 3, 13, 13, 7, 2, 6, 12, 10, 11, 2, 3, 1, 13, 0, 0, 9, 7, 11, 0, 12]
y_coordinates = [93, 92, 78, 79, 39, 101, 109, 71, 91, 77, 104, 58, 67, 81, 82, 88, 106, 85, 82, 99, 97, 97, 72, 69, 98]
x_dimensions = [2, 2, 1, 4, 5, 3, 2, 2, 4, 4, 3, 3, 2, 2, 3, 4, 11, 2, 2, 3, 3, 2, 2, 13, 3]
y_dimensions = [6, 5, 4, 12, 13, 5, 1, 12, 6, 5, 2, 11, 2, 11, 5, 13, 4, 13, 11, 7, 9, 7, 9, 3, 11]
minimum_height = 110
----------
x_coordinates = [12, 13, 13, 4, 7, 4, 13, 4, 0, 2, 7, 12, 10, 11, 6, 0, 10, 13, 3, 4, 10, 9, 12, 2, 7]
y_coordinates = [56, 99, 105, 60, 40, 97, 52, 85, 101, 76, 107, 41, 60, 89, 72, 88, 62, 86, 49, 102, 100, 89, 73, 82, 96]
x_dimensions = [2, 2, 1, 4, 5, 3, 2, 2, 4, 4, 3, 3, 2, 2, 3, 4, 4, 2, 2, 3, 3, 2, 2, 13, 3]
y_dimensions = [6, 5, 4, 12, 13, 5, 1, 12, 6, 5, 2, 11, 2, 11, 5, 13, 11, 13, 11, 7, 9, 7, 9, 3, 11]
minimum_height = 109
----------
x_coordinates = [5, 0, 13, 11, 6, 2, 13, 4, 0, 0, 3, 12, 12, 13, 4, 0, 4, 10, 3, 4, 10, 6, 12, 0, 7]
y_coordinates = [102, 103, 84, 70, 46, 103, 54, 87, 66, 77, 47, 56, 67, 97, 78, 90, 60, 86, 49, 71, 99, 90, 88, 83, 97]
x_dimensions = [2, 2, 1, 4, 5, 3, 2, 2, 4, 4, 3, 3, 2, 2, 3, 4, 4, 2, 2, 3, 3, 2, 2, 13, 3]
y_dimensions = [6, 5, 4, 12, 13, 5, 1, 12, 6, 5, 2, 11, 2, 11, 5, 13, 11, 13, 11, 7, 9, 7, 9, 3, 11]
minimum_height = 108
----------
x_coordinates = [10, 9, 6, 2, 7, 7, 13, 9, 9, 9, 10, 12, 13, 1, 10, 11, 4, 3, 12, 9, 12, 5, 13, 0, 7]
y_coordinates = [99, 53, 101, 69, 40, 58, 39, 82, 71, 77, 58, 40, 80, 105, 95, 82, 81, 92, 60, 64, 98, 94, 51, 91, 94]
x_dimensions = [2, 2, 1, 4, 5, 3, 2, 2, 4, 4, 3, 3, 2, 11, 5, 4, 4, 2, 2, 3, 3, 2, 2, 3, 3]
y_dimensions = [6, 5, 4, 12, 13, 5, 1, 12, 6, 5, 2, 11, 2, 2, 3, 13, 11, 13, 11, 7, 9, 7, 9, 13, 11]
minimum_height = 107
----------
x_coordinates = [11, 4, 10, 6, 7, 12, 13, 12, 10, 11, 12, 12, 10, 0, 9, 11, 7, 10, 10, 1, 9, 13, 13, 11, 7]
y_coordinates = [41, 78, 40, 81, 8, 75, 42, 11, 85, 80, 104, 55, 22, 93, 25, 91, 95, 56, 69, 79, 47, 68, 43, 28, 68]
x_dimensions = [2, 2, 1, 4, 5, 3, 2, 2, 4, 4, 3, 3, 2, 11, 5, 4, 4, 2, 2, 3, 3, 2, 2, 3, 3]
y_dimensions = [6, 5, 4, 12, 13, 5, 1, 12, 6, 5, 2, 11, 2, 2, 3, 13, 11, 13, 11, 7, 9, 7, 9, 13, 11]
minimum_height = 106
----------
x_coordinates = [13, 13, 7, 7, 7, 11, 13, 12, 11, 11, 13, 12, 12, 0, 10, 0, 0, 8, 10, 5, 1, 13, 13, 4, 10]
y_coordinates = [72, 78, 77, 82, 40, 83, 62, 35, 88, 98, 95, 13, 103, 99, 57, 94, 101, 68, 60, 70, 85, 47, 63, 80, 71]
x_dimensions = [2, 2, 1, 4, 5, 3, 2, 2, 4, 4, 2, 3, 2, 11, 5, 13, 11, 2, 2, 3, 3, 2, 2, 3, 3]
y_dimensions = [6, 5, 4, 12, 13, 5, 1, 12, 6, 5, 3, 11, 2, 2, 3, 4, 4, 13, 11, 7, 9, 7, 9, 13, 11]
minimum_height = 105
----------
x_coordinates = [13, 13, 14, 6, 7, 1, 13, 12, 11, 0, 13, 12, 13, 4, 9, 0, 4, 9, 2, 11, 4, 13, 12, 7, 10]
y_coordinates = [82, 77, 68, 82, 38, 74, 101, 39, 88, 93, 25, 28, 102, 94, 51, 100, 96, 56, 79, 70, 71, 54, 61, 69, 77]
x_dimensions = [2, 2, 1, 4, 5, 3, 2, 2, 4, 4, 2, 3, 2, 11, 5, 13, 11, 2, 2, 3, 3, 2, 2, 3, 3]
y_dimensions = [6, 5, 4, 12, 13, 5, 1, 12, 6, 5, 3, 11, 2, 2, 3, 4, 4, 13, 11, 7, 9, 7, 9, 13, 11]
minimum_height = 104
----------
x_coordinates = [3, 0, 0, 8, 5, 4, 13, 13, 1, 9, 13, 12, 10, 0, 10, 0, 0, 7, 13, 4, 11, 13, 13, 5, 12]
y_coordinates = [85, 86, 93, 82, 48, 77, 0, 47, 91, 76, 69, 26, 71, 97, 59, 71, 99, 61, 72, 70, 94, 62, 38, 82, 83]
x_dimensions = [2, 2, 1, 4, 5, 3, 2, 2, 4, 4, 2, 3, 2, 11, 5, 4, 11, 2, 2, 3, 3, 2, 2, 3, 3]
y_dimensions = [6, 5, 4, 12, 13, 5, 1, 12, 6, 5, 3, 11, 2, 2, 3, 13, 4, 13, 11, 7, 9, 7, 9, 13, 11]
minimum_height = 103
----------
x_coordinates = [1, 3, 0, 10, 4, 9, 13, 13, 1, 11, 13, 12, 0, 0, 9, 11, 2, 5, 10, 6, 7, 13, 12, 4, 12]
y_coordinates = [84, 85, 84, 86, 39, 54, 98, 32, 91, 57, 99, 12, 100, 61, 44, 62, 98, 85, 75, 54, 84, 47, 23, 72, 75]
x_dimensions = [2, 2, 1, 4, 5, 5, 2, 2, 4, 4, 2, 3, 2, 11, 5, 4, 11, 2, 2, 3, 3, 2, 2, 3, 3]
y_dimensions = [6, 5, 4, 12, 13, 3, 1, 12, 6, 5, 3, 11, 2, 2, 3, 13, 4, 13, 11, 7, 9, 7, 9, 13, 11]
minimum_height = 102
----------
x_coordinates = [9, 10, 2, 3, 5, 8, 13, 4, 0, 2, 13, 12, 12, 0, 10, 11, 4, 9, 11, 5, 0, 13, 13, 6, 11]
y_coordinates = [53, 86, 81, 91, 34, 48, 80, 74, 95, 61, 48, 27, 95, 71, 45, 62, 97, 73, 75, 47, 85, 38, 82, 78, 51]
x_dimensions = [2, 2, 1, 12, 5, 5, 2, 2, 4, 4, 2, 3, 2, 11, 5, 4, 11, 2, 2, 3, 3, 2, 2, 3, 3]
y_dimensions = [6, 5, 4, 4, 13, 3, 1, 12, 6, 5, 3, 11, 2, 2, 3, 13, 4, 13, 11, 7, 9, 7, 9, 13, 11]
minimum_height = 101
----------
x_coordinates = [6, 11, 3, 7, 7, 8, 13, 12, 11, 11, 13, 12, 12, 0, 10, 0, 0, 13, 11, 9, 0, 11, 13, 4, 12]
y_coordinates = [69, 87, 91, 84, 49, 73, 14, 47, 92, 32, 41, 18, 98, 36, 44, 72, 96, 70, 76, 66, 86, 37, 83, 82, 59]
x_dimensions = [2, 2, 1, 4, 5, 5, 2, 2, 4, 4, 2, 3, 2, 11, 5, 4, 11, 2, 2, 3, 3, 2, 2, 3, 3]
y_dimensions = [6, 5, 4, 12, 13, 3, 1, 12, 6, 5, 3, 11, 2, 2, 3, 13, 4, 13, 11, 7, 9, 7, 9, 13, 11]
minimum_height = 100
----------
x_coordinates = [6, 7, 3, 3, 4, 7, 13, 7, 11, 9, 13, 12, 1, 0, 10, 11, 0, 11, 12, 8, 9, 11, 13, 12, 12]
y_coordinates = [63, 85, 49, 95, 47, 60, 77, 35, 89, 84, 83, 13, 97, 76, 50, 64, 91, 24, 2, 63, 41, 77, 28, 37, 53]
x_dimensions = [2, 2, 1, 12, 5, 5, 2, 2, 4, 4, 2, 3, 2, 11, 5, 4, 11, 2, 2, 3, 3, 2, 2, 3, 3]
y_dimensions = [6, 5, 4, 4, 13, 3, 1, 12, 6, 5, 3, 11, 2, 2, 3, 13, 4, 13, 11, 7, 9, 7, 9, 13, 11]
minimum_height = 99
----------
x_coordinates = [5, 6, 3, 1, 4, 7, 13, 1, 11, 11, 2, 12, 11, 2, 9, 1, 0, 10, 0, 8, 9, 4, 12, 12, 12]
y_coordinates = [70, 86, 52, 94, 48, 75, 93, 52, 81, 87, 85, 34, 79, 92, 53, 66, 79, 58, 83, 85, 44, 84, 59, 46, 68]
x_dimensions = [2, 2, 1, 12, 5, 5, 2, 2, 4, 4, 2, 3, 2, 11, 3, 4, 11, 2, 2, 3, 3, 2, 2, 3, 3]
y_dimensions = [6, 5, 4, 4, 13, 3, 1, 12, 6, 5, 3, 11, 2, 2, 5, 13, 4, 13, 11, 7, 9, 7, 9, 13, 11]
minimum_height = 98
----------
x_coordinates = [5, 6, 4, 3, 5, 7, 13, 10, 11, 11, 2, 12, 10, 0, 12, 0, 0, 13, 13, 8, 10, 4, 12, 12, 4]
y_coordinates = [74, 86, 49, 93, 47, 73, 18, 59, 82, 88, 88, 19, 39, 91, 55, 67, 80, 42, 31, 84, 41, 84, 60, 69, 63]
x_dimensions = [2, 2, 1, 12, 5, 5, 2, 2, 4, 4, 2, 3, 2, 11, 3, 4, 11, 2, 2, 3, 3, 2, 2, 3, 3]
y_dimensions = [6, 5, 4, 4, 13, 3, 1, 12, 6, 5, 3, 11, 2, 2, 5, 13, 4, 13, 11, 7, 9, 7, 9, 13, 11]
minimum_height = 97
----------
x_coordinates = [13, 8, 12, 1, 5, 8, 13, 13, 11, 7, 12, 12, 10, 4, 12, 6, 0, 3, 12, 1, 10, 10, 13, 0, 3]
y_coordinates = [84, 87, 49, 43, 47, 83, 32, 72, 90, 60, 58, 21, 50, 40, 53, 70, 89, 52, 61, 85, 74, 52, 44, 64, 74]
x_dimensions = [2, 5, 1, 12, 5, 5, 2, 2, 4, 4, 2, 3, 2, 11, 3, 4, 11, 2, 2, 7, 3, 2, 2, 3, 3]
y_dimensions = [6, 2, 4, 4, 13, 3, 1, 12, 6, 5, 3, 11, 2, 2, 5, 13, 4, 13, 11, 3, 9, 7, 9, 13, 11]
minimum_height = 96
----------
x_coordinates = [0, 2, 13, 6, 5, 6, 13, 3, 11, 0, 11, 12, 1, 4, 10, 10, 3, 2, 13, 4, 10, 10, 12, 0, 3]
y_coordinates = [87, 86, 81, 61, 46, 85, 30, 73, 85, 58, 56, 19, 93, 59, 51, 35, 91, 45, 48, 88, 76, 62, 64, 72, 75]
x_dimensions = [2, 2, 1, 4, 5, 5, 2, 12, 4, 4, 2, 3, 2, 11, 3, 4, 11, 2, 2, 7, 3, 2, 2, 3, 3]
y_dimensions = [6, 5, 4, 12, 13, 3, 1, 2, 6, 5, 3, 11, 2, 2, 5, 13, 4, 13, 11, 3, 9, 7, 9, 13, 11]
minimum_height = 95
----------
x_coordinates = [13, 6, 12, 0, 4, 7, 13, 3, 11, 4, 6, 12, 11, 13, 8, 11, 0, 5, 8, 0, 10, 13, 12, 7, 10]
y_coordinates = [88, 59, 90, 63, 42, 91, 63, 75, 82, 64, 69, 21, 88, 71, 56, 49, 87, 72, 61, 91, 73, 64, 40, 72, 62]
x_dimensions = [2, 2, 1, 4, 5, 5, 2, 2, 4, 4, 2, 3, 2, 2, 3, 4, 11, 2, 2, 7, 3, 2, 2, 3, 3]
y_dimensions = [6, 5, 4, 12, 13, 3, 1, 12, 6, 5, 3, 11, 2, 11, 5, 13, 4, 13, 11, 3, 9, 7, 9, 13, 11]
minimum_height = 94
----------
x_coordinates = [2, 13, 4, 3, 7, 10, 13, 0, 0, 8, 3, 12, 6, 7, 10, 11, 4, 5, 13, 8, 12, 1, 13, 9, 12]
y_coordinates = [81, 21, 82, 61, 37, 27, 26, 75, 87, 67, 74, 10, 90, 72, 63, 50, 86, 73, 39, 90, 77, 68, 30, 73, 66]
x_dimensions = [2, 2, 1, 4, 5, 5, 2, 2, 4, 4, 2, 3, 2, 2, 5, 4, 11, 2, 2, 7, 3, 2, 2, 3, 3]
y_dimensions = [6, 5, 4, 12, 13, 3, 1, 12, 6, 5, 3, 11, 2, 11, 3, 13, 4, 13, 11, 3, 9, 7, 9, 13, 11]
minimum_height = 93
----------
x_coordinates = [4, 13, 14, 3, 5, 10, 13, 10, 0, 6, 9, 12, 3, 9, 3, 2, 4, 10, 13, 7, 6, 7, 0, 11, 0]
y_coordinates = [82, 49, 71, 65, 39, 54, 87, 57, 86, 53, 85, 36, 50, 74, 77, 52, 88, 41, 57, 69, 79, 72, 53, 74, 71]
x_dimensions = [2, 2, 1, 4, 5, 5, 2, 2, 4, 4, 2, 3, 2, 2, 3, 4, 11, 2, 2, 7, 3, 2, 2, 3, 3]
y_dimensions = [6, 5, 4, 12, 13, 3, 1, 12, 6, 5, 3, 11, 2, 11, 5, 13, 4, 13, 11, 3, 9, 7, 9, 13, 11]
minimum_height = 92
----------
x_coordinates = [11, 2, 13, 6, 2, 9, 13, 4, 0, 3, 12, 12, 1, 7, 10, 9, 3, 7, 4, 9, 2, 13, 13, 6, 12]
y_coordinates = [85, 83, 75, 76, 38, 43, 90, 61, 72, 51, 59, 23, 36, 52, 77, 46, 34, 39, 75, 69, 88, 81, 50, 63, 62]
x_dimensions = [2, 2, 1, 4, 5, 5, 2, 2, 4, 4, 2, 3, 2, 2, 3, 4, 11, 2, 2, 3, 9, 2, 2, 3, 3]
y_dimensions = [6, 5, 4, 12, 13, 3, 1, 12, 6, 5, 3, 11, 2, 11, 5, 13, 4, 13, 11, 7, 3, 7, 9, 13, 11]
minimum_height = 91
----------
x_coordinates = [3, 1, 14, 11, 1, 10, 13, 6, 7, 10, 13, 12, 10, 7, 4, 9, 4, 6, 2, 11, 0, 9, 13, 4, 1]
y_coordinates = [85, 82, 74, 78, 42, 50, 8, 54, 77, 53, 68, 26, 35, 66, 80, 58, 37, 41, 59, 71, 87, 83, 59, 66, 70]
x_dimensions = [6, 2, 1, 4, 5, 5, 2, 2, 4, 4, 2, 3, 2, 2, 3, 4, 11, 2, 2, 3, 9, 2, 2, 3, 3]
y_dimensions = [2, 5, 4, 12, 13, 3, 1, 12, 6, 5, 3, 11, 2, 11, 5, 13, 4, 13, 11, 7, 3, 7, 9, 13, 11]
minimum_height = 90
----------
x_coordinates = [1, 11, 12, 3, 5, 10, 13, 3, 7, 3, 9, 12, 10, 10, 1, 11, 1, 10, 4, 1, 8, 13, 12, 6, 12]
y_coordinates = [83, 54, 50, 85, 36, 38, 26, 83, 63, 58, 69, 27, 47, 72, 68, 59, 49, 25, 68, 76, 53, 52, 41, 70, 72]
x_dimensions = [2, 2, 1, 12, 5, 5, 2, 12, 4, 4, 2, 3, 2, 2, 3, 4, 11, 2, 2, 3, 3, 2, 2, 3, 3]
y_dimensions = [6, 5, 4, 4, 13, 3, 1, 2, 6, 5, 3, 11, 2, 11, 5, 13, 4, 13, 11, 7, 9, 7, 9, 13, 11]
minimum_height = 89
----------
x_coordinates = [1, 0, 14, 2, 0, 7, 13, 9, 3, 2, 13, 12, 5, 13, 7, 10, 6, 6, 5, 3, 3, 1, 13, 6, 10]
y_coordinates = [82, 60, 70, 39, 43, 52, 47, 27, 82, 59, 85, 27, 37, 74, 83, 61, 55, 24, 44, 75, 64, 72, 52, 69, 77]
x_dimensions = [2, 2, 1, 12, 5, 5, 2, 2, 4, 4, 2, 3, 2, 2, 3, 4, 4, 2, 2, 3, 3, 2, 2, 3, 3]
y_dimensions = [6, 5, 4, 4, 13, 3, 1, 12, 6, 5, 3, 11, 2, 11, 5, 13, 11, 13, 11, 7, 9, 7, 9, 13, 11]
minimum_height = 88
----------
x_coordinates = [3, 3, 14, 3, 5, 2, 13, 12, 4, 11, 11, 0, 5, 11, 10, 11, 7, 12, 6, 1, 12, 10, 0, 10, 8]
y_coordinates = [85, 54, 58, 23, 39, 65, 39, 11, 79, 75, 81, 48, 61, 0, 84, 62, 57, 49, 68, 78, 40, 48, 67, 27, 73]
x_dimensions = [6, 2, 1, 12, 5, 5, 2, 2, 4, 4, 2, 3, 2, 2, 5, 4, 4, 2, 2, 3, 3, 2, 2, 3, 3]
y_dimensions = [2, 5, 4, 4, 13, 3, 1, 12, 6, 5, 3, 11, 2, 11, 3, 13, 11, 13, 11, 7, 9, 7, 9, 13, 11]
minimum_height = 87
----------
x_coordinates = [9, 11, 13, 1, 7, 3, 13, 5, 9, 0, 12, 2, 0, 12, 11, 4, 11, 13, 11, 12, 10, 11, 2, 8, 9]
y_coordinates = [4, 59, 16, 55, 42, 81, 3, 36, 82, 76, 34, 33, 70, 43, 37, 68, 71, 58, 6, 27, 17, 64, 67, 69, 26]
x_dimensions = [6, 2, 1, 12, 5, 5, 2, 2, 6, 4, 2, 3, 2, 2, 3, 4, 4, 2, 2, 3, 3, 2, 2, 3, 3]
y_dimensions = [2, 5, 4, 4, 13, 3, 1, 12, 4, 5, 3, 11, 2, 11, 5, 13, 11, 13, 11, 7, 9, 7, 9, 13, 11]
minimum_height = 86
----------
x_coordinates = [3, 1, 13, 3, 7, 5, 13, 12, 5, 0, 2, 11, 13, 13, 11, 4, 11, 0, 7, 7, 4, 11, 2, 8, 10]
y_coordinates = [42, 61, 43, 38, 25, 65, 42, 26, 81, 80, 55, 14, 72, 57, 51, 68, 74, 66, 44, 55, 53, 67, 67, 68, 56]
x_dimensions = [6, 2, 1, 12, 5, 5, 2, 2, 6, 4, 2, 3, 2, 2, 3, 4, 4, 2, 2, 3, 3, 2, 2, 3, 3]
y_dimensions = [2, 5, 4, 4, 13, 3, 1, 12, 4, 5, 3, 11, 2, 11, 5, 13, 11, 13, 11, 7, 9, 7, 9, 13, 11]
minimum_height = 85
----------
x_coordinates = [4, 6, 2, 2, 7, 10, 13, 11, 4, 2, 3, 11, 5, 1, 9, 0, 5, 8, 7, 9, 12, 13, 4, 10, 12]
y_coordinates = [45, 69, 46, 19, 23, 67, 81, 7, 78, 53, 61, 36, 51, 60, 62, 71, 58, 69, 47, 55, 47, 70, 69, 71, 56]
x_dimensions = [6, 2, 1, 12, 5, 5, 2, 2, 4, 4, 2, 3, 2, 2, 3, 4, 4, 2, 2, 3, 3, 2, 2, 3, 3]
y_dimensions = [2, 5, 4, 4, 13, 3, 1, 12, 6, 5, 3, 11, 2, 11, 5, 13, 11, 13, 11, 7, 9, 7, 9, 13, 11]
minimum_height = 84
----------
x_coordinates = [7, 10, 2, 8, 3, 12, 13, 12, 7, 6, 13, 0, 6, 12, 10, 5, 11, 2, 13, 10, 9, 8, 8, 10, 12]
y_coordinates = [58, 30, 65, 41, 40, 26, 10, 67, 18, 61, 64, 51, 30, 31, 53, 66, 15, 79, 53, 60, 68, 81, 25, 0, 42]
x_dimensions = [6, 2, 1, 4, 5, 3, 2, 2, 4, 4, 2, 3, 2, 2, 3, 4, 4, 13, 2, 3, 3, 7, 2, 3, 3]
y_dimensions = [2, 5, 4, 12, 13, 5, 1, 12, 6, 5, 3, 11, 2, 11, 5, 13, 11, 2, 11, 7, 9, 2, 9, 13, 11]
minimum_height = 83
----------
x_coordinates = [4, 2, 3, 8, 6, 4, 13, 13, 8, 3, 8, 12, 9, 7, 11, 6, 11, 13, 12, 10, 9, 11, 0, 10, 12]
y_coordinates = [63, 71, 64, 47, 34, 70, 7, 54, 20, 77, 65, 43, 70, 70, 66, 7, 32, 8, 71, 59, 73, 13, 73, 0, 21]
x_dimensions = [6, 2, 1, 4, 5, 3, 2, 2, 4, 4, 2, 3, 2, 2, 3, 4, 4, 2, 2, 3, 3, 2, 2, 3, 3]
y_dimensions = [2, 5, 4, 12, 13, 5, 1, 12, 6, 5, 3, 11, 2, 11, 5, 13, 11, 13, 11, 7, 9, 7, 9, 13, 11]
minimum_height = 82
----------
x_coordinates = [10, 12, 13, 9, 5, 5, 13, 13, 8, 8, 13, 8, 6, 6, 12, 11, 6, 13, 13, 10, 10, 12, 3, 0, 3]
y_coordinates = [52, 76, 21, 26, 38, 74, 20, 28, 75, 70, 25, 15, 79, 62, 71, 7, 51, 40, 60, 61, 43, 53, 70, 50, 51]
x_dimensions = [2, 2, 1, 4, 5, 3, 2, 2, 4, 4, 2, 3, 2, 2, 3, 4, 4, 2, 2, 3, 3, 2, 2, 3, 3]
y_dimensions = [6, 5, 4, 12, 13, 5, 1, 12, 6, 5, 3, 11, 2, 11, 5, 13, 11, 13, 11, 7, 9, 7, 9, 13, 11]
minimum_height = 81
----------
x_coordinates = [0, 13, 14, 11, 6, 6, 13, 13, 11, 9, 13, 3, 4, 1, 12, 11, 9, 12, 5, 9, 9, 7, 3, 6, 2]
y_coordinates = [58, 75, 71, 36, 35, 75, 49, 50, 30, 75, 22, 44, 78, 69, 25, 9, 48, 62, 61, 68, 59, 61, 69, 48, 58]
x_dimensions = [2, 2, 1, 4, 5, 3, 2, 2, 4, 4, 2, 3, 2, 2, 3, 4, 4, 2, 2, 3, 3, 2, 2, 3, 3]
y_dimensions = [6, 5, 4, 12, 13, 5, 1, 12, 6, 5, 3, 11, 2, 11, 5, 13, 11, 13, 11, 7, 9, 7, 9, 13, 11]
minimum_height = 80
----------
x_coordinates = [0, 4, 14, 9, 5, 9, 13, 13, 6, 10, 5, 10, 9, 10, 10, 11, 0, 2, 13, 8, 4, 7, 13, 7, 10]
y_coordinates = [63, 72, 29, 4, 38, 30, 34, 52, 73, 75, 69, 46, 68, 35, 70, 16, 50, 63, 64, 23, 60, 66, 43, 52, 57]
x_dimensions = [2, 2, 1, 4, 5, 3, 2, 2, 4, 5, 2, 3, 2, 2, 3, 4, 4, 2, 2, 3, 3, 2, 2, 3, 3]
y_dimensions = [6, 5, 4, 12, 13, 5, 1, 12, 6, 4, 3, 11, 2, 11, 5, 13, 11, 13, 11, 7, 9, 7, 9, 13, 11]
minimum_height = 79
----------
x_coordinates = [0, 4, 3, 9, 6, 5, 13, 6, 0, 3, 10, 12, 13, 11, 12, 11, 9, 0, 8, 8, 4, 13, 10, 7, 2]
y_coordinates = [63, 73, 64, 21, 34, 59, 72, 47, 72, 30, 75, 46, 61, 62, 73, 33, 10, 50, 47, 58, 64, 63, 49, 65, 53]
x_dimensions = [2, 2, 1, 4, 5, 3, 2, 2, 4, 5, 2, 3, 2, 2, 3, 4, 4, 2, 2, 3, 3, 2, 2, 3, 3]
y_dimensions = [6, 5, 4, 12, 13, 5, 1, 12, 6, 4, 3, 11, 2, 11, 5, 13, 11, 13, 11, 7, 9, 7, 9, 13, 11]
minimum_height = 78
----------
x_coordinates = [0, 2, 13, 5, 6, 10, 13, 10, 3, 11, 1, 9, 11, 13, 9, 1, 3, 9, 7, 12, 7, 2, 6, 12, 4]
y_coordinates = [69, 72, 42, 40, 11, 72, 34, 58, 33, 36, 36, 47, 70, 66, 31, 40, 53, 34, 54, 59, 65, 65, 24, 46, 64]
x_dimensions = [2, 2, 1, 4, 5, 3, 2, 2, 6, 4, 2, 3, 2, 2, 5, 4, 4, 2, 2, 3, 3, 2, 2, 3, 3]
y_dimensions = [6, 5, 4, 12, 13, 5, 1, 12, 4, 5, 3, 11, 2, 11, 3, 13, 11, 13, 11, 7, 9, 7, 9, 13, 11]
minimum_height = 77
----------
x_coordinates = [9, 12, 13, 11, 7, 12, 13, 11, 5, 1, 5, 12, 12, 13, 11, 4, 7, 12, 7, 9, 10, 7, 1, 8, 4]
y_coordinates = [3, 0, 8, 17, 37, 58, 6, 5, 33, 32, 30, 47, 63, 65, 29, 6, 22, 34, 55, 60, 67, 66, 74, 9, 63]
x_dimensions = [2, 2, 1, 4, 5, 3, 2, 2, 6, 4, 2, 3, 2, 2, 3, 4, 4, 2, 2, 3, 3, 2, 9, 3, 3]
y_dimensions = [6, 5, 4, 12, 13, 5, 1, 12, 4, 5, 3, 11, 2, 11, 5, 13, 11, 13, 11, 7, 9, 7, 2, 13, 11]
minimum_height = 76
----------
x_coordinates = [9, 13, 14, 8, 7, 11, 13, 11, 7, 3, 13, 0, 0, 13, 12, 4, 7, 13, 12, 10, 10, 2, 13, 7, 4]
y_coordinates = [34, 13, 34, 22, 9, 34, 2, 39, 51, 50, 52, 50, 65, 64, 29, 27, 40, 39, 18, 59, 66, 65, 55, 60, 63]
x_dimensions = [2, 2, 1, 4, 5, 3, 2, 2, 6, 4, 2, 3, 2, 2, 3, 4, 4, 2, 2, 3, 3, 2, 2, 3, 3]
y_dimensions = [6, 5, 4, 12, 13, 5, 1, 12, 4, 5, 3, 11, 2, 11, 5, 13, 11, 13, 11, 7, 9, 7, 9, 13, 11]
minimum_height = 75
----------
x_coordinates = [12, 10, 14, 3, 7, 11, 13, 13, 7, 3, 2, 6, 12, 4, 12, 7, 11, 13, 9, 10, 12, 2, 6, 4, 4]
y_coordinates = [25, 9, 12, 23, 14, 2, 1, 55, 54, 35, 54, 40, 13, 72, 7, 27, 31, 42, 41, 60, 16, 66, 70, 51, 67]
x_dimensions = [2, 2, 1, 4, 5, 3, 2, 2, 6, 4, 2, 3, 2, 11, 3, 4, 4, 2, 2, 3, 3, 2, 9, 3, 11]
y_dimensions = [6, 5, 4, 12, 13, 5, 1, 12, 4, 5, 3, 11, 2, 2, 5, 13, 11, 13, 11, 7, 9, 7, 2, 13, 3]
minimum_height = 74
----------
x_coordinates = [10, 2, 14, 5, 7, 0, 13, 4, 9, 4, 5, 8, 13, 0, 12, 0, 11, 3, 9, 12, 11, 1, 2, 6, 4]
y_coordinates = [64, 27, 31, 41, 17, 56, 51, 58, 57, 36, 53, 30, 68, 62, 52, 32, 40, 45, 46, 61, 31, 49, 64, 56, 70]
x_dimensions = [2, 2, 1, 4, 5, 3, 2, 2, 6, 4, 2, 3, 2, 2, 3, 4, 4, 2, 2, 3, 3, 2, 2, 3, 11]
y_dimensions = [6, 5, 4, 12, 13, 5, 1, 12, 4, 5, 3, 11, 2, 11, 5, 13, 11, 13, 11, 7, 9, 7, 9, 13, 3]
minimum_height = 73
----------
x_coordinates = [11, 4, 13, 1, 7, 8, 13, 0, 9, 1, 3, 5, 11, 3, 0, 8, 10, 7, 5, 12, 12, 13, 2, 2, 4]
y_coordinates = [58, 24, 21, 40, 15, 57, 63, 60, 52, 35, 55, 31, 56, 70, 53, 28, 41, 44, 51, 25, 32, 56, 58, 67, 64]
x_dimensions = [2, 2, 1, 4, 5, 3, 2, 2, 6, 4, 2, 3, 2, 11, 3, 4, 4, 2, 2, 3, 3, 2, 2, 13, 11]
y_dimensions = [6, 5, 4, 12, 13, 5, 1, 12, 4, 5, 3, 11, 2, 2, 5, 13, 11, 13, 11, 7, 9, 7, 9, 3, 3]
minimum_height = 72
----------
x_coordinates = [10, 8, 14, 7, 7, 6, 13, 4, 6, 11, 4, 12, 12, 3, 9, 11, 1, 2, 13, 12, 11, 12, 0, 0, 2]
y_coordinates = [59, 15, 12, 34, 2, 50, 4, 53, 55, 37, 50, 42, 13, 0, 50, 24, 46, 52, 60, 53, 15, 6, 59, 68, 65]
x_dimensions = [2, 2, 1, 4, 5, 3, 2, 2, 6, 4, 2, 3, 2, 11, 3, 4, 11, 2, 2, 3, 3, 2, 2, 13, 11]
y_dimensions = [6, 5, 4, 12, 13, 5, 1, 12, 4, 5, 3, 11, 2, 2, 5, 13, 4, 13, 11, 7, 9, 7, 9, 3, 3]
minimum_height = 71
----------
x_coordinates = [9, 4, 0, 3, 2, 0, 13, 0, 6, 1, 12, 1, 13, 1, 12, 0, 2, 0, 13, 8, 6, 1, 0, 2, 4]
y_coordinates = [68, 68, 69, 64, 34, 64, 63, 62, 58, 58, 61, 55, 59, 53, 54, 49, 45, 43, 43, 40, 31, 41, 32, 28, 25]
x_dimensions = [6, 5, 4, 12, 13, 3, 2, 12, 6, 5, 3, 11, 2, 11, 3, 13, 11, 13, 2, 7, 9, 7, 2, 13, 11]
y_dimensions = [2, 2, 1, 4, 5, 5, 1, 2, 4, 4, 2, 3, 2, 2, 5, 4, 4, 2, 11, 3, 3, 2, 9, 3, 3]
minimum_height = 70
----------
x_coordinates = [13, 0, 13, 5, 7, 8, 13, 10, 11, 9, 12, 0, 12, 3, 10, 2, 6, 1, 0, 5, 11, 13, 2, 3, 4]
y_coordinates = [52, 29, 33, 34, 20, 61, 31, 39, 58, 33, 42, 47, 64, 18, 51, 21, 48, 34, 58, 59, 9, 45, 60, 46, 66]
x_dimensions = [2, 2, 1, 4, 5, 3, 2, 2, 4, 4, 2, 3, 2, 11, 3, 4, 4, 2, 2, 3, 3, 2, 2, 3, 11]
y_dimensions = [6, 5, 4, 12, 13, 5, 1, 12, 6, 5, 3, 11, 2, 2, 5, 13, 11, 13, 11, 7, 9, 7, 9, 13, 3]
minimum_height = 69
----------
x_coordinates = [11, 1, 14, 8, 6, 5, 13, 13, 2, 0, 13, 1, 12, 3, 12, 4, 11, 9, 0, 3, 11, 5, 10, 6, 4]
y_coordinates = [10, 20, 17, 39, 14, 35, 15, 40, 60, 37, 37, 42, 16, 8, 63, 40, 52, 51, 57, 53, 18, 66, 30, 53, 27]
x_dimensions = [2, 2, 1, 4, 5, 3, 2, 2, 4, 4, 2, 3, 2, 11, 3, 4, 4, 2, 2, 3, 3, 7, 2, 3, 11]
y_dimensions = [6, 5, 4, 12, 13, 5, 1, 12, 6, 5, 3, 11, 2, 2, 5, 13, 11, 13, 11, 7, 9, 2, 9, 13, 3]
minimum_height = 68
----------
x_coordinates = [12, 12, 14, 11, 7, 12, 13, 2, 4, 0, 3, 1, 9, 5, 5, 4, 0, 13, 0, 9, 11, 1, 8, 10, 8]
y_coordinates = [26, 12, 13, 41, 18, 17, 66, 42, 60, 37, 16, 26, 31, 30, 64, 41, 56, 53, 43, 11, 32, 54, 51, 54, 40]
x_dimensions = [2, 2, 1, 4, 5, 3, 2, 2, 6, 4, 2, 3, 2, 2, 5, 4, 4, 2, 2, 3, 3, 7, 2, 3, 3]
y_dimensions = [6, 5, 4, 12, 13, 5, 1, 12, 4, 5, 3, 11, 2, 11, 3, 13, 11, 13, 11, 7, 9, 2, 9, 13, 11]
minimum_height = 67
----------
x_coordinates = [0, 3, 8, 1, 7, 9, 13, 1, 11, 9, 2, 6, 10, 2, 4, 5, 2, 13, 13, 9, 12, 8, 12, 12, 9]
y_coordinates = [30, 10, 14, 58, 18, 6, 6, 46, 0, 53, 5, 3, 35, 31, 55, 42, 62, 53, 22, 11, 35, 33, 44, 7, 42]
x_dimensions = [2, 2, 1, 12, 5, 3, 2, 2, 4, 4, 2, 3, 2, 11, 5, 4, 11, 2, 2, 3, 3, 7, 2, 3, 3]
y_dimensions = [6, 5, 4, 4, 13, 5, 1, 12, 6, 5, 3, 11, 2, 2, 3, 13, 4, 13, 11, 7, 9, 2, 9, 13, 11]
minimum_height = 66
----------
x_coordinates = [6, 1, 14, 11, 7, 5, 13, 5, 7, 1, 4, 3, 4, 8, 1, 7, 11, 10, 2, 4, 10, 0, 13, 12, 12]
y_coordinates = [39, 21, 18, 42, 19, 34, 15, 46, 59, 52, 43, 14, 41, 32, 57, 45, 54, 6, 38, 58, 33, 31, 33, 2, 22]
x_dimensions = [2, 2, 1, 4, 5, 3, 2, 2, 4, 4, 2, 3, 2, 2, 3, 4, 4, 2, 2, 3, 3, 7, 2, 3, 3]
y_dimensions = [6, 5, 4, 12, 13, 5, 1, 12, 6, 5, 3, 11, 2, 11, 5, 13, 11, 13, 11, 7, 9, 2, 9, 13, 11]
minimum_height = 65
----------
x_coordinates = [5, 2, 14, 7, 7, 10, 13, 0, 8, 1, 2, 4, 3, 5, 6, 11, 4, 5, 13, 4, 7, 6, 13, 12, 10]
y_coordinates = [25, 6, 1, 43, 19, 2, 5, 52, 60, 47, 54, 14, 42, 31, 9, 43, 56, 42, 6, 0, 34, 7, 34, 19, 32]
x_dimensions = [2, 2, 1, 4, 5, 3, 2, 2, 6, 4, 2, 3, 2, 2, 3, 4, 11, 2, 2, 3, 3, 7, 2, 3, 3]
y_dimensions = [6, 5, 4, 12, 13, 5, 1, 12, 4, 5, 3, 11, 2, 11, 5, 13, 4, 13, 11, 7, 9, 2, 9, 13, 11]
minimum_height = 64
----------
x_coordinates = [1, 2, 14, 0, 7, 4, 13, 6, 10, 5, 11, 7, 13, 10, 12, 8, 4, 4, 12, 9, 0, 6, 13, 3, 12]
y_coordinates = [32, 15, 12, 51, 20, 19, 54, 47, 7, 12, 3, 33, 57, 33, 16, 46, 59, 45, 22, 13, 42, 44, 44, 32, 33]
x_dimensions = [2, 2, 1, 4, 5, 3, 2, 2, 4, 4, 2, 3, 2, 2, 3, 4, 11, 2, 2, 3, 3, 7, 2, 3, 3]
y_dimensions = [6, 5, 4, 12, 13, 5, 1, 12, 6, 5, 3, 11, 2, 11, 5, 13, 4, 13, 11, 7, 9, 2, 9, 13, 11]
minimum_height = 63
----------
x_coordinates = [12, 1, 14, 0, 7, 12, 13, 12, 10, 7, 13, 8, 12, 13, 7, 4, 4, 3, 10, 12, 0, 7, 11, 0, 3]
y_coordinates = [12, 19, 17, 50, 22, 32, 3, 20, 6, 13, 55, 47, 1, 44, 40, 45, 58, 10, 36, 37, 41, 18, 49, 28, 34]
x_dimensions = [2, 2, 1, 4, 5, 3, 2, 2, 4, 4, 2, 3, 2, 2, 3, 4, 11, 2, 2, 3, 3, 7, 2, 3, 3]
y_dimensions = [6, 5, 4, 12, 13, 5, 1, 12, 6, 5, 3, 11, 2, 11, 5, 13, 4, 13, 11, 7, 9, 2, 9, 13, 11]
minimum_height = 62
----------
x_coordinates = [13, 12, 14, 0, 7, 5, 14, 9, 3, 8, 13, 12, 12, 8, 12, 4, 11, 7, 10, 12, 1, 5, 11, 0, 12]
y_coordinates = [14, 22, 21, 57, 24, 37, 25, 10, 25, 52, 11, 50, 20, 37, 45, 44, 0, 9, 37, 38, 37, 22, 11, 23, 27]
x_dimensions = [2, 2, 1, 12, 5, 3, 1, 2, 4, 4, 2, 3, 2, 2, 3, 4, 4, 2, 2, 3, 3, 7, 2, 3, 3]
y_dimensions = [6, 5, 4, 4, 13, 5, 2, 12, 6, 5, 3, 11, 2, 11, 5, 13, 11, 13, 11, 7, 9, 2, 9, 13, 11]
minimum_height = 61
----------
x_coordinates = [3, 2, 14, 0, 7, 6, 13, 13, 8, 9, 1, 12, 13, 9, 11, 4, 9, 1, 13, 12, 1, 8, 13, 5, 3]
y_coordinates = [13, 24, 45, 56, 25, 38, 36, 2, 50, 18, 17, 49, 0, 39, 44, 43, 7, 34, 25, 37, 47, 23, 14, 12, 32]
x_dimensions = [2, 2, 1, 12, 5, 3, 2, 2, 4, 4, 2, 3, 2, 2, 3, 4, 4, 2, 2, 3, 3, 7, 2, 3, 3]
y_dimensions = [6, 5, 4, 4, 13, 5, 1, 12, 6, 5, 3, 11, 2, 11, 5, 13, 11, 13, 11, 7, 9, 2, 9, 13, 11]
minimum_height = 60
----------
x_coordinates = [0, 13, 1, 1, 7, 3, 13, 0, 9, 7, 11, 8, 13, 13, 6, 4, 11, 11, 5, 10, 8, 8, 13, 2, 12]
y_coordinates = [41, 37, 20, 51, 26, 46, 36, 24, 55, 1, 39, 15, 12, 44, 46, 13, 14, 1, 35, 44, 6, 42, 3, 33, 25]
x_dimensions = [2, 2, 1, 12, 5, 3, 2, 2, 6, 4, 2, 3, 2, 2, 3, 4, 4, 2, 2, 3, 3, 7, 2, 3, 3]
y_dimensions = [6, 5, 4, 4, 13, 5, 1, 12, 4, 5, 3, 11, 2, 11, 5, 13, 11, 13, 11, 7, 9, 2, 9, 13, 11]
minimum_height = 59
----------
x_coordinates = [13, 13, 14, 4, 7, 7, 13, 13, 2, 9, 13, 8, 13, 10, 12, 4, 6, 11, 13, 12, 8, 8, 2, 3, 0]
y_coordinates = [32, 38, 2, 1, 28, 52, 29, 6, 51, 3, 43, 8, 30, 45, 53, 15, 41, 11, 18, 46, 19, 0, 12, 28, 27]
x_dimensions = [2, 2, 1, 4, 5, 3, 2, 2, 4, 4, 2, 3, 2, 2, 3, 4, 4, 2, 2, 3, 3, 7, 2, 3, 3]
y_dimensions = [6, 5, 4, 12, 13, 5, 1, 12, 6, 5, 3, 11, 2, 11, 5, 13, 11, 13, 11, 7, 9, 2, 9, 13, 11]
minimum_height = 58
----------
x_coordinates = [3, 4, 12, 1, 7, 7, 13, 12, 8, 2, 13, 0, 13, 13, 4, 11, 0, 12, 6, 10, 3, 7, 1, 8, 3]
y_coordinates = [7, 43, 28, 53, 27, 47, 0, 32, 4, 0, 27, 18, 30, 46, 48, 14, 39, 1, 16, 46, 13, 44, 29, 12, 26]
x_dimensions = [2, 2, 1, 12, 5, 3, 2, 2, 4, 4, 2, 3, 2, 2, 3, 4, 4, 2, 2, 3, 3, 7, 2, 3, 3]
y_dimensions = [6, 5, 4, 4, 13, 5, 1, 12, 6, 5, 3, 11, 2, 11, 5, 13, 11, 13, 11, 7, 9, 2, 9, 13, 11]
minimum_height = 57
----------
x_coordinates = [0, 11, 14, 0, 7, 8, 13, 12, 6, 0, 13, 12, 13, 9, 4, 11, 3, 13, 9, 10, 2, 7, 7, 0, 4]
y_coordinates = [2, 7, 22, 12, 27, 53, 55, 14, 4, 34, 37, 26, 53, 42, 50, 40, 39, 1, 16, 0, 3, 43, 18, 39, 26]
x_dimensions = [2, 2, 1, 12, 5, 5, 2, 2, 4, 4, 2, 3, 2, 2, 5, 4, 4, 2, 2, 3, 3, 2, 2, 3, 3]
y_dimensions = [6, 5, 4, 4, 13, 3, 1, 12, 6, 5, 3, 11, 2, 11, 3, 13, 11, 13, 11, 7, 9, 7, 9, 13, 11]
minimum_height = 56
----------
x_coordinates = [12, 13, 14, 1, 7, 7, 14, 12, 11, 11, 13, 4, 11, 13, 8, 0, 0, 7, 9, 12, 6, 1, 2, 3, 4]
y_coordinates = [17, 39, 16, 36, 9, 49, 21, 5, 23, 0, 36, 25, 43, 44, 52, 40, 16, 22, 22, 29, 0, 53, 27, 3, 42]
x_dimensions = [2, 2, 1, 12, 5, 5, 1, 2, 4, 4, 2, 3, 2, 2, 5, 4, 4, 2, 2, 3, 3, 7, 2, 3, 3]
y_dimensions = [6, 5, 4, 4, 13, 3, 2, 12, 6, 5, 3, 11, 2, 11, 3, 13, 11, 13, 11, 7, 9, 2, 9, 13, 11]
minimum_height = 55
----------
x_coordinates = [13, 13, 14, 3, 7, 7, 13, 13, 8, 3, 12, 8, 13, 4, 8, 0, 4, 13, 11, 12, 1, 6, 11, 4, 0]
y_coordinates = [29, 42, 12, 37, 4, 51, 41, 0, 45, 8, 12, 26, 35, 43, 1, 41, 26, 16, 17, 47, 21, 43, 28, 13, 30]
x_dimensions = [2, 2, 1, 12, 5, 5, 2, 2, 4, 4, 2, 3, 2, 2, 5, 4, 4, 2, 2, 3, 3, 7, 2, 3, 3]
y_dimensions = [6, 5, 4, 4, 13, 3, 1, 12, 6, 5, 3, 11, 2, 11, 3, 13, 11, 13, 11, 7, 9, 2, 9, 13, 11]
minimum_height = 54
----------
x_coordinates = [0, 2, 0, 3, 7, 9, 13, 3, 11, 4, 13, 10, 13, 0, 0, 8, 6, 1, 13, 12, 3, 8, 13, 3, 0]
y_coordinates = [47, 47, 15, 38, 14, 50, 4, 4, 42, 47, 5, 27, 8, 45, 40, 1, 27, 15, 18, 11, 29, 48, 29, 16, 29]
x_dimensions = [2, 2, 1, 12, 5, 5, 2, 2, 4, 4, 2, 3, 2, 11, 3, 4, 4, 2, 2, 3, 3, 7, 2, 3, 3]
y_dimensions = [6, 5, 4, 4, 13, 3, 1, 12, 6, 5, 3, 11, 2, 2, 5, 13, 11, 13, 11, 7, 9, 2, 9, 13, 11]
minimum_height = 53
----------
x_coordinates = [10, 9, 6, 11, 7, 9, 13, 0, 0, 7, 13, 7, 13, 0, 6, 3, 10, 2, 1, 0, 12, 8, 4, 4, 1]
y_coordinates = [4, 45, 24, 40, 16, 13, 9, 18, 44, 40, 17, 29, 7, 50, 45, 6, 29, 19, 0, 11, 20, 10, 41, 28, 33]
x_dimensions = [2, 2, 1, 4, 5, 5, 2, 2, 4, 4, 2, 3, 2, 11, 3, 4, 4, 2, 2, 3, 3, 7, 2, 3, 3]
y_dimensions = [6, 5, 4, 12, 13, 3, 1, 12, 6, 5, 3, 11, 2, 2, 5, 13, 11, 13, 11, 7, 9, 2, 9, 13, 11]
minimum_height = 52
----------
x_coordinates = [11, 12, 14, 2, 3, 10, 13, 0, 2, 11, 13, 12, 13, 1, 11, 7, 4, 8, 1, 1, 0, 8, 10, 8, 4]
y_coordinates = [0, 11, 5, 47, 19, 19, 1, 39, 43, 42, 2, 30, 28, 14, 6, 1, 32, 18, 19, 7, 30, 16, 22, 31, 3]
x_dimensions = [2, 2, 1, 12, 5, 5, 2, 2, 6, 4, 2, 3, 2, 11, 3, 4, 4, 2, 2, 3, 3, 7, 2, 3, 3]
y_dimensions = [6, 5, 4, 4, 13, 3, 1, 12, 4, 5, 3, 11, 2, 2, 5, 13, 11, 13, 11, 7, 9, 2, 9, 13, 11]
minimum_height = 51
----------
x_coordinates = [13, 13, 5, 7, 6, 0, 13, 3, 4, 0, 13, 0, 13, 5, 3, 11, 9, 10, 3, 2, 7, 13, 11, 12, 0]
y_coordinates = [31, 26, 24, 12, 24, 11, 5, 33, 46, 45, 2, 32, 0, 11, 28, 13, 1, 37, 17, 4, 37, 6, 27, 37, 21]
x_dimensions = [2, 2, 1, 4, 5, 5, 2, 2, 6, 4, 2, 3, 2, 2, 3, 4, 4, 2, 2, 3, 3, 2, 2, 3, 3]
y_dimensions = [6, 5, 4, 12, 13, 3, 1, 12, 4, 5, 3, 11, 2, 11, 5, 13, 11, 13, 11, 7, 9, 7, 9, 13, 11]
minimum_height = 50
----------
x_coordinates = [4, 0, 1, 11, 5, 8, 13, 9, 3, 7, 13, 6, 9, 0, 1, 10, 11, 11, 3, 2, 6, 9, 13, 0, 2]
y_coordinates = [39, 27, 4, 37, 21, 0, 11, 37, 45, 16, 21, 34, 5, 14, 9, 24, 0, 11, 28, 2, 5, 7, 12, 33, 17]
x_dimensions = [2, 2, 1, 4, 5, 3, 2, 2, 6, 4, 2, 3, 2, 11, 3, 4, 4, 2, 2, 3, 3, 2, 2, 3, 3]
y_dimensions = [6, 5, 4, 12, 13, 5, 1, 12, 4, 5, 3, 11, 2, 2, 5, 13, 11, 13, 11, 7, 9, 7, 9, 13, 11]
minimum_height = 49
----------
x_coordinates = [3, 5, 0, 11, 7, 7, 13, 3, 4, 1, 2, 0, 6, 1, 5, 3, 5, 12, 9, 0, 8, 11, 13, 12, 0]
y_coordinates = [18, 19, 11, 1, 23, 39, 0, 0, 44, 12, 45, 31, 0, 42, 14, 28, 3, 22, 3, 4, 14, 13, 13, 35, 18]
x_dimensions = [2, 2, 1, 4, 5, 5, 2, 2, 6, 4, 2, 3, 2, 11, 3, 4, 4, 2, 2, 3, 3, 2, 2, 3, 3]
y_dimensions = [6, 5, 4, 12, 13, 3, 1, 12, 4, 5, 3, 11, 2, 2, 5, 13, 11, 13, 11, 7, 9, 7, 9, 13, 11]
minimum_height = 48
----------
x_coordinates = [12, 10, 9, 0, 7, 8, 14, 13, 0, 6, 10, 3, 13, 4, 4, 4, 6, 1, 11, 8, 12, 12, 12, 3, 0]
y_coordinates = [32, 35, 3, 0, 22, 0, 35, 2, 12, 17, 44, 36, 0, 14, 31, 1, 36, 22, 3, 7, 38, 16, 23, 18, 35]
x_dimensions = [2, 2, 1, 4, 5, 5, 1, 2, 4, 4, 2, 3, 2, 11, 3, 4, 4, 2, 2, 3, 3, 2, 2, 3, 3]
y_dimensions = [6, 5, 4, 12, 13, 3, 2, 12, 6, 5, 3, 11, 2, 2, 5, 13, 11, 13, 11, 7, 9, 7, 9, 13, 11]
minimum_height = 47
----------
x_coordinates = [13, 10, 10, 0, 7, 3, 13, 3, 4, 11, 0, 5, 10, 8, 8, 4, 11, 5, 13, 8, 2, 13, 1, 8, 0]
y_coordinates = [21, 41, 37, 9, 22, 0, 45, 22, 16, 15, 33, 35, 35, 35, 17, 3, 4, 22, 34, 1, 34, 27, 0, 4, 21]
x_dimensions = [2, 2, 1, 4, 5, 5, 2, 2, 4, 4, 2, 3, 2, 2, 3, 4, 4, 2, 2, 7, 3, 2, 2, 3, 3]
y_dimensions = [6, 5, 4, 12, 13, 3, 1, 12, 6, 5, 3, 11, 2, 11, 5, 13, 11, 13, 11, 3, 9, 7, 9, 13, 11]
minimum_height = 46
----------
x_coordinates = [5, 11, 10, 1, 7, 2, 13, 2, 7, 0, 0, 12, 13, 11, 10, 5, 1, 0, 13, 9, 4, 13, 4, 12, 7]
y_coordinates = [21, 35, 34, 15, 21, 1, 37, 33, 2, 27, 1, 11, 35, 0, 40, 8, 4, 32, 0, 14, 36, 38, 27, 22, 34]
x_dimensions = [2, 2, 1, 4, 5, 5, 2, 2, 4, 4, 2, 3, 2, 2, 3, 4, 4, 2, 2, 3, 3, 2, 2, 3, 3]
y_dimensions = [6, 5, 4, 12, 13, 3, 1, 12, 6, 5, 3, 11, 2, 11, 5, 13, 11, 13, 11, 7, 9, 7, 9, 13, 11]
minimum_height = 45
----------
x_coordinates = [4, 13, 12, 0, 7, 4, 13, 10, 1, 6, 8, 5, 13, 7, 10, 0, 0, 11, 13, 12, 8, 13, 5, 4, 12]
y_coordinates = [0, 39, 9, 0, 5, 6, 31, 18, 38, 0, 41, 33, 0, 19, 0, 23, 12, 31, 2, 13, 30, 32, 24, 11, 20]
x_dimensions = [2, 2, 1, 4, 5, 3, 2, 2, 4, 4, 2, 3, 2, 2, 3, 4, 4, 2, 2, 3, 3, 2, 2, 3, 3]
y_dimensions = [6, 5, 4, 12, 13, 5, 1, 12, 6, 5, 3, 11, 2, 11, 5, 13, 11, 13, 11, 7, 9, 7, 9, 13, 11]
minimum_height = 44
----------
x_coordinates = [3, 1, 12, 0, 0, 8, 13, 13, 4, 2, 1, 1, 0, 9, 12, 8, 0, 7, 5, 12, 9, 13, 11, 5, 12]
y_coordinates = [34, 35, 13, 0, 19, 17, 0, 20, 8, 4, 32, 40, 5, 20, 1, 4, 8, 27, 28, 6, 31, 13, 22, 14, 32]
x_dimensions = [2, 2, 1, 12, 5, 5, 2, 2, 4, 5, 2, 11, 2, 2, 3, 4, 4, 2, 2, 3, 3, 2, 2, 3, 3]
y_dimensions = [6, 5, 4, 4, 13, 3, 1, 12, 6, 4, 3, 3, 2, 11, 5, 13, 11, 13, 11, 7, 9, 7, 9, 13, 11]
minimum_height = 43
----------
x_coordinates = [13, 11, 12, 1, 2, 10, 10, 0, 7, 0, 10, 0, 11, 13, 2, 11, 3, 8, 0, 0, 5, 4, 13, 7, 10]
y_coordinates = [0, 37, 22, 0, 20, 19, 22, 26, 10, 38, 23, 4, 4, 31, 33, 6, 9, 29, 15, 8, 33, 7, 22, 16, 26]
x_dimensions = [2, 2, 1, 12, 5, 5, 2, 2, 4, 5, 2, 11, 2, 2, 3, 4, 4, 2, 2, 3, 3, 7, 2, 3, 3]
y_dimensions = [6, 5, 4, 4, 13, 3, 1, 12, 6, 4, 3, 3, 2, 11, 5, 13, 11, 13, 11, 7, 9, 2, 9, 13, 11]
minimum_height = 42
----------
x_coordinates = [2, 2, 0, 3, 5, 12, 13, 0, 11, 5, 13, 8, 11, 13, 0, 0, 4, 10, 3, 4, 7, 0, 1, 10, 12]
y_coordinates = [15, 21, 5, 0, 4, 25, 4, 14, 19, 28, 16, 17, 17, 5, 9, 26, 17, 28, 4, 32, 32, 39, 0, 4, 30]
x_dimensions = [2, 2, 1, 12, 5, 3, 2, 2, 4, 5, 2, 3, 2, 2, 3, 4, 4, 2, 2, 3, 3, 7, 2, 3, 3]
y_dimensions = [6, 5, 4, 4, 13, 5, 1, 12, 6, 4, 3, 11, 2, 11, 5, 13, 11, 13, 11, 7, 9, 2, 9, 13, 11]
minimum_height = 41
----------
x_coordinates = [5, 0, 0, 0, 7, 12, 7, 2, 11, 11, 2, 12, 2, 4, 7, 8, 7, 0, 6, 4, 4, 5, 0, 12, 2]
y_coordinates = [0, 35, 25, 13, 11, 11, 27, 28, 0, 6, 0, 16, 26, 29, 24, 27, 0, 0, 29, 22, 13, 6, 26, 27, 2]
x_dimensions = [2, 2, 4, 4, 5, 3, 1, 2, 4, 4, 3, 3, 2, 2, 5, 4, 4, 2, 2, 3, 3, 2, 2, 3, 3]
y_dimensions = [6, 5, 1, 12, 13, 5, 2, 12, 6, 5, 2, 11, 2, 11, 3, 13, 11, 13, 11, 7, 9, 7, 9, 13, 11]
minimum_height = 40
----------
==========
%%%mzn-stat: nodes=73765
%%%mzn-stat: failures=13747
%%%mzn-stat: restarts=546
%%%mzn-stat: variables=14015
%%%mzn-stat: intVars=102
%%%mzn-stat: boolVariables=13911
%%%mzn-stat: propagators=2454
%%%mzn-stat: propagations=15153186
%%%mzn-stat: peakDepth=172
%%%mzn-stat: nogoods=13747
%%%mzn-stat: backjumps=25232
%%%mzn-stat: peakMem=0.00
%%%mzn-stat: time=4.257
%%%mzn-stat: initTime=0.032
%%%mzn-stat: solveTime=4.225
%%%mzn-stat: objective=40
%%%mzn-stat: optTime=4.223
%%%mzn-stat: baseMem=0.00
%%%mzn-stat: trailMem=0.02
%%%mzn-stat: randomSeed=1657546331
