x_coordinates = [14, 14, 4, 23, 25, 16, 27, 5, 27, 13, 23, 19, 9, 20, 27, 2, 10, 4, 1, 24]
y_coordinates = [55, 192, 198, 155, 151, 202, 167, 205, 192, 187, 190, 208, 208, 196, 159, 208, 202, 202, 205, 205]
x_dimensions = [11, 9, 8, 6, 4, 4, 3, 19, 3, 14, 3, 11, 10, 3, 3, 7, 6, 5, 4, 3]
y_dimensions = [30, 4, 4, 4, 4, 3, 25, 3, 16, 3, 13, 3, 3, 9, 8, 3, 3, 3, 3, 3]
minimum_height = 211
----------
x_coordinates = [0, 23, 15, 24, 22, 19, 26, 11, 11, 10, 27, 12, 2, 5, 22, 8, 20, 6, 11, 8]
y_coordinates = [6, 201, 200, 33, 193, 204, 5, 30, 197, 36, 196, 207, 207, 194, 186, 200, 27, 203, 203, 195]
x_dimensions = [11, 4, 8, 6, 4, 4, 3, 19, 16, 14, 3, 11, 10, 3, 8, 7, 6, 5, 4, 3]
y_dimensions = [30, 9, 4, 4, 4, 3, 25, 3, 3, 3, 13, 3, 3, 9, 3, 3, 3, 3, 3, 3]
minimum_height = 210
----------
x_coordinates = [8, 26, 1, 21, 26, 22, 5, 8, 19, 12, 9, 18, 18, 23, 1, 12, 24, 14, 22, 8]
y_coordinates = [82, 200, 205, 183, 192, 203, 65, 187, 193, 190, 195, 62, 59, 194, 194, 206, 17, 203, 206, 61]
x_dimensions = [11, 4, 8, 6, 4, 4, 25, 19, 3, 14, 3, 11, 10, 3, 8, 7, 6, 5, 4, 3]
y_dimensions = [30, 9, 4, 4, 4, 3, 3, 3, 16, 3, 13, 3, 3, 9, 3, 3, 3, 3, 3, 3]
minimum_height = 209
----------
x_coordinates = [3, 24, 22, 12, 18, 26, 3, 11, 13, 14, 9, 14, 5, 4, 1, 15, 23, 19, 1, 21]
y_coordinates = [86, 186, 204, 201, 201, 195, 120, 38, 198, 115, 192, 195, 205, 194, 190, 205, 201, 192, 205, 31]
x_dimensions = [11, 4, 8, 6, 4, 4, 25, 19, 16, 14, 3, 11, 10, 3, 3, 7, 6, 5, 4, 3]
y_dimensions = [30, 9, 4, 4, 4, 3, 3, 3, 3, 3, 13, 3, 3, 9, 8, 3, 3, 3, 3, 3]
minimum_height = 208
----------
x_coordinates = [14, 26, 1, 24, 22, 26, 21, 8, 13, 0, 10, 19, 16, 2, 8, 9, 24, 8, 15, 8]
y_coordinates = [86, 189, 203, 36, 194, 204, 168, 65, 198, 114, 191, 201, 204, 194, 74, 204, 186, 187, 201, 107]
x_dimensions = [11, 4, 8, 6, 4, 4, 3, 19, 16, 14, 3, 11, 10, 3, 8, 7, 6, 5, 4, 3]
y_dimensions = [30, 9, 4, 4, 4, 3, 25, 3, 3, 3, 13, 3, 3, 9, 3, 3, 3, 3, 3, 3]
minimum_height = 207
----------
x_coordinates = [14, 25, 1, 12, 25, 26, 21, 8, 18, 16, 5, 15, 9, 2, 18, 23, 24, 8, 19, 27]
y_coordinates = [102, 190, 201, 189, 61, 203, 174, 171, 184, 99, 197, 203, 200, 192, 175, 199, 187, 193, 200, 173]
x_dimensions = [11, 4, 8, 6, 4, 4, 3, 19, 3, 14, 13, 11, 10, 3, 3, 7, 6, 5, 4, 3]
y_dimensions = [30, 9, 4, 4, 4, 3, 25, 3, 16, 3, 3, 3, 3, 9, 8, 3, 3, 3, 3, 3]
minimum_height = 206
----------
x_coordinates = [14, 26, 9, 5, 24, 27, 2, 27, 17, 0, 0, 19, 20, 3, 25, 25, 24, 6, 22, 11]
y_coordinates = [86, 193, 201, 190, 133, 110, 181, 114, 189, 115, 192, 83, 202, 196, 19, 186, 153, 200, 199, 112]
x_dimensions = [11, 4, 8, 6, 4, 3, 25, 3, 3, 14, 3, 11, 10, 3, 3, 3, 6, 3, 4, 3]
y_dimensions = [30, 9, 4, 4, 4, 4, 3, 19, 16, 3, 13, 3, 3, 9, 8, 7, 3, 5, 3, 3]
minimum_height = 205
----------
x_coordinates = [14, 26, 4, 17, 7, 27, 11, 7, 12, 10, 9, 15, 14, 6, 4, 26, 22, 20, 23, 0]
y_coordinates = [86, 178, 187, 186, 183, 145, 160, 128, 185, 115, 191, 183, 201, 194, 40, 190, 198, 190, 187, 128]
x_dimensions = [11, 4, 8, 6, 4, 3, 3, 3, 3, 3, 3, 11, 10, 3, 3, 3, 6, 3, 4, 3]
y_dimensions = [30, 9, 4, 4, 4, 4, 25, 19, 16, 14, 13, 3, 3, 9, 8, 7, 3, 5, 3, 3]
minimum_height = 204
----------
x_coordinates = [14, 26, 19, 21, 23, 27, 1, 9, 17, 12, 4, 19, 20, 3, 22, 26, 24, 20, 26, 27]
y_coordinates = [100, 180, 162, 172, 189, 189, 176, 162, 187, 176, 200, 169, 200, 116, 86, 193, 166, 188, 177, 174]
x_dimensions = [11, 4, 8, 6, 4, 3, 3, 3, 3, 14, 13, 11, 10, 3, 8, 3, 6, 3, 4, 3]
y_dimensions = [30, 9, 4, 4, 4, 4, 25, 19, 16, 3, 3, 3, 3, 9, 3, 7, 3, 5, 3, 3]
minimum_height = 203
----------
x_coordinates = [6, 26, 1, 22, 23, 27, 1, 23, 19, 9, 6, 19, 18, 16, 4, 8, 22, 8, 19, 27]
y_coordinates = [86, 182, 179, 194, 198, 198, 183, 164, 186, 177, 199, 161, 157, 187, 30, 192, 191, 187, 180, 179]
x_dimensions = [11, 4, 8, 6, 4, 3, 25, 3, 3, 14, 13, 11, 10, 3, 8, 3, 6, 3, 4, 3]
y_dimensions = [30, 9, 4, 4, 4, 4, 3, 19, 16, 3, 3, 3, 3, 9, 3, 7, 3, 5, 3, 3]
minimum_height = 202
----------
x_coordinates = [0, 26, 9, 24, 23, 3, 2, 27, 20, 13, 7, 19, 19, 17, 14, 27, 14, 23, 26, 23]
y_coordinates = [86, 109, 189, 197, 193, 196, 179, 168, 185, 182, 198, 118, 131, 186, 149, 190, 195, 188, 187, 185]
x_dimensions = [30, 4, 8, 6, 4, 4, 25, 3, 3, 14, 13, 11, 10, 3, 3, 3, 6, 3, 4, 3]
y_dimensions = [11, 9, 4, 4, 4, 3, 3, 19, 16, 3, 3, 3, 3, 9, 8, 7, 3, 5, 3, 3]
minimum_height = 201
----------
x_coordinates = [0, 26, 12, 21, 7, 4, 2, 27, 20, 13, 8, 16, 19, 20, 23, 1, 21, 8, 3, 5]
y_coordinates = [89, 172, 179, 193, 180, 196, 190, 181, 158, 187, 196, 183, 127, 174, 173, 193, 197, 187, 180, 185]
x_dimensions = [30, 4, 8, 6, 4, 4, 25, 3, 3, 14, 13, 11, 10, 3, 3, 3, 6, 5, 4, 3]
y_dimensions = [11, 9, 4, 4, 4, 3, 3, 19, 16, 3, 3, 3, 3, 9, 8, 7, 3, 3, 3, 3]
minimum_height = 200
----------
x_coordinates = [0, 26, 15, 24, 11, 27, 5, 0, 25, 16, 3, 15, 20, 23, 7, 6, 15, 10, 3, 7]
y_coordinates = [86, 179, 181, 191, 184, 156, 188, 180, 160, 195, 196, 185, 148, 176, 150, 175, 192, 193, 193, 193]
x_dimensions = [30, 4, 8, 6, 4, 3, 25, 3, 3, 14, 13, 11, 10, 3, 3, 3, 6, 5, 4, 3]
y_dimensions = [11, 9, 4, 4, 4, 4, 3, 19, 16, 3, 3, 3, 3, 9, 8, 7, 3, 3, 3, 3]
minimum_height = 199
----------
x_coordinates = [0, 26, 11, 24, 18, 27, 5, 2, 25, 16, 0, 19, 18, 23, 21, 8, 18, 15, 9, 13]
y_coordinates = [87, 174, 182, 191, 172, 169, 186, 175, 109, 195, 194, 183, 160, 174, 3, 177, 192, 189, 191, 193]
x_dimensions = [30, 4, 8, 6, 4, 3, 25, 3, 3, 14, 13, 11, 10, 3, 8, 3, 6, 5, 4, 3]
y_dimensions = [11, 9, 4, 4, 4, 4, 3, 19, 16, 3, 3, 3, 3, 9, 3, 7, 3, 3, 3, 3]
minimum_height = 198
----------
x_coordinates = [4, 11, 3, 24, 23, 27, 5, 0, 27, 10, 11, 15, 6, 20, 17, 6, 5, 25, 3, 7]
y_coordinates = [86, 178, 182, 193, 180, 115, 187, 178, 171, 191, 194, 184, 172, 174, 137, 175, 194, 190, 191, 191]
x_dimensions = [11, 4, 8, 6, 4, 3, 25, 3, 3, 14, 13, 11, 10, 3, 3, 3, 6, 5, 4, 3]
y_dimensions = [30, 9, 4, 4, 4, 4, 3, 19, 16, 3, 3, 3, 3, 9, 8, 7, 3, 3, 3, 3]
minimum_height = 197
----------
x_coordinates = [8, 10, 19, 11, 6, 27, 2, 18, 27, 0, 16, 9, 19, 26, 0, 24, 21, 22, 17, 15]
y_coordinates = [97, 189, 189, 182, 189, 161, 186, 164, 180, 179, 94, 193, 97, 170, 193, 179, 178, 193, 183, 179]
x_dimensions = [11, 9, 8, 6, 4, 3, 25, 3, 3, 14, 13, 11, 10, 3, 8, 3, 3, 5, 4, 3]
y_dimensions = [30, 4, 4, 4, 4, 4, 3, 19, 16, 3, 3, 3, 3, 9, 3, 7, 6, 3, 3, 3]
minimum_height = 196
----------
x_coordinates = [11, 0, 8, 24, 10, 27, 5, 20, 27, 16, 6, 13, 15, 24, 14, 26, 24, 8, 23, 26]
y_coordinates = [91, 160, 187, 182, 166, 88, 161, 167, 166, 186, 181, 192, 164, 170, 168, 154, 192, 191, 179, 189]
x_dimensions = [11, 4, 8, 6, 4, 3, 25, 3, 3, 14, 13, 11, 10, 3, 3, 3, 6, 5, 4, 3]
y_dimensions = [30, 9, 4, 4, 4, 4, 3, 19, 16, 3, 3, 3, 3, 9, 8, 7, 3, 3, 3, 3]
minimum_height = 195
----------
x_coordinates = [14, 26, 7, 23, 24, 27, 1, 20, 25, 9, 17, 8, 17, 25, 22, 27, 24, 15, 22, 21]
y_coordinates = [86, 155, 190, 174, 148, 144, 160, 175, 178, 172, 152, 187, 166, 66, 140, 164, 171, 191, 163, 169]
x_dimensions = [11, 4, 8, 6, 4, 3, 25, 3, 3, 14, 13, 11, 10, 3, 3, 3, 6, 5, 4, 3]
y_dimensions = [30, 9, 4, 4, 4, 4, 3, 19, 16, 3, 3, 3, 3, 9, 8, 7, 3, 3, 3, 3]
minimum_height = 194
----------
x_coordinates = [0, 7, 6, 26, 25, 27, 0, 11, 10, 14, 16, 14, 16, 25, 7, 7, 9, 10, 26, 23]
y_coordinates = [86, 172, 168, 185, 169, 156, 165, 176, 187, 179, 173, 170, 190, 160, 131, 186, 183, 190, 182, 184]
x_dimensions = [30, 4, 8, 4, 4, 3, 25, 19, 16, 14, 13, 11, 10, 3, 8, 3, 6, 5, 4, 3]
y_dimensions = [11, 9, 4, 6, 4, 4, 3, 3, 3, 3, 3, 3, 3, 9, 3, 7, 3, 3, 3, 3]
minimum_height = 193
----------
x_coordinates = [0, 23, 0, 24, 1, 27, 4, 5, 14, 9, 4, 18, 17, 4, 13, 27, 13, 9, 22, 27]
y_coordinates = [93, 180, 168, 176, 179, 50, 170, 177, 189, 183, 174, 173, 167, 183, 180, 163, 186, 189, 164, 185]
x_dimensions = [30, 4, 4, 6, 4, 3, 25, 19, 16, 14, 13, 11, 10, 3, 8, 3, 6, 5, 4, 3]
y_dimensions = [11, 9, 8, 4, 4, 4, 3, 3, 3, 3, 3, 3, 3, 9, 3, 7, 3, 3, 3, 3]
minimum_height = 192
----------
x_coordinates = [0, 26, 15, 24, 25, 27, 1, 7, 14, 12, 11, 14, 3, 4, 24, 8, 23, 10, 0, 0]
y_coordinates = [86, 179, 167, 175, 171, 164, 182, 179, 188, 185, 174, 171, 188, 172, 5, 170, 168, 166, 178, 187]
x_dimensions = [30, 4, 8, 6, 4, 3, 25, 19, 16, 14, 13, 11, 10, 3, 3, 3, 6, 5, 4, 3]
y_dimensions = [11, 9, 4, 4, 4, 4, 3, 3, 3, 3, 3, 3, 3, 9, 8, 7, 3, 3, 3, 3]
minimum_height = 191
----------
x_coordinates = [0, 26, 5, 24, 3, 27, 0, 7, 12, 12, 6, 16, 3, 3, 21, 13, 6, 11, 22, 27]
y_coordinates = [86, 180, 170, 176, 177, 169, 165, 180, 166, 187, 183, 172, 174, 181, 118, 173, 186, 163, 184, 173]
x_dimensions = [30, 4, 8, 6, 4, 3, 3, 19, 16, 14, 13, 11, 10, 3, 8, 3, 6, 5, 4, 3]
y_dimensions = [11, 9, 4, 4, 4, 4, 25, 3, 3, 3, 3, 3, 3, 9, 3, 7, 3, 3, 3, 3]
minimum_height = 190
----------
x_coordinates = [0, 7, 6, 26, 10, 27, 1, 11, 11, 12, 17, 16, 0, 4, 5, 27, 1, 6, 25, 10]
y_coordinates = [88, 180, 154, 183, 159, 165, 161, 180, 163, 185, 174, 160, 158, 177, 137, 157, 186, 170, 177, 177]
x_dimensions = [30, 4, 8, 4, 4, 3, 3, 19, 16, 14, 13, 11, 10, 3, 3, 3, 6, 5, 4, 3]
y_dimensions = [11, 9, 4, 6, 4, 4, 25, 3, 3, 3, 3, 3, 3, 9, 8, 7, 3, 3, 3, 3]
minimum_height = 189
----------
x_coordinates = [14, 23, 19, 24, 4, 27, 27, 5, 11, 13, 16, 9, 13, 2, 25, 1, 4, 9, 23, 27]
y_coordinates = [86, 172, 162, 184, 175, 57, 146, 185, 166, 169, 181, 173, 178, 179, 135, 168, 170, 163, 158, 171]
x_dimensions = [11, 4, 8, 6, 4, 3, 3, 19, 16, 14, 13, 11, 10, 3, 3, 3, 6, 5, 4, 3]
y_dimensions = [30, 9, 4, 4, 4, 4, 25, 3, 3, 3, 3, 3, 3, 9, 8, 7, 3, 3, 3, 3]
minimum_height = 188
----------
x_coordinates = [10, 8, 22, 4, 4, 27, 1, 5, 14, 16, 23, 8, 12, 20, 15, 11, 24, 20, 23, 13]
y_coordinates = [92, 175, 177, 178, 174, 173, 162, 184, 161, 181, 164, 164, 176, 167, 129, 163, 184, 135, 1, 181]
x_dimensions = [11, 4, 8, 4, 4, 3, 3, 19, 16, 14, 3, 3, 10, 3, 3, 3, 6, 5, 4, 3]
y_dimensions = [30, 9, 4, 6, 4, 4, 25, 3, 3, 3, 13, 11, 3, 9, 8, 7, 3, 3, 3, 3]
minimum_height = 187
----------
x_coordinates = [2, 15, 23, 20, 18, 27, 27, 13, 12, 3, 0, 16, 17, 9, 1, 10, 4, 16, 2, 24]
y_coordinates = [91, 154, 175, 162, 179, 84, 161, 163, 151, 182, 173, 171, 183, 162, 170, 173, 173, 174, 162, 162]
x_dimensions = [11, 4, 4, 4, 4, 3, 3, 3, 16, 14, 3, 11, 10, 3, 8, 3, 6, 5, 4, 3]
y_dimensions = [30, 9, 8, 6, 4, 4, 25, 19, 3, 3, 13, 3, 3, 9, 3, 7, 3, 3, 3, 3]
minimum_height = 186
----------
x_coordinates = [12, 13, 26, 16, 9, 27, 27, 13, 0, 3, 0, 16, 17, 4, 0, 13, 21, 8, 2, 24]
y_coordinates = [86, 173, 152, 159, 178, 63, 160, 142, 168, 182, 171, 166, 181, 164, 159, 161, 162, 160, 156, 178]
x_dimensions = [11, 4, 4, 4, 4, 3, 3, 3, 16, 14, 3, 11, 10, 9, 8, 3, 6, 5, 4, 3]
y_dimensions = [30, 9, 8, 6, 4, 4, 25, 19, 3, 3, 13, 3, 3, 3, 3, 7, 3, 3, 3, 3]
minimum_height = 185
----------
x_coordinates = [0, 19, 26, 26, 10, 27, 23, 14, 13, 5, 2, 18, 9, 27, 10, 15, 22, 18, 4, 17]
y_coordinates = [86, 175, 158, 177, 174, 137, 159, 159, 146, 178, 171, 155, 181, 168, 156, 149, 152, 161, 157, 172]
x_dimensions = [30, 4, 4, 4, 4, 3, 3, 3, 16, 14, 3, 11, 10, 3, 8, 3, 6, 5, 4, 3]
y_dimensions = [11, 9, 8, 6, 4, 4, 25, 19, 3, 3, 13, 3, 3, 9, 3, 7, 3, 3, 3, 3]
minimum_height = 184
----------
x_coordinates = [12, 18, 26, 22, 21, 9, 14, 19, 13, 0, 17, 18, 20, 26, 11, 13, 21, 16, 19, 11]
y_coordinates = [90, 161, 157, 160, 176, 119, 158, 142, 133, 180, 170, 139, 180, 165, 155, 138, 136, 136, 130, 160]
x_dimensions = [11, 4, 4, 4, 4, 3, 3, 3, 16, 14, 3, 11, 10, 3, 8, 3, 6, 5, 4, 3]
y_dimensions = [30, 9, 8, 6, 4, 4, 25, 19, 3, 3, 13, 3, 3, 9, 3, 7, 3, 3, 3, 3]
minimum_height = 183
----------
x_coordinates = [13, 15, 23, 23, 20, 22, 24, 20, 0, 10, 27, 19, 0, 26, 22, 16, 27, 12, 20, 17]
y_coordinates = [90, 170, 75, 151, 175, 83, 157, 153, 144, 179, 167, 148, 178, 136, 145, 146, 152, 157, 172, 156]
x_dimensions = [11, 4, 4, 4, 4, 3, 3, 3, 16, 14, 3, 11, 10, 3, 8, 3, 3, 5, 4, 3]
y_dimensions = [30, 9, 8, 6, 4, 4, 25, 19, 3, 3, 13, 3, 3, 9, 3, 7, 6, 3, 3, 3]
minimum_height = 182
----------
x_coordinates = [4, 15, 26, 26, 2, 1, 5, 23, 2, 16, 18, 7, 6, 25, 25, 22, 2, 23, 20, 17]
y_coordinates = [89, 172, 173, 166, 141, 89, 159, 162, 145, 139, 143, 150, 141, 142, 151, 149, 161, 132, 156, 169]
x_dimensions = [11, 4, 4, 4, 4, 3, 25, 3, 3, 14, 3, 11, 10, 3, 3, 3, 3, 5, 4, 3]
y_dimensions = [30, 9, 8, 6, 4, 4, 3, 19, 16, 3, 13, 3, 3, 9, 8, 7, 6, 3, 3, 3]
minimum_height = 181
----------
x_coordinates = [0, 17, 25, 26, 23, 27, 14, 11, 17, 13, 8, 19, 20, 5, 27, 15, 27, 25, 7, 5]
y_coordinates = [88, 173, 138, 168, 158, 146, 152, 155, 157, 177, 167, 151, 165, 161, 154, 145, 174, 162, 153, 172]
x_dimensions = [30, 9, 4, 4, 4, 3, 3, 3, 3, 14, 3, 11, 10, 3, 3, 3, 3, 5, 4, 3]
y_dimensions = [11, 4, 8, 6, 4, 4, 25, 19, 16, 3, 13, 3, 3, 9, 8, 7, 6, 3, 3, 3]
minimum_height = 180
----------
x_coordinates = [8, 0, 24, 26, 13, 16, 23, 20, 26, 9, 17, 19, 4, 5, 8, 15, 14, 9, 18, 0]
y_coordinates = [88, 175, 86, 173, 164, 83, 154, 157, 157, 176, 163, 151, 172, 163, 161, 153, 170, 169, 154, 172]
x_dimensions = [11, 9, 4, 4, 4, 3, 3, 3, 3, 14, 3, 11, 10, 3, 3, 3, 3, 5, 4, 3]
y_dimensions = [30, 4, 8, 6, 4, 4, 25, 19, 16, 3, 13, 3, 3, 9, 8, 7, 6, 3, 3, 3]
minimum_height = 179
----------
x_coordinates = [7, 4, 25, 26, 2, 5, 5, 2, 5, 6, 12, 16, 20, 23, 27, 17, 9, 11, 3, 1]
y_coordinates = [88, 150, 147, 169, 155, 83, 175, 159, 159, 154, 157, 158, 155, 163, 158, 163, 158, 172, 147, 152]
x_dimensions = [11, 9, 4, 4, 4, 3, 25, 3, 3, 14, 3, 11, 10, 3, 3, 3, 3, 5, 4, 3]
y_dimensions = [30, 4, 8, 6, 4, 4, 3, 19, 16, 3, 13, 3, 3, 9, 8, 7, 6, 3, 3, 3]
minimum_height = 178
----------
x_coordinates = [14, 4, 25, 0, 13, 11, 26, 1, 20, 9, 23, 19, 20, 3, 27, 24, 17, 7, 5, 12]
y_coordinates = [87, 170, 87, 168, 170, 86, 140, 174, 157, 154, 153, 84, 173, 159, 165, 166, 168, 167, 156, 167]
x_dimensions = [11, 9, 4, 4, 4, 3, 3, 19, 3, 14, 3, 11, 10, 3, 3, 3, 3, 5, 4, 3]
y_dimensions = [30, 4, 8, 6, 4, 4, 25, 3, 16, 3, 13, 3, 3, 9, 8, 7, 6, 3, 3, 3]
minimum_height = 177
----------
x_coordinates = [7, 21, 25, 13, 23, 27, 9, 5, 11, 12, 17, 19, 19, 2, 8, 2, 27, 25, 16, 26]
y_coordinates = [87, 159, 137, 163, 172, 91, 144, 157, 169, 156, 166, 163, 153, 158, 173, 168, 170, 150, 173, 156]
x_dimensions = [11, 9, 4, 4, 4, 3, 3, 3, 16, 14, 13, 11, 10, 3, 8, 3, 3, 5, 4, 3]
y_dimensions = [30, 4, 8, 6, 4, 4, 25, 19, 3, 3, 3, 3, 3, 9, 3, 7, 6, 3, 3, 3]
minimum_height = 176
----------
x_coordinates = [0, 18, 24, 21, 5, 27, 27, 14, 11, 0, 17, 3, 20, 0, 9, 0, 24, 22, 18, 21]
y_coordinates = [86, 158, 9, 163, 171, 66, 144, 153, 150, 156, 162, 167, 169, 159, 172, 168, 172, 154, 155, 172]
x_dimensions = [30, 9, 4, 4, 4, 3, 3, 3, 16, 14, 3, 11, 10, 3, 8, 3, 6, 5, 4, 3]
y_dimensions = [11, 4, 8, 6, 4, 4, 25, 19, 3, 3, 13, 3, 3, 9, 3, 7, 3, 3, 3, 3]
minimum_height = 175
----------
x_coordinates = [9, 3, 26, 11, 7, 6, 1, 13, 14, 15, 17, 19, 0, 16, 19, 16, 1, 21, 16, 6]
y_coordinates = [86, 162, 150, 170, 169, 83, 148, 151, 145, 142, 170, 167, 161, 151, 164, 163, 171, 157, 160, 159]
x_dimensions = [11, 4, 4, 6, 4, 3, 25, 3, 16, 14, 13, 11, 3, 3, 8, 3, 6, 5, 4, 3]
y_dimensions = [30, 9, 8, 4, 4, 4, 3, 19, 3, 3, 3, 3, 10, 9, 3, 7, 3, 3, 3, 3]
minimum_height = 174
----------
x_coordinates = [12, 20, 26, 17, 9, 27, 7, 13, 11, 16, 17, 2, 10, 19, 20, 17, 27, 21, 3, 10]
y_coordinates = [85, 166, 155, 156, 141, 84, 145, 154, 149, 152, 163, 170, 157, 140, 170, 166, 144, 160, 154, 167]
x_dimensions = [11, 9, 4, 4, 4, 3, 3, 3, 16, 14, 13, 11, 3, 3, 8, 3, 3, 5, 4, 3]
y_dimensions = [30, 4, 8, 6, 4, 4, 25, 19, 3, 3, 3, 3, 10, 9, 3, 7, 6, 3, 3, 3]
minimum_height = 173
----------
x_coordinates = [7, 23, 9, 19, 19, 9, 16, 23, 12, 26, 0, 19, 27, 25, 12, 13, 12, 25, 25, 19]
y_coordinates = [50, 141, 160, 163, 149, 147, 147, 150, 126, 155, 168, 169, 145, 129, 140, 165, 149, 1, 138, 153]
x_dimensions = [11, 4, 4, 4, 4, 3, 3, 3, 16, 3, 13, 11, 3, 3, 8, 3, 3, 5, 4, 3]
y_dimensions = [30, 9, 8, 6, 4, 4, 25, 19, 3, 14, 3, 3, 10, 9, 3, 7, 6, 3, 3, 3]
minimum_height = 172
----------
x_coordinates = [14, 16, 12, 7, 20, 11, 26, 27, 12, 13, 0, 26, 19, 21, 12, 24, 24, 25, 26, 18]
y_coordinates = [72, 150, 106, 164, 151, 83, 107, 152, 143, 167, 168, 132, 146, 158, 131, 160, 154, 104, 149, 159]
x_dimensions = [11, 4, 4, 6, 4, 3, 3, 3, 16, 14, 13, 3, 10, 3, 8, 3, 3, 5, 4, 3]
y_dimensions = [30, 9, 8, 4, 4, 4, 25, 19, 3, 3, 3, 11, 3, 9, 3, 7, 6, 3, 3, 3]
minimum_height = 171
----------
x_coordinates = [0, 12, 2, 19, 2, 27, 9, 23, 12, 16, 0, 20, 27, 6, 6, 27, 13, 25, 26, 3]
y_coordinates = [83, 152, 152, 164, 160, 13, 142, 151, 147, 156, 167, 153, 153, 150, 159, 163, 162, 144, 150, 164]
x_dimensions = [30, 4, 4, 4, 4, 3, 3, 3, 16, 3, 13, 3, 3, 3, 3, 3, 3, 5, 4, 3]
y_dimensions = [11, 9, 8, 6, 4, 4, 25, 19, 3, 14, 3, 11, 10, 9, 8, 7, 6, 3, 3, 3]
minimum_height = 170
----------
x_coordinates = [6, 21, 23, 18, 26, 27, 20, 26, 14, 15, 17, 23, 24, 27, 27, 11, 26, 15, 27, 26]
y_coordinates = [60, 155, 135, 165, 144, 86, 130, 110, 90, 152, 83, 143, 159, 160, 136, 166, 129, 133, 151, 148]
x_dimensions = [11, 9, 4, 6, 4, 3, 3, 3, 16, 3, 13, 3, 3, 3, 3, 7, 3, 5, 3, 3]
y_dimensions = [30, 4, 8, 4, 4, 4, 25, 19, 3, 14, 3, 11, 10, 9, 8, 3, 6, 3, 4, 3]
minimum_height = 169
----------
x_coordinates = [10, 21, 25, 18, 23, 27, 27, 26, 14, 14, 17, 25, 24, 23, 22, 11, 16, 20, 21, 26]
y_coordinates = [55, 136, 128, 160, 161, 83, 140, 92, 89, 104, 114, 117, 151, 105, 165, 164, 135, 133, 102, 111]
x_dimensions = [11, 9, 4, 4, 4, 3, 3, 3, 16, 3, 13, 3, 3, 3, 8, 7, 3, 5, 4, 3]
y_dimensions = [30, 4, 8, 6, 4, 4, 25, 19, 3, 14, 3, 11, 10, 9, 3, 3, 6, 3, 3, 3]
minimum_height = 168
----------
x_coordinates = [9, 18, 26, 17, 23, 27, 24, 27, 8, 26, 13, 25, 27, 10, 18, 6, 4, 21, 27, 7]
y_coordinates = [81, 138, 126, 132, 134, 86, 142, 148, 161, 112, 125, 101, 134, 127, 128, 164, 129, 131, 144, 127]
x_dimensions = [11, 9, 4, 4, 4, 3, 3, 3, 16, 3, 13, 3, 3, 3, 8, 7, 3, 5, 3, 3]
y_dimensions = [30, 4, 8, 6, 4, 4, 25, 19, 3, 14, 3, 11, 10, 9, 3, 3, 6, 3, 4, 3]
minimum_height = 167
----------
x_coordinates = [0, 18, 9, 23, 23, 27, 21, 27, 9, 27, 13, 25, 27, 26, 24, 25, 24, 13, 19, 24]
y_coordinates = [58, 137, 142, 114, 133, 83, 141, 147, 98, 110, 123, 99, 133, 124, 149, 92, 142, 140, 132, 120]
x_dimensions = [30, 9, 4, 4, 4, 3, 3, 3, 16, 3, 13, 3, 3, 3, 3, 3, 3, 5, 4, 3]
y_dimensions = [11, 4, 8, 6, 4, 4, 25, 19, 3, 14, 3, 11, 10, 9, 8, 7, 6, 3, 3, 3]
minimum_height = 166
----------
x_coordinates = [0, 17, 13, 22, 23, 27, 2, 26, 14, 19, 13, 21, 27, 16, 19, 25, 23, 7, 9, 25]
y_coordinates = [63, 144, 147, 138, 158, 83, 155, 135, 116, 130, 134, 119, 154, 134, 162, 125, 149, 147, 142, 132]
x_dimensions = [30, 9, 4, 4, 4, 3, 25, 3, 16, 3, 3, 3, 3, 3, 8, 3, 3, 5, 4, 3]
y_dimensions = [11, 4, 8, 6, 4, 4, 3, 19, 3, 14, 13, 11, 10, 9, 3, 7, 6, 3, 3, 3]
minimum_height = 165
----------
x_coordinates = [0, 17, 16, 22, 23, 27, 2, 26, 9, 20, 17, 25, 27, 20, 25, 25, 25, 25, 19, 23]
y_coordinates = [65, 153, 126, 147, 160, 91, 157, 135, 106, 123, 136, 113, 154, 138, 127, 100, 107, 124, 103, 136]
x_dimensions = [30, 9, 4, 4, 4, 3, 25, 3, 16, 3, 3, 3, 3, 3, 3, 3, 3, 5, 4, 3]
y_dimensions = [11, 4, 8, 6, 4, 4, 3, 19, 3, 14, 13, 11, 10, 9, 8, 7, 6, 3, 3, 3]
minimum_height = 164
----------
x_coordinates = [0, 18, 9, 24, 23, 27, 5, 2, 12, 15, 25, 22, 27, 27, 18, 25, 24, 13, 27, 26]
y_coordinates = [80, 142, 138, 107, 155, 98, 146, 144, 121, 149, 124, 131, 150, 137, 159, 114, 149, 143, 75, 160]
x_dimensions = [30, 9, 4, 4, 4, 3, 25, 3, 16, 3, 3, 3, 3, 3, 8, 3, 3, 5, 3, 3]
y_dimensions = [11, 4, 8, 6, 4, 4, 3, 19, 3, 14, 13, 11, 10, 9, 3, 7, 6, 3, 4, 3]
minimum_height = 163
----------
x_coordinates = [0, 18, 26, 24, 26, 27, 2, 17, 19, 14, 20, 22, 27, 26, 10, 25, 23, 9, 13, 25]
y_coordinates = [71, 158, 128, 122, 136, 83, 155, 135, 119, 127, 140, 129, 152, 143, 159, 115, 149, 135, 151, 140]
x_dimensions = [30, 9, 4, 4, 4, 3, 25, 3, 3, 3, 3, 3, 3, 3, 8, 3, 3, 5, 4, 3]
y_dimensions = [11, 4, 8, 6, 4, 4, 3, 19, 16, 14, 13, 11, 10, 9, 3, 7, 6, 3, 3, 3]
minimum_height = 162
----------
x_coordinates = [14, 17, 4, 23, 26, 5, 5, 0, 27, 6, 21, 24, 3, 2, 13, 24, 27, 4, 9, 26]
y_coordinates = [76, 154, 134, 130, 151, 83, 158, 133, 126, 144, 141, 137, 142, 152, 150, 123, 142, 131, 150, 148]
x_dimensions = [11, 9, 4, 4, 4, 3, 25, 3, 3, 3, 3, 3, 3, 3, 8, 3, 3, 5, 4, 3]
y_dimensions = [30, 4, 8, 6, 4, 4, 3, 19, 16, 14, 13, 11, 10, 9, 3, 7, 6, 3, 3, 3]
minimum_height = 161
----------
x_coordinates = [10, 16, 26, 20, 24, 20, 1, 11, 20, 25, 23, 25, 14, 17, 27, 8, 8, 6, 13, 20]
y_coordinates = [60, 125, 152, 129, 129, 56, 157, 135, 135, 115, 144, 133, 143, 148, 144, 132, 146, 152, 154, 151]
x_dimensions = [11, 9, 4, 4, 4, 3, 25, 3, 3, 3, 3, 3, 3, 3, 3, 3, 3, 5, 4, 3]
y_dimensions = [30, 4, 8, 6, 4, 4, 3, 19, 16, 14, 13, 11, 10, 9, 8, 7, 6, 3, 3, 3]
minimum_height = 160
----------
x_coordinates = [9, 21, 22, 25, 25, 6, 5, 19, 7, 16, 2, 26, 13, 23, 27, 12, 10, 11, 20, 24]
y_coordinates = [72, 128, 136, 122, 132, 96, 156, 133, 133, 142, 146, 137, 143, 144, 148, 127, 147, 153, 153, 153]
x_dimensions = [11, 9, 4, 4, 4, 3, 25, 3, 3, 3, 3, 3, 3, 3, 3, 3, 3, 5, 4, 3]
y_dimensions = [30, 4, 8, 6, 4, 4, 3, 19, 16, 14, 13, 11, 10, 9, 8, 7, 6, 3, 3, 3]
minimum_height = 159
----------
x_coordinates = [0, 19, 19, 4, 3, 27, 16, 14, 1, 17, 8, 27, 20, 21, 18, 7, 11, 12, 26, 24]
y_coordinates = [72, 130, 137, 146, 134, 83, 110, 135, 140, 141, 145, 136, 152, 149, 155, 134, 146, 154, 155, 134]
x_dimensions = [30, 9, 8, 4, 4, 3, 3, 3, 3, 3, 3, 3, 10, 9, 8, 3, 3, 5, 4, 3]
y_dimensions = [11, 4, 4, 6, 4, 4, 25, 19, 16, 14, 13, 11, 3, 3, 3, 7, 6, 3, 3, 3]
minimum_height = 158
----------
x_coordinates = [0, 21, 22, 24, 9, 27, 6, 20, 9, 27, 11, 3, 17, 24, 1, 17, 13, 12, 23, 3]
y_coordinates = [69, 131, 127, 138, 137, 111, 128, 135, 141, 143, 124, 139, 154, 145, 153, 140, 137, 153, 142, 150]
x_dimensions = [30, 9, 8, 6, 4, 3, 3, 3, 3, 3, 3, 3, 10, 3, 8, 3, 6, 5, 4, 3]
y_dimensions = [11, 4, 4, 4, 4, 4, 25, 19, 16, 14, 13, 11, 3, 9, 3, 7, 3, 3, 3, 3]
minimum_height = 157
----------
x_coordinates = [14, 21, 22, 14, 18, 19, 8, 20, 17, 27, 16, 11, 17, 24, 4, 13, 12, 12, 23, 7]
y_coordinates = [44, 130, 118, 148, 115, 83, 118, 134, 119, 142, 135, 141, 153, 144, 152, 134, 116, 152, 140, 149]
x_dimensions = [11, 9, 8, 6, 4, 3, 3, 3, 3, 3, 3, 3, 10, 3, 8, 3, 6, 5, 4, 3]
y_dimensions = [30, 4, 4, 4, 4, 4, 25, 19, 16, 14, 13, 11, 3, 9, 3, 7, 3, 3, 3, 3]
minimum_height = 156
----------
x_coordinates = [0, 20, 22, 15, 17, 27, 17, 21, 11, 27, 20, 18, 23, 24, 16, 15, 14, 18, 25, 20]
y_coordinates = [5, 107, 103, 151, 136, 92, 96, 136, 127, 126, 111, 140, 117, 132, 133, 140, 121, 124, 150, 130]
x_dimensions = [30, 9, 8, 6, 4, 3, 3, 3, 16, 3, 3, 3, 3, 3, 8, 3, 6, 5, 4, 3]
y_dimensions = [11, 4, 4, 4, 4, 4, 25, 19, 3, 14, 13, 11, 10, 9, 3, 7, 3, 3, 3, 3]
minimum_height = 155
----------
x_coordinates = [0, 20, 20, 15, 14, 27, 9, 21, 12, 18, 20, 1, 26, 27, 19, 18, 13, 4, 26, 24]
y_coordinates = [71, 114, 110, 136, 150, 83, 128, 135, 134, 140, 119, 139, 144, 132, 132, 102, 131, 143, 141, 138]
x_dimensions = [30, 9, 8, 6, 4, 3, 3, 3, 3, 3, 3, 3, 3, 3, 8, 3, 6, 5, 4, 3]
y_dimensions = [11, 4, 4, 4, 4, 4, 25, 19, 16, 14, 13, 11, 10, 9, 3, 7, 3, 3, 3, 3]
minimum_height = 154
----------
x_coordinates = [14, 20, 19, 22, 21, 19, 21, 27, 22, 19, 24, 16, 27, 26, 22, 20, 15, 22, 27, 26]
y_coordinates = [51, 81, 130, 96, 92, 98, 105, 119, 134, 137, 113, 142, 104, 138, 150, 85, 125, 102, 100, 147]
x_dimensions = [11, 9, 8, 6, 4, 3, 3, 3, 3, 3, 3, 3, 3, 3, 8, 3, 6, 5, 3, 3]
y_dimensions = [30, 4, 4, 4, 4, 4, 25, 19, 16, 14, 13, 11, 10, 9, 3, 7, 3, 3, 4, 3]
minimum_height = 153
----------
x_coordinates = [12, 21, 21, 24, 23, 21, 10, 24, 16, 19, 21, 13, 27, 27, 22, 15, 13, 19, 27, 24]
y_coordinates = [53, 112, 108, 119, 142, 83, 127, 123, 136, 138, 116, 139, 130, 140, 149, 121, 128, 129, 126, 146]
x_dimensions = [11, 9, 8, 6, 4, 3, 3, 3, 3, 3, 3, 3, 3, 3, 8, 3, 6, 5, 3, 3]
y_dimensions = [30, 4, 4, 4, 4, 4, 25, 19, 16, 14, 13, 11, 10, 9, 3, 7, 3, 3, 4, 3]
minimum_height = 152
----------
x_coordinates = [0, 20, 16, 22, 23, 27, 21, 27, 16, 20, 24, 13, 27, 23, 26, 20, 15, 19, 27, 26]
y_coordinates = [30, 88, 128, 99, 135, 23, 103, 121, 134, 137, 120, 138, 111, 139, 143, 92, 125, 132, 95, 140]
x_dimensions = [30, 9, 8, 6, 4, 3, 3, 3, 3, 3, 3, 3, 3, 3, 3, 3, 6, 5, 3, 3]
y_dimensions = [11, 4, 4, 4, 4, 4, 25, 19, 16, 14, 13, 11, 10, 9, 8, 7, 3, 3, 4, 3]
minimum_height = 151
----------
x_coordinates = [0, 19, 2, 23, 20, 27, 21, 24, 11, 27, 24, 17, 27, 0, 3, 10, 12, 19, 27, 9]
y_coordinates = [43, 94, 137, 98, 143, 83, 102, 128, 147, 136, 115, 136, 126, 141, 146, 101, 126, 127, 122, 143]
x_dimensions = [30, 9, 8, 6, 4, 3, 3, 3, 16, 3, 3, 3, 3, 3, 8, 3, 6, 5, 3, 3]
y_dimensions = [11, 4, 4, 4, 4, 4, 25, 19, 3, 14, 13, 11, 10, 9, 3, 7, 3, 3, 4, 3]
minimum_height = 150
----------
x_coordinates = [14, 19, 10, 22, 23, 10, 21, 25, 11, 27, 27, 17, 25, 8, 23, 16, 24, 22, 27, 20]
y_coordinates = [67, 102, 97, 98, 142, 83, 106, 79, 146, 135, 122, 135, 112, 140, 134, 101, 125, 131, 107, 141]
x_dimensions = [11, 9, 8, 6, 4, 3, 3, 3, 16, 3, 3, 3, 3, 3, 3, 3, 3, 5, 3, 3]
y_dimensions = [30, 4, 4, 4, 4, 4, 25, 19, 3, 14, 13, 11, 10, 9, 8, 7, 6, 3, 4, 3]
minimum_height = 149
----------
x_coordinates = [14, 18, 18, 24, 26, 27, 22, 27, 15, 24, 12, 17, 19, 9, 27, 20, 26, 25, 27, 26]
y_coordinates = [57, 130, 112, 95, 99, 86, 105, 119, 118, 134, 129, 137, 120, 133, 140, 98, 103, 116, 112, 109]
x_dimensions = [11, 9, 4, 6, 4, 3, 3, 3, 3, 3, 3, 3, 3, 3, 3, 3, 3, 5, 3, 3]
y_dimensions = [30, 4, 8, 4, 4, 4, 25, 19, 16, 14, 13, 11, 10, 9, 8, 7, 6, 3, 4, 3]
minimum_height = 148
----------
x_coordinates = [13, 26, 19, 22, 21, 22, 24, 27, 20, 23, 14, 11, 27, 17, 25, 19, 27, 25, 27, 19]
y_coordinates = [50, 138, 118, 88, 99, 83, 108, 119, 131, 133, 132, 136, 109, 138, 92, 87, 103, 100, 84, 108]
x_dimensions = [11, 4, 4, 6, 4, 3, 3, 3, 3, 3, 3, 3, 3, 3, 3, 3, 3, 5, 3, 3]
y_dimensions = [30, 9, 8, 4, 4, 4, 25, 19, 16, 14, 13, 11, 10, 9, 8, 7, 6, 3, 4, 3]
minimum_height = 147
----------
x_coordinates = [13, 26, 13, 22, 20, 27, 24, 17, 20, 23, 14, 8, 27, 11, 27, 19, 27, 9, 27, 27]
y_coordinates = [69, 134, 119, 102, 125, 83, 106, 126, 129, 132, 127, 135, 110, 137, 120, 105, 128, 127, 97, 143]
x_dimensions = [11, 4, 4, 6, 4, 3, 3, 3, 3, 3, 3, 3, 3, 3, 3, 3, 3, 5, 3, 3]
y_dimensions = [30, 9, 8, 4, 4, 4, 25, 19, 16, 14, 13, 11, 10, 9, 8, 7, 6, 3, 4, 3]
minimum_height = 146
----------
x_coordinates = [0, 26, 9, 23, 20, 21, 24, 13, 19, 23, 16, 27, 27, 10, 24, 25, 27, 15, 12, 26]
y_coordinates = [57, 133, 128, 94, 105, 85, 106, 126, 129, 131, 130, 112, 123, 136, 98, 85, 105, 105, 82, 142]
x_dimensions = [30, 4, 4, 6, 4, 3, 3, 3, 3, 3, 3, 3, 3, 3, 3, 3, 3, 5, 3, 3]
y_dimensions = [11, 9, 8, 4, 4, 4, 25, 19, 16, 14, 13, 11, 10, 9, 8, 7, 6, 3, 4, 3]
minimum_height = 145
----------
x_coordinates = [12, 14, 13, 24, 26, 27, 24, 27, 21, 0, 25, 27, 21, 21, 23, 15, 13, 20, 24, 27]
y_coordinates = [59, 134, 120, 107, 140, 87, 111, 121, 106, 135, 94, 71, 124, 91, 136, 106, 138, 139, 82, 118]
x_dimensions = [11, 9, 4, 6, 4, 3, 3, 3, 3, 14, 3, 3, 3, 9, 3, 3, 3, 3, 4, 3]
y_dimensions = [30, 4, 8, 4, 4, 4, 25, 19, 16, 3, 13, 11, 10, 3, 8, 7, 6, 5, 3, 3]
minimum_height = 144
----------
x_coordinates = [11, 17, 26, 23, 10, 18, 21, 7, 27, 0, 9, 27, 24, 11, 14, 13, 21, 4, 13, 26]
y_coordinates = [19, 134, 119, 101, 136, 115, 113, 121, 127, 140, 104, 105, 127, 131, 135, 99, 138, 135, 115, 116]
x_dimensions = [11, 4, 4, 6, 4, 3, 3, 3, 3, 14, 3, 3, 3, 9, 3, 3, 6, 3, 4, 3]
y_dimensions = [30, 9, 8, 4, 4, 4, 25, 19, 16, 3, 13, 11, 10, 3, 8, 7, 3, 5, 3, 3]
minimum_height = 143
----------
x_coordinates = [0, 19, 20, 22, 20, 20, 23, 14, 18, 0, 27, 27, 23, 21, 25, 25, 24, 17, 21, 25]
y_coordinates = [54, 111, 82, 72, 138, 104, 90, 122, 121, 138, 126, 76, 128, 123, 115, 65, 139, 137, 120, 87]
x_dimensions = [30, 4, 4, 6, 4, 3, 3, 3, 3, 14, 3, 3, 3, 9, 3, 3, 6, 3, 4, 3]
y_dimensions = [11, 9, 8, 4, 4, 4, 25, 19, 16, 3, 13, 11, 10, 3, 8, 7, 3, 5, 3, 3]
minimum_height = 142
----------
x_coordinates = [13, 23, 26, 22, 20, 11, 26, 14, 17, 0, 20, 27, 25, 21, 27, 23, 24, 17, 26, 26]
y_coordinates = [58, 123, 73, 116, 137, 134, 91, 122, 120, 138, 124, 62, 81, 120, 124, 100, 138, 136, 132, 135]
x_dimensions = [11, 4, 4, 6, 4, 3, 3, 3, 3, 14, 3, 3, 3, 9, 3, 3, 6, 3, 4, 3]
y_dimensions = [30, 9, 8, 4, 4, 4, 25, 19, 16, 3, 13, 11, 10, 3, 8, 7, 3, 5, 3, 3]
minimum_height = 141
----------
x_coordinates = [0, 6, 12, 24, 26, 20, 26, 0, 3, 13, 23, 27, 10, 27, 9, 25, 24, 24, 5, 26]
y_coordinates = [56, 130, 122, 81, 124, 122, 99, 121, 124, 137, 119, 85, 130, 131, 122, 74, 96, 132, 120, 128]
x_dimensions = [30, 4, 4, 6, 4, 3, 3, 3, 3, 14, 3, 3, 3, 3, 3, 3, 6, 3, 4, 3]
y_dimensions = [11, 9, 8, 4, 4, 4, 25, 19, 16, 3, 13, 11, 10, 9, 8, 7, 3, 5, 3, 3]
minimum_height = 140
----------
x_coordinates = [14, 21, 22, 24, 26, 17, 14, 26, 27, 13, 25, 27, 20, 21, 19, 21, 24, 26, 23, 27]
y_coordinates = [16, 73, 119, 62, 69, 135, 114, 101, 120, 95, 82, 51, 136, 98, 130, 65, 66, 77, 133, 95]
x_dimensions = [11, 9, 4, 6, 4, 3, 3, 3, 3, 14, 3, 3, 10, 9, 8, 3, 6, 3, 4, 3]
y_dimensions = [30, 4, 8, 4, 4, 4, 25, 19, 16, 3, 13, 11, 3, 3, 3, 7, 3, 5, 3, 3]
minimum_height = 139
----------
x_coordinates = [0, 21, 26, 22, 19, 26, 16, 23, 20, 16, 22, 27, 27, 21, 25, 25, 22, 24, 18, 25]
y_coordinates = [21, 89, 117, 63, 116, 135, 111, 119, 122, 106, 93, 67, 125, 109, 81, 56, 78, 112, 86, 103]
x_dimensions = [30, 9, 4, 6, 4, 4, 3, 3, 3, 14, 3, 3, 3, 9, 3, 3, 6, 3, 4, 3]
y_dimensions = [11, 4, 8, 4, 4, 3, 25, 19, 16, 3, 13, 11, 10, 3, 8, 7, 3, 5, 3, 3]
minimum_height = 138
----------
x_coordinates = [7, 17, 4, 22, 10, 13, 27, 11, 8, 16, 26, 27, 13, 1, 5, 13, 22, 24, 1, 25]
y_coordinates = [43, 102, 127, 82, 117, 126, 103, 131, 121, 128, 90, 71, 134, 124, 119, 85, 87, 120, 121, 134]
x_dimensions = [11, 9, 4, 6, 4, 3, 3, 19, 3, 14, 3, 3, 10, 3, 3, 3, 6, 3, 4, 3]
y_dimensions = [30, 4, 8, 4, 4, 4, 25, 3, 16, 3, 13, 11, 3, 9, 8, 7, 3, 5, 3, 3]
minimum_height = 137
----------
x_coordinates = [0, 18, 22, 24, 26, 24, 11, 8, 14, 16, 27, 27, 27, 7, 7, 26, 24, 26, 4, 26]
y_coordinates = [18, 103, 118, 83, 122, 128, 106, 133, 110, 107, 94, 65, 126, 109, 121, 76, 87, 113, 131, 91]
x_dimensions = [30, 9, 8, 6, 4, 3, 3, 19, 16, 14, 3, 3, 3, 3, 3, 3, 6, 3, 4, 3]
y_dimensions = [11, 4, 4, 4, 4, 4, 25, 3, 3, 3, 13, 11, 10, 9, 8, 7, 3, 5, 3, 3]
minimum_height = 136
----------
x_coordinates = [9, 17, 26, 24, 25, 10, 4, 25, 11, 11, 7, 27, 16, 1, 13, 19, 24, 27, 9, 25]
y_coordinates = [11, 131, 127, 89, 118, 126, 110, 99, 123, 117, 119, 78, 128, 119, 126, 92, 93, 122, 132, 96]
x_dimensions = [11, 9, 4, 6, 4, 3, 3, 3, 16, 14, 3, 3, 10, 3, 3, 3, 6, 3, 4, 3]
y_dimensions = [30, 4, 8, 4, 4, 4, 25, 19, 3, 3, 13, 11, 3, 9, 8, 7, 3, 5, 3, 3]
minimum_height = 135
----------
x_coordinates = [14, 21, 0, 22, 16, 0, 3, 7, 14, 15, 20, 27, 6, 8, 15, 22, 24, 25, 17, 27]
y_coordinates = [3, 130, 129, 102, 127, 125, 104, 111, 114, 97, 117, 91, 126, 131, 118, 92, 107, 125, 131, 110]
x_dimensions = [11, 9, 8, 6, 4, 3, 3, 19, 16, 3, 3, 3, 10, 9, 3, 3, 6, 3, 4, 3]
y_dimensions = [30, 4, 4, 4, 4, 4, 25, 3, 3, 14, 13, 11, 3, 3, 8, 7, 3, 5, 3, 3]
minimum_height = 134
----------
x_coordinates = [7, 21, 8, 22, 19, 5, 5, 2, 11, 16, 23, 27, 6, 7, 27, 17, 22, 26, 26, 26]
y_coordinates = [16, 109, 129, 88, 128, 129, 113, 110, 116, 119, 120, 92, 126, 123, 117, 91, 106, 125, 130, 103]
x_dimensions = [11, 9, 8, 6, 4, 3, 25, 19, 16, 3, 3, 3, 10, 9, 3, 3, 6, 3, 4, 3]
y_dimensions = [30, 4, 4, 4, 4, 4, 3, 3, 3, 14, 13, 11, 3, 3, 8, 7, 3, 5, 3, 3]
minimum_height = 133
----------
x_coordinates = [0, 21, 2, 22, 25, 9, 17, 2, 4, 20, 23, 27, 10, 11, 27, 25, 22, 7, 26, 27]
y_coordinates = [4, 94, 128, 73, 115, 116, 95, 92, 120, 118, 119, 77, 127, 124, 119, 66, 88, 123, 129, 91]
x_dimensions = [30, 9, 8, 6, 4, 3, 3, 19, 16, 3, 3, 3, 10, 9, 3, 3, 6, 3, 4, 3]
y_dimensions = [11, 4, 4, 4, 4, 4, 25, 3, 3, 14, 13, 11, 3, 3, 8, 7, 3, 5, 3, 3]
minimum_height = 132
----------
x_coordinates = [12, 20, 13, 23, 22, 11, 25, 1, 8, 26, 24, 27, 14, 17, 27, 20, 23, 27, 26, 25]
y_coordinates = [63, 97, 123, 51, 114, 127, 72, 100, 120, 101, 118, 55, 128, 111, 118, 53, 66, 126, 115, 69]
x_dimensions = [11, 9, 8, 6, 4, 3, 3, 19, 16, 3, 3, 3, 10, 9, 3, 3, 6, 3, 4, 3]
y_dimensions = [30, 4, 4, 4, 4, 4, 25, 3, 3, 14, 13, 11, 3, 3, 8, 7, 3, 5, 3, 3]
minimum_height = 131
----------
x_coordinates = [0, 20, 13, 22, 19, 10, 11, 1, 8, 23, 24, 27, 12, 14, 27, 25, 22, 21, 26, 25]
y_coordinates = [16, 93, 123, 83, 115, 123, 94, 91, 119, 103, 117, 65, 127, 112, 121, 76, 87, 122, 114, 90]
x_dimensions = [30, 9, 8, 6, 4, 3, 3, 19, 16, 3, 3, 3, 10, 9, 3, 3, 6, 3, 4, 3]
y_dimensions = [11, 4, 4, 4, 4, 4, 25, 3, 3, 14, 13, 11, 3, 3, 8, 7, 3, 5, 3, 3]
minimum_height = 130
----------
x_coordinates = [13, 21, 6, 22, 19, 12, 22, 2, 8, 23, 24, 27, 14, 14, 27, 19, 22, 3, 26, 27]
y_coordinates = [25, 98, 125, 55, 115, 97, 73, 101, 122, 102, 116, 59, 126, 112, 121, 58, 70, 124, 113, 103]
x_dimensions = [11, 9, 8, 6, 4, 3, 3, 19, 16, 3, 3, 3, 10, 9, 3, 3, 6, 3, 4, 3]
y_dimensions = [30, 4, 4, 4, 4, 4, 25, 3, 3, 14, 13, 11, 3, 3, 8, 7, 3, 5, 3, 3]
minimum_height = 129
----------
x_coordinates = [0, 20, 13, 22, 19, 20, 22, 1, 5, 23, 24, 27, 14, 14, 27, 25, 22, 21, 26, 27]
y_coordinates = [18, 97, 124, 65, 114, 107, 72, 100, 121, 101, 115, 86, 118, 111, 120, 57, 69, 123, 112, 117]
x_dimensions = [30, 9, 8, 6, 4, 3, 3, 19, 16, 3, 3, 3, 10, 9, 3, 3, 6, 3, 4, 3]
y_dimensions = [11, 4, 4, 4, 4, 4, 25, 3, 3, 14, 13, 11, 3, 3, 8, 7, 3, 5, 3, 3]
minimum_height = 128
----------
x_coordinates = [13, 20, 9, 23, 17, 6, 3, 1, 14, 21, 27, 27, 4, 12, 0, 19, 24, 24, 23, 26]
y_coordinates = [34, 97, 123, 93, 123, 123, 102, 96, 101, 110, 114, 82, 99, 120, 119, 89, 108, 119, 124, 111]
x_dimensions = [11, 9, 8, 6, 4, 3, 3, 19, 16, 3, 3, 3, 10, 9, 3, 3, 6, 3, 4, 3]
y_dimensions = [30, 4, 4, 4, 4, 4, 25, 3, 3, 14, 13, 11, 3, 3, 8, 7, 3, 5, 3, 3]
minimum_height = 127
----------
x_coordinates = [6, 21, 19, 23, 7, 1, 4, 2, 11, 24, 27, 27, 14, 15, 16, 10, 23, 26, 0, 27]
y_coordinates = [50, 96, 105, 78, 122, 108, 101, 98, 123, 109, 111, 82, 120, 117, 104, 81, 93, 100, 123, 108]
x_dimensions = [11, 9, 8, 6, 4, 3, 3, 19, 16, 3, 3, 3, 10, 9, 3, 3, 6, 3, 4, 3]
y_dimensions = [30, 4, 4, 4, 4, 4, 25, 3, 3, 14, 13, 11, 3, 3, 8, 7, 3, 5, 3, 3]
minimum_height = 126
----------
x_coordinates = [14, 21, 9, 8, 20, 7, 4, 2, 11, 27, 24, 27, 10, 15, 12, 11, 23, 26, 26, 26]
y_coordinates = [61, 97, 100, 90, 118, 119, 100, 96, 122, 111, 109, 80, 119, 112, 105, 83, 91, 101, 106, 94]
x_dimensions = [11, 9, 8, 6, 4, 3, 3, 19, 16, 3, 3, 3, 10, 9, 3, 3, 6, 3, 4, 3]
y_dimensions = [30, 4, 4, 4, 4, 4, 25, 3, 3, 14, 13, 11, 3, 3, 8, 7, 3, 5, 3, 3]
minimum_height = 125
----------
x_coordinates = [3, 21, 20, 24, 14, 24, 21, 2, 18, 4, 26, 27, 8, 1, 27, 14, 17, 17, 27, 27]
y_coordinates = [61, 56, 95, 90, 114, 119, 99, 58, 108, 118, 99, 45, 121, 115, 112, 90, 90, 98, 120, 60]
x_dimensions = [11, 9, 8, 6, 4, 3, 3, 19, 3, 14, 3, 3, 10, 3, 3, 3, 6, 3, 3, 3]
y_dimensions = [30, 4, 4, 4, 4, 4, 25, 3, 16, 3, 13, 11, 3, 9, 8, 7, 3, 5, 4, 3]
minimum_height = 124
----------
x_coordinates = [13, 21, 19, 24, 10, 24, 14, 0, 13, 0, 27, 27, 17, 18, 27, 10, 13, 26, 27, 26]
y_coordinates = [60, 93, 97, 89, 114, 109, 98, 95, 57, 118, 98, 38, 120, 117, 111, 88, 92, 52, 119, 49]
x_dimensions = [11, 9, 8, 6, 4, 3, 3, 19, 16, 14, 3, 3, 10, 9, 3, 3, 6, 3, 3, 3]
y_dimensions = [30, 4, 4, 4, 4, 4, 25, 3, 3, 3, 13, 11, 3, 3, 8, 7, 3, 5, 4, 3]
minimum_height = 123
----------
x_coordinates = [13, 20, 26, 1, 6, 27, 3, 17, 24, 10, 27, 27, 14, 6, 27, 24, 7, 27, 27, 26]
y_coordinates = [60, 100, 76, 89, 118, 101, 97, 97, 104, 116, 88, 65, 119, 109, 110, 87, 89, 105, 118, 84]
x_dimensions = [11, 4, 4, 6, 4, 3, 3, 3, 3, 14, 3, 3, 10, 3, 3, 3, 6, 3, 3, 3]
y_dimensions = [30, 9, 8, 4, 4, 4, 25, 19, 16, 3, 13, 11, 3, 9, 8, 7, 3, 5, 4, 3]
minimum_height = 122
----------
x_coordinates = [13, 12, 25, 24, 9, 20, 4, 25, 17, 13, 26, 27, 7, 6, 27, 10, 24, 23, 27, 26]
y_coordinates = [59, 101, 61, 88, 115, 107, 95, 69, 100, 116, 96, 47, 110, 56, 109, 87, 93, 108, 117, 58]
x_dimensions = [11, 4, 4, 6, 4, 3, 3, 3, 3, 14, 3, 3, 10, 9, 3, 3, 6, 3, 3, 3]
y_dimensions = [30, 9, 8, 4, 4, 4, 25, 19, 16, 3, 13, 11, 3, 3, 8, 7, 3, 5, 4, 3]
minimum_height = 121
----------
x_coordinates = [13, 11, 26, 24, 7, 15, 21, 10, 18, 24, 24, 27, 8, 17, 27, 10, 4, 17, 27, 27]
y_coordinates = [59, 111, 80, 88, 114, 111, 95, 69, 99, 93, 107, 92, 108, 56, 106, 88, 88, 115, 116, 103]
x_dimensions = [11, 4, 4, 6, 4, 3, 3, 3, 3, 3, 3, 3, 10, 9, 3, 3, 6, 3, 3, 3]
y_dimensions = [30, 9, 8, 4, 4, 4, 25, 19, 16, 14, 13, 11, 3, 3, 8, 7, 3, 5, 4, 3]
minimum_height = 120
----------
x_coordinates = [13, 20, 12, 24, 26, 4, 2, 9, 24, 13, 27, 27, 14, 15, 10, 24, 12, 6, 7, 27]
y_coordinates = [58, 98, 103, 82, 93, 112, 116, 87, 97, 113, 106, 71, 110, 107, 108, 86, 92, 106, 112, 90]
x_dimensions = [11, 4, 8, 6, 4, 3, 25, 3, 3, 14, 3, 3, 10, 9, 3, 3, 6, 3, 3, 3]
y_dimensions = [30, 9, 4, 4, 4, 4, 3, 19, 16, 3, 13, 11, 3, 3, 8, 7, 3, 5, 4, 3]
minimum_height = 119
----------
x_coordinates = [13, 22, 25, 24, 3, 24, 7, 4, 14, 13, 26, 27, 10, 9, 27, 10, 17, 16, 19, 25]
y_coordinates = [58, 99, 86, 82, 114, 108, 93, 87, 115, 112, 94, 46, 108, 55, 107, 87, 92, 106, 105, 57]
x_dimensions = [11, 4, 4, 6, 4, 3, 3, 3, 16, 14, 3, 3, 3, 9, 3, 3, 6, 3, 3, 3]
y_dimensions = [30, 9, 8, 4, 4, 4, 25, 19, 3, 3, 13, 11, 10, 3, 8, 7, 3, 5, 4, 3]
minimum_height = 118
----------
x_coordinates = [14, 16, 19, 8, 25, 5, 11, 20, 14, 13, 26, 27, 19, 13, 2, 27, 4, 23, 8, 27]
y_coordinates = [55, 99, 85, 83, 91, 107, 88, 89, 108, 114, 95, 73, 111, 52, 107, 84, 90, 103, 107, 114]
x_dimensions = [11, 4, 8, 6, 4, 3, 3, 3, 16, 14, 3, 3, 10, 9, 3, 3, 6, 3, 3, 3]
y_dimensions = [30, 9, 4, 4, 4, 4, 25, 19, 3, 3, 13, 11, 3, 3, 8, 7, 3, 5, 4, 3]
minimum_height = 117
----------
x_coordinates = [13, 1, 22, 24, 18, 15, 11, 11, 24, 26, 27, 27, 14, 21, 8, 5, 4, 26, 5, 27]
y_coordinates = [55, 107, 109, 81, 108, 108, 87, 113, 93, 66, 96, 55, 92, 85, 108, 109, 92, 88, 105, 93]
x_dimensions = [11, 4, 8, 6, 4, 3, 3, 19, 3, 3, 3, 3, 10, 9, 3, 3, 6, 3, 3, 3]
y_dimensions = [30, 9, 4, 4, 4, 4, 25, 3, 16, 14, 13, 11, 3, 3, 8, 7, 3, 5, 4, 3]
minimum_height = 116
----------
x_coordinates = [13, 12, 22, 24, 26, 11, 13, 7, 14, 15, 4, 27, 20, 15, 9, 23, 24, 21, 13, 25]
y_coordinates = [41, 99, 97, 69, 105, 110, 74, 106, 109, 112, 100, 57, 94, 71, 98, 87, 102, 101, 103, 73]
x_dimensions = [11, 9, 8, 6, 4, 3, 3, 19, 16, 14, 3, 3, 10, 9, 3, 3, 6, 3, 4, 3]
y_dimensions = [30, 4, 4, 4, 4, 4, 25, 3, 3, 3, 13, 11, 3, 3, 8, 7, 3, 5, 3, 3]
minimum_height = 115
----------
x_coordinates = [13, 18, 22, 24, 25, 24, 15, 5, 14, 23, 2, 27, 20, 17, 9, 12, 24, 27, 12, 27]
y_coordinates = [53, 99, 98, 82, 102, 107, 83, 108, 111, 39, 101, 27, 92, 36, 100, 97, 95, 106, 104, 38]
x_dimensions = [11, 4, 8, 6, 4, 3, 3, 19, 16, 3, 3, 3, 10, 9, 3, 3, 6, 3, 3, 3]
y_dimensions = [30, 9, 4, 4, 4, 4, 25, 3, 3, 14, 13, 11, 3, 3, 8, 7, 3, 5, 4, 3]
minimum_height = 114
----------
x_coordinates = [14, 22, 24, 25, 25, 26, 20, 6, 14, 26, 11, 11, 17, 25, 27, 23, 27, 25, 25, 25]
y_coordinates = [39, 101, 88, 38, 62, 107, 72, 97, 110, 45, 100, 58, 69, 76, 99, 85, 66, 96, 72, 59]
x_dimensions = [11, 4, 4, 4, 4, 4, 3, 19, 16, 3, 3, 3, 10, 3, 3, 7, 3, 5, 3, 3]
y_dimensions = [30, 9, 8, 6, 4, 3, 25, 3, 3, 14, 13, 11, 3, 9, 8, 3, 6, 3, 4, 3]
minimum_height = 113
----------
x_coordinates = [13, 22, 23, 24, 26, 27, 27, 5, 16, 12, 19, 2, 17, 27, 24, 23, 10, 25, 26, 27]
y_coordinates = [45, 103, 78, 52, 101, 108, 58, 88, 95, 95, 97, 85, 75, 89, 90, 98, 74, 86, 105, 83]
x_dimensions = [11, 4, 4, 6, 4, 3, 3, 19, 3, 3, 3, 3, 10, 3, 3, 7, 3, 5, 4, 3]
y_dimensions = [30, 9, 8, 4, 4, 4, 25, 3, 16, 14, 13, 11, 3, 9, 8, 3, 6, 3, 3, 3]
minimum_height = 112
----------
x_coordinates = [7, 22, 3, 1, 6, 26, 13, 10, 16, 19, 6, 3, 0, 27, 25, 22, 18, 19, 26, 25]
y_coordinates = [54, 102, 83, 79, 94, 108, 84, 90, 93, 97, 98, 97, 91, 94, 86, 88, 83, 90, 105, 82]
x_dimensions = [11, 4, 4, 6, 4, 4, 3, 3, 3, 3, 3, 3, 10, 3, 3, 3, 3, 3, 4, 3]
y_dimensions = [30, 9, 8, 4, 4, 3, 25, 19, 16, 14, 13, 11, 3, 9, 8, 7, 6, 5, 3, 3]
minimum_height = 111
----------
x_coordinates = [14, 25, 10, 1, 17, 27, 13, 2, 20, 27, 13, 6, 4, 23, 26, 24, 7, 21, 25, 25]
y_coordinates = [54, 75, 83, 83, 86, 53, 29, 91, 94, 84, 97, 97, 80, 96, 98, 89, 83, 88, 106, 72]
x_dimensions = [11, 4, 4, 6, 4, 3, 3, 19, 3, 3, 3, 3, 10, 3, 3, 3, 3, 3, 3, 3]
y_dimensions = [30, 9, 8, 4, 4, 4, 25, 3, 16, 14, 13, 11, 3, 9, 8, 7, 6, 5, 4, 3]
minimum_height = 110
----------
x_coordinates = [14, 26, 10, 4, 17, 27, 13, 5, 21, 27, 11, 3, 27, 14, 27, 24, 1, 26, 26, 27]
y_coordinates = [53, 59, 82, 80, 102, 52, 28, 90, 93, 81, 96, 94, 71, 95, 95, 89, 79, 103, 48, 68]
x_dimensions = [11, 4, 4, 6, 4, 3, 3, 19, 3, 3, 3, 3, 3, 3, 3, 3, 3, 3, 3, 3]
y_dimensions = [30, 9, 8, 4, 4, 4, 25, 3, 16, 14, 13, 11, 10, 9, 8, 7, 6, 5, 4, 3]
minimum_height = 109
----------
x_coordinates = [14, 26, 10, 4, 25, 27, 13, 1, 3, 23, 20, 21, 4, 0, 27, 26, 1, 24, 27, 25]
y_coordinates = [53, 80, 82, 82, 104, 51, 28, 92, 95, 83, 84, 97, 79, 95, 96, 89, 81, 97, 76, 72]
x_dimensions = [11, 4, 4, 6, 4, 3, 3, 19, 16, 3, 3, 3, 10, 3, 3, 3, 3, 3, 3, 3]
y_dimensions = [30, 9, 8, 4, 4, 4, 25, 3, 3, 14, 13, 11, 3, 9, 8, 7, 6, 5, 4, 3]
minimum_height = 108
----------
x_coordinates = [10, 24, 15, 24, 22, 27, 12, 6, 8, 19, 24, 25, 0, 27, 25, 26, 21, 27, 24, 27]
y_coordinates = [45, 50, 91, 46, 91, 60, 79, 104, 75, 86, 63, 76, 71, 67, 99, 92, 66, 87, 59, 64]
x_dimensions = [11, 4, 4, 6, 4, 3, 3, 19, 16, 3, 3, 3, 10, 3, 3, 3, 3, 3, 3, 3]
y_dimensions = [30, 9, 8, 4, 4, 4, 25, 3, 3, 14, 13, 11, 3, 9, 8, 7, 6, 5, 4, 3]
minimum_height = 107
----------
x_coordinates = [12, 25, 13, 22, 26, 27, 16, 8, 10, 26, 26, 25, 17, 23, 18, 27, 25, 27, 25, 25]
y_coordinates = [46, 53, 90, 23, 102, 62, 21, 98, 76, 33, 66, 79, 94, 66, 101, 95, 27, 90, 50, 47]
x_dimensions = [11, 4, 4, 6, 4, 3, 3, 19, 16, 3, 3, 3, 10, 3, 8, 3, 3, 3, 4, 3]
y_dimensions = [30, 9, 8, 4, 4, 4, 25, 3, 3, 14, 13, 11, 3, 9, 3, 7, 6, 5, 3, 3]
minimum_height = 106
----------
x_coordinates = [0, 24, 10, 21, 26, 27, 13, 5, 11, 17, 27, 25, 20, 24, 18, 27, 13, 24, 26, 25]
y_coordinates = [51, 54, 89, 80, 101, 63, 49, 97, 77, 83, 67, 80, 91, 67, 100, 94, 80, 95, 50, 47]
x_dimensions = [11, 4, 4, 4, 4, 3, 3, 19, 16, 3, 3, 3, 10, 3, 8, 3, 6, 3, 3, 3]
y_dimensions = [30, 9, 8, 6, 4, 4, 25, 3, 3, 14, 13, 11, 3, 9, 3, 7, 3, 5, 4, 3]
minimum_height = 105
----------
x_coordinates = [6, 23, 3, 0, 26, 27, 16, 7, 11, 26, 23, 26, 13, 20, 19, 27, 25, 27, 27, 25]
y_coordinates = [37, 54, 91, 66, 93, 59, 67, 95, 98, 63, 82, 77, 92, 83, 101, 97, 45, 88, 55, 51]
x_dimensions = [11, 4, 4, 6, 4, 3, 3, 19, 16, 3, 3, 3, 10, 3, 8, 3, 3, 3, 3, 3]
y_dimensions = [30, 9, 8, 4, 4, 4, 25, 3, 3, 14, 13, 11, 3, 9, 3, 7, 6, 5, 4, 3]
minimum_height = 104
----------
x_coordinates = [8, 17, 16, 24, 26, 24, 13, 11, 11, 20, 24, 27, 3, 21, 3, 27, 19, 26, 24, 27]
y_coordinates = [45, 77, 92, 60, 64, 85, 75, 42, 100, 86, 68, 80, 97, 77, 100, 96, 67, 91, 81, 72]
x_dimensions = [11, 4, 4, 6, 4, 3, 3, 19, 16, 3, 3, 3, 10, 3, 8, 3, 3, 3, 3, 3]
y_dimensions = [30, 9, 8, 4, 4, 4, 25, 3, 3, 14, 13, 11, 3, 9, 3, 7, 6, 5, 4, 3]
minimum_height = 103
----------
x_coordinates = [4, 26, 1, 18, 1, 23, 22, 8, 11, 20, 16, 27, 17, 13, 9, 5, 1, 27, 25, 26]
y_coordinates = [50, 77, 88, 50, 96, 85, 54, 93, 99, 79, 76, 86, 96, 84, 96, 94, 79, 97, 73, 70]
x_dimensions = [11, 4, 4, 6, 4, 3, 3, 19, 16, 3, 3, 3, 10, 3, 8, 3, 3, 3, 3, 3]
y_dimensions = [30, 9, 8, 4, 4, 4, 25, 3, 3, 14, 13, 11, 3, 9, 3, 7, 6, 5, 4, 3]
minimum_height = 102
----------
x_coordinates = [5, 22, 1, 23, 26, 24, 23, 11, 5, 21, 18, 15, 5, 20, 13, 27, 20, 26, 26, 27]
y_coordinates = [49, 78, 93, 74, 85, 94, 49, 46, 95, 87, 77, 84, 92, 62, 98, 94, 71, 89, 81, 70]
x_dimensions = [11, 4, 4, 6, 4, 3, 3, 19, 16, 3, 3, 3, 10, 3, 8, 3, 3, 3, 3, 3]
y_dimensions = [30, 9, 8, 4, 4, 4, 25, 3, 3, 14, 13, 11, 3, 9, 3, 7, 6, 5, 4, 3]
minimum_height = 101
----------
x_coordinates = [14, 26, 3, 21, 7, 14, 0, 4, 5, 23, 20, 27, 7, 17, 19, 17, 20, 11, 26, 25]
y_coordinates = [46, 80, 85, 96, 89, 88, 74, 93, 97, 82, 79, 89, 85, 77, 38, 86, 76, 88, 76, 72]
x_dimensions = [11, 4, 4, 6, 4, 3, 3, 19, 16, 3, 3, 3, 10, 3, 3, 3, 6, 3, 3, 3]
y_dimensions = [30, 9, 8, 4, 4, 4, 25, 3, 3, 14, 13, 11, 3, 9, 8, 7, 3, 5, 4, 3]
minimum_height = 100
----------
x_coordinates = [13, 23, 6, 24, 0, 6, 9, 7, 10, 25, 27, 6, 17, 26, 1, 8, 4, 4, 3, 25]
y_coordinates = [48, 78, 54, 59, 86, 75, 62, 93, 96, 63, 77, 62, 87, 90, 91, 89, 96, 89, 76, 56]
x_dimensions = [11, 4, 4, 6, 4, 3, 3, 19, 16, 3, 3, 3, 10, 3, 3, 7, 6, 3, 3, 3]
y_dimensions = [30, 9, 8, 4, 4, 4, 25, 3, 3, 14, 13, 11, 3, 9, 8, 3, 3, 5, 4, 3]
minimum_height = 99
----------
x_coordinates = [6, 20, 2, 23, 7, 7, 1, 11, 11, 27, 24, 9, 10, 4, 27, 8, 24, 5, 26, 26]
y_coordinates = [48, 85, 63, 64, 79, 86, 73, 94, 78, 80, 81, 37, 88, 80, 72, 91, 61, 90, 68, 47]
x_dimensions = [11, 4, 4, 6, 4, 3, 3, 19, 16, 3, 3, 3, 10, 3, 3, 3, 6, 3, 3, 3]
y_dimensions = [30, 9, 8, 4, 4, 4, 25, 3, 3, 14, 13, 11, 3, 9, 8, 7, 3, 5, 4, 3]
minimum_height = 98
----------
x_coordinates = [14, 21, 13, 7, 3, 0, 5, 11, 14, 0, 17, 0, 7, 21, 13, 0, 7, 0, 3, 0]
y_coordinates = [47, 93, 93, 93, 93, 93, 90, 87, 84, 84, 81, 87, 81, 78, 78, 81, 78, 90, 78, 78]
x_dimensions = [11, 9, 8, 6, 4, 3, 25, 19, 16, 14, 13, 11, 10, 9, 8, 7, 6, 5, 4, 3]
y_dimensions = [30, 4, 4, 4, 4, 4, 3, 3, 3, 3, 3, 3, 3, 3, 3, 3, 3, 3, 3, 3]
minimum_height = 97
----------
x_coordinates = [14, 21, 13, 7, 3, 0, 5, 11, 14, 0, 17, 0, 7, 21, 13, 0, 7, 0, 3, 0]
y_coordinates = [47, 92, 92, 92, 92, 92, 89, 86, 83, 83, 80, 86, 80, 77, 77, 80, 77, 89, 77, 77]
x_dimensions = [11, 9, 8, 6, 4, 3, 25, 19, 16, 14, 13, 11, 10, 9, 8, 7, 6, 5, 4, 3]
y_dimensions = [30, 4, 4, 4, 4, 4, 3, 3, 3, 3, 3, 3, 3, 3, 3, 3, 3, 3, 3, 3]
minimum_height = 96
----------
x_coordinates = [0, 12, 1, 24, 19, 17, 18, 11, 8, 5, 27, 11, 20, 9, 24, 16, 20, 15, 26, 25]
y_coordinates = [46, 86, 85, 74, 91, 79, 53, 47, 83, 81, 82, 72, 78, 86, 85, 88, 50, 74, 67, 71]
x_dimensions = [11, 4, 4, 6, 4, 3, 3, 19, 16, 3, 3, 3, 10, 3, 3, 3, 6, 3, 3, 3]
y_dimensions = [30, 9, 8, 4, 4, 4, 25, 3, 3, 14, 13, 11, 3, 9, 8, 7, 3, 5, 4, 3]
minimum_height = 95
----------
x_coordinates = [13, 14, 4, 22, 22, 25, 22, 11, 11, 1, 16, 19, 23, 8, 5, 23, 24, 21, 27, 27]
y_coordinates = [18, 83, 78, 11, 90, 81, 58, 15, 78, 80, 70, 72, 48, 82, 86, 84, 45, 87, 77, 57]
x_dimensions = [11, 9, 4, 6, 4, 4, 3, 19, 3, 3, 3, 3, 3, 3, 3, 7, 6, 5, 3, 3]
y_dimensions = [30, 4, 8, 4, 4, 3, 25, 3, 16, 14, 13, 11, 10, 9, 8, 3, 3, 3, 4, 3]
minimum_height = 94
----------
x_coordinates = [0, 18, 1, 24, 26, 26, 26, 11, 11, 8, 5, 19, 27, 24, 26, 27, 21, 0, 26, 26]
y_coordinates = [30, 89, 80, 31, 35, 83, 58, 55, 86, 79, 80, 20, 45, 43, 23, 86, 52, 88, 39, 17]
x_dimensions = [11, 9, 4, 6, 4, 4, 3, 19, 16, 3, 3, 11, 3, 3, 3, 3, 6, 5, 3, 3]
y_dimensions = [30, 4, 8, 4, 4, 3, 25, 3, 3, 14, 13, 3, 10, 9, 8, 7, 3, 3, 4, 3]
minimum_height = 93
----------
x_coordinates = [0, 14, 10, 22, 22, 26, 27, 11, 4, 0, 23, 19, 22, 20, 27, 16, 19, 9, 27, 25]
y_coordinates = [45, 85, 37, 34, 58, 84, 59, 48, 81, 84, 79, 41, 66, 76, 51, 89, 45, 88, 44, 38]
x_dimensions = [11, 9, 4, 6, 4, 4, 3, 19, 16, 14, 3, 11, 3, 3, 3, 7, 6, 5, 3, 3]
y_dimensions = [30, 4, 8, 4, 4, 3, 25, 3, 3, 3, 13, 3, 10, 9, 8, 3, 3, 3, 4, 3]
minimum_height = 92
----------
x_coordinates = [0, 18, 7, 24, 25, 26, 24, 11, 11, 7, 4, 19, 21, 1, 26, 27, 19, 21, 27, 16]
y_coordinates = [37, 84, 80, 34, 46, 88, 56, 50, 81, 88, 78, 53, 71, 82, 38, 80, 45, 88, 76, 45]
x_dimensions = [11, 9, 4, 6, 4, 4, 3, 19, 16, 14, 3, 11, 3, 3, 3, 3, 6, 5, 3, 3]
y_dimensions = [30, 4, 8, 4, 4, 3, 25, 3, 3, 3, 13, 3, 10, 9, 8, 7, 3, 3, 4, 3]
minimum_height = 91
----------
x_coordinates = [13, 18, 10, 24, 26, 27, 8, 11, 11, 4, 5, 24, 2, 1, 27, 27, 24, 25, 26, 27]
y_coordinates = [43, 85, 35, 50, 54, 86, 62, 73, 82, 87, 74, 62, 71, 81, 65, 79, 47, 76, 58, 62]
x_dimensions = [11, 9, 4, 6, 4, 3, 3, 19, 16, 14, 3, 3, 3, 3, 3, 3, 6, 5, 3, 3]
y_dimensions = [30, 4, 8, 4, 4, 4, 25, 3, 3, 3, 13, 11, 10, 9, 8, 7, 3, 3, 4, 3]
minimum_height = 90
----------
x_coordinates = [0, 15, 7, 23, 26, 27, 7, 11, 12, 10, 24, 27, 21, 4, 10, 27, 20, 23, 26, 27]
y_coordinates = [26, 84, 56, 40, 48, 85, 64, 55, 52, 81, 73, 63, 71, 78, 73, 78, 47, 60, 44, 75]
x_dimensions = [11, 9, 4, 6, 4, 3, 3, 19, 16, 14, 3, 3, 3, 3, 3, 3, 6, 5, 3, 3]
y_dimensions = [30, 4, 8, 4, 4, 4, 25, 3, 3, 3, 13, 11, 10, 9, 8, 7, 3, 3, 4, 3]
minimum_height = 89
----------
x_coordinates = [0, 15, 10, 22, 26, 26, 10, 11, 14, 9, 24, 27, 27, 23, 21, 27, 20, 23, 26, 27]
y_coordinates = [33, 84, 22, 26, 51, 85, 63, 55, 61, 30, 72, 64, 40, 32, 76, 78, 49, 58, 32, 75]
x_dimensions = [11, 9, 4, 6, 4, 4, 3, 19, 16, 14, 3, 3, 3, 3, 3, 3, 6, 5, 3, 3]
y_dimensions = [30, 4, 8, 4, 4, 3, 25, 3, 3, 3, 13, 11, 10, 9, 8, 7, 3, 3, 4, 3]
minimum_height = 88
----------
x_coordinates = [6, 15, 2, 23, 23, 27, 2, 20, 14, 10, 27, 27, 23, 7, 17, 24, 23, 22, 26, 14]
y_coordinates = [42, 83, 67, 48, 71, 59, 75, 56, 39, 80, 74, 63, 61, 78, 67, 80, 56, 36, 52, 72]
x_dimensions = [11, 9, 4, 6, 4, 3, 25, 3, 16, 14, 3, 3, 3, 3, 3, 3, 6, 5, 3, 3]
y_dimensions = [30, 4, 8, 4, 4, 4, 3, 19, 3, 3, 13, 11, 10, 9, 8, 7, 3, 3, 4, 3]
minimum_height = 87
----------
x_coordinates = [4, 18, 0, 24, 26, 27, 2, 15, 14, 3, 27, 27, 27, 0, 17, 27, 19, 24, 26, 14]
y_coordinates = [42, 66, 59, 43, 47, 32, 83, 55, 39, 74, 55, 75, 22, 67, 74, 68, 71, 36, 51, 80]
x_dimensions = [11, 9, 4, 6, 4, 3, 25, 3, 16, 14, 3, 3, 3, 3, 3, 3, 6, 5, 3, 3]
y_dimensions = [30, 4, 8, 4, 4, 4, 3, 19, 3, 3, 13, 11, 10, 9, 8, 7, 3, 3, 4, 3]
minimum_height = 86
----------
x_coordinates = [4, 18, 0, 24, 23, 27, 2, 15, 14, 2, 27, 26, 23, 3, 0, 24, 24, 21, 26, 12]
y_coordinates = [36, 67, 56, 50, 71, 66, 75, 56, 33, 82, 70, 55, 57, 66, 65, 78, 47, 54, 43, 70]
x_dimensions = [11, 9, 4, 6, 4, 3, 25, 3, 16, 14, 3, 3, 3, 3, 3, 3, 6, 5, 3, 3]
y_dimensions = [30, 4, 8, 4, 4, 4, 3, 19, 3, 3, 13, 11, 10, 9, 8, 7, 3, 3, 4, 3]
minimum_height = 85
----------
x_coordinates = [7, 18, 0, 23, 26, 27, 1, 24, 14, 12, 24, 27, 27, 4, 26, 27, 18, 23, 27, 17]
y_coordinates = [41, 40, 70, 16, 36, 56, 81, 57, 30, 77, 44, 65, 20, 70, 76, 43, 56, 33, 52, 74]
x_dimensions = [11, 9, 4, 6, 4, 3, 25, 3, 16, 14, 3, 3, 3, 3, 3, 3, 6, 5, 3, 3]
y_dimensions = [30, 4, 8, 4, 4, 4, 3, 19, 3, 3, 13, 11, 10, 9, 8, 7, 3, 3, 4, 3]
minimum_height = 84
----------
x_coordinates = [6, 17, 16, 24, 22, 27, 2, 27, 14, 2, 26, 25, 27, 19, 24, 26, 21, 22, 26, 27]
y_coordinates = [38, 45, 72, 21, 40, 35, 80, 59, 3, 70, 46, 6, 25, 63, 71, 39, 59, 68, 17, 78]
x_dimensions = [11, 9, 4, 6, 4, 3, 25, 3, 16, 14, 3, 3, 3, 3, 3, 3, 6, 5, 3, 3]
y_dimensions = [30, 4, 8, 4, 4, 4, 3, 19, 3, 3, 13, 11, 10, 9, 8, 7, 3, 3, 4, 3]
minimum_height = 83
----------
x_coordinates = [7, 18, 19, 21, 23, 27, 1, 25, 14, 3, 27, 26, 27, 17, 26, 27, 21, 25, 26, 22]
y_coordinates = [40, 41, 62, 48, 37, 25, 79, 55, 29, 73, 42, 0, 15, 70, 74, 35, 52, 32, 11, 73]
x_dimensions = [11, 9, 4, 6, 4, 3, 25, 3, 16, 14, 3, 3, 3, 3, 3, 3, 6, 5, 3, 3]
y_dimensions = [30, 4, 8, 4, 4, 4, 3, 19, 3, 3, 13, 11, 10, 9, 8, 7, 3, 3, 4, 3]
minimum_height = 82
----------
x_coordinates = [10, 17, 6, 24, 20, 27, 5, 27, 1, 1, 26, 25, 25, 19, 15, 25, 21, 22, 27, 18]
y_coordinates = [36, 32, 65, 51, 28, 31, 78, 59, 30, 75, 35, 3, 14, 69, 68, 24, 65, 75, 55, 66]
x_dimensions = [11, 9, 4, 6, 4, 3, 25, 3, 16, 14, 3, 3, 3, 3, 3, 3, 6, 5, 3, 3]
y_dimensions = [30, 4, 8, 4, 4, 4, 3, 19, 3, 3, 13, 11, 10, 9, 8, 7, 3, 3, 4, 3]
minimum_height = 81
----------
x_coordinates = [13, 18, 12, 24, 23, 26, 10, 26, 12, 15, 27, 25, 24, 23, 20, 27, 7, 25, 7, 22]
y_coordinates = [38, 34, 72, 50, 30, 54, 47, 61, 27, 24, 37, 8, 40, 71, 71, 30, 67, 58, 57, 68]
x_dimensions = [11, 9, 4, 6, 4, 3, 3, 3, 16, 14, 3, 3, 3, 3, 3, 3, 3, 5, 3, 3]
y_dimensions = [30, 4, 8, 4, 4, 4, 25, 19, 3, 3, 13, 11, 10, 9, 8, 7, 6, 3, 4, 3]
minimum_height = 80
----------
x_coordinates = [14, 18, 19, 24, 23, 27, 0, 0, 13, 16, 11, 25, 26, 25, 26, 27, 11, 26, 26, 23]
y_coordinates = [37, 33, 68, 19, 29, 39, 76, 73, 26, 23, 36, 8, 43, 70, 62, 31, 66, 57, 53, 67]
x_dimensions = [11, 9, 4, 6, 4, 3, 25, 19, 16, 14, 3, 3, 3, 3, 3, 3, 3, 3, 3, 3]
y_dimensions = [30, 4, 8, 4, 4, 4, 3, 3, 3, 3, 13, 11, 10, 9, 8, 7, 6, 5, 4, 3]
minimum_height = 79
----------
x_coordinates = [14, 18, 20, 24, 14, 27, 0, 1, 4, 16, 5, 25, 5, 23, 25, 27, 8, 27, 11, 24]
y_coordinates = [37, 33, 67, 20, 32, 35, 75, 69, 72, 16, 36, 54, 26, 24, 70, 28, 32, 65, 34, 67]
x_dimensions = [11, 9, 4, 6, 4, 3, 25, 19, 16, 14, 3, 3, 3, 3, 3, 3, 3, 3, 3, 3]
y_dimensions = [30, 4, 8, 4, 4, 4, 3, 3, 3, 3, 13, 11, 10, 9, 8, 7, 6, 5, 4, 3]
minimum_height = 78
----------
x_coordinates = [14, 17, 20, 24, 26, 27, 2, 1, 4, 15, 11, 25, 10, 23, 27, 7, 11, 27, 13, 24]
y_coordinates = [36, 32, 66, 16, 31, 35, 74, 68, 71, 20, 38, 40, 28, 23, 69, 34, 62, 64, 32, 67]
x_dimensions = [11, 9, 4, 6, 4, 3, 25, 19, 16, 14, 3, 3, 3, 3, 3, 3, 3, 3, 3, 3]
y_dimensions = [30, 4, 8, 4, 4, 4, 3, 3, 3, 3, 13, 11, 10, 9, 8, 7, 6, 5, 4, 3]
minimum_height = 77
----------
x_coordinates = [14, 21, 20, 9, 25, 27, 18, 1, 4, 14, 26, 25, 24, 23, 27, 15, 11, 26, 24, 24]
y_coordinates = [37, 10, 68, 13, 6, 23, 9, 70, 73, 1, 50, 38, 14, 28, 68, 9, 33, 63, 24, 72]
x_dimensions = [11, 9, 4, 6, 4, 3, 3, 19, 16, 14, 3, 3, 3, 3, 3, 3, 3, 3, 3, 3]
y_dimensions = [30, 4, 8, 4, 4, 4, 25, 3, 3, 3, 13, 11, 10, 9, 8, 7, 6, 5, 4, 3]
minimum_height = 76
----------
x_coordinates = [14, 17, 20, 24, 26, 22, 18, 1, 4, 10, 11, 27, 25, 24, 27, 8, 13, 27, 15, 23]
y_coordinates = [36, 32, 67, 28, 35, 24, 4, 69, 72, 29, 38, 3, 18, 66, 67, 35, 1, 62, 25, 3]
x_dimensions = [11, 9, 4, 6, 4, 3, 3, 19, 16, 14, 3, 3, 3, 3, 3, 3, 6, 3, 3, 3]
y_dimensions = [30, 4, 8, 4, 4, 4, 25, 3, 3, 3, 13, 11, 10, 9, 8, 7, 3, 5, 4, 3]
minimum_height = 75
----------
x_coordinates = [14, 17, 21, 8, 26, 6, 20, 2, 5, 13, 7, 27, 25, 25, 25, 5, 9, 26, 24, 24]
y_coordinates = [36, 32, 66, 35, 34, 21, 7, 68, 71, 4, 55, 11, 22, 38, 66, 35, 46, 61, 18, 15]
x_dimensions = [11, 9, 4, 6, 4, 3, 3, 19, 16, 14, 3, 3, 3, 3, 3, 3, 3, 3, 3, 3]
y_dimensions = [30, 4, 8, 4, 4, 4, 25, 3, 3, 3, 13, 11, 10, 9, 8, 7, 6, 5, 4, 3]
minimum_height = 74
----------
x_coordinates = [14, 17, 20, 5, 26, 1, 25, 5, 3, 11, 2, 25, 25, 24, 25, 11, 4, 27, 14, 23]
y_coordinates = [18, 49, 58, 51, 49, 48, 3, 66, 69, 54, 52, 28, 39, 61, 53, 47, 47, 68, 48, 70]
x_dimensions = [11, 9, 4, 6, 4, 3, 3, 19, 16, 14, 3, 3, 3, 3, 3, 3, 6, 3, 3, 3]
y_dimensions = [30, 4, 8, 4, 4, 4, 25, 3, 3, 3, 13, 11, 10, 9, 8, 7, 3, 5, 4, 3]
minimum_height = 73
----------
x_coordinates = [14, 21, 24, 8, 4, 2, 26, 4, 11, 1, 2, 7, 27, 26, 27, 5, 3, 3, 27, 27]
y_coordinates = [26, 56, 1, 53, 55, 50, 9, 64, 69, 54, 37, 33, 38, 60, 48, 48, 31, 68, 34, 69]
x_dimensions = [11, 9, 4, 6, 4, 3, 3, 19, 16, 3, 3, 3, 3, 3, 3, 3, 3, 5, 3, 3]
y_dimensions = [30, 4, 8, 4, 4, 4, 25, 3, 3, 14, 13, 11, 10, 9, 8, 7, 6, 3, 4, 3]
minimum_height = 72
----------
x_coordinates = [14, 21, 26, 9, 6, 6, 27, 23, 11, 10, 24, 8, 3, 27, 27, 27, 21, 27, 3, 26]
y_coordinates = [25, 21, 0, 20, 56, 20, 25, 2, 68, 56, 55, 60, 54, 62, 13, 50, 59, 57, 23, 10]
x_dimensions = [11, 9, 4, 6, 4, 3, 3, 3, 16, 14, 3, 3, 3, 3, 3, 3, 3, 3, 3, 3]
y_dimensions = [30, 4, 8, 4, 4, 4, 25, 19, 3, 3, 13, 11, 10, 9, 8, 7, 6, 5, 4, 3]
minimum_height = 71
----------
x_coordinates = [14, 21, 24, 13, 11, 10, 27, 5, 12, 4, 18, 11, 8, 27, 2, 24, 15, 6, 7, 27]
y_coordinates = [24, 57, 15, 20, 60, 22, 23, 67, 12, 57, 54, 46, 47, 61, 60, 62, 61, 60, 25, 52]
x_dimensions = [11, 9, 4, 6, 4, 3, 3, 19, 16, 14, 3, 3, 3, 3, 3, 3, 3, 5, 3, 3]
y_dimensions = [30, 4, 8, 4, 4, 4, 25, 3, 3, 3, 13, 11, 10, 9, 8, 7, 6, 3, 4, 3]
minimum_height = 70
----------
x_coordinates = [14, 21, 12, 9, 6, 26, 11, 5, 12, 13, 26, 10, 3, 4, 27, 0, 1, 26, 3, 27]
y_coordinates = [27, 57, 12, 23, 59, 26, 27, 66, 20, 61, 44, 52, 52, 63, 61, 55, 62, 32, 29, 16]
x_dimensions = [11, 9, 4, 6, 4, 3, 3, 19, 16, 14, 3, 3, 3, 9, 3, 3, 3, 3, 3, 3]
y_dimensions = [30, 4, 8, 4, 4, 4, 25, 3, 3, 3, 13, 11, 10, 3, 8, 7, 6, 5, 4, 3]
minimum_height = 69
----------
x_coordinates = [14, 26, 4, 10, 8, 9, 7, 7, 11, 12, 27, 10, 25, 12, 2, 2, 5, 26, 27, 8]
y_coordinates = [26, 59, 25, 37, 61, 29, 33, 65, 56, 59, 46, 45, 36, 62, 60, 53, 58, 27, 32, 58]
x_dimensions = [11, 4, 4, 4, 4, 3, 3, 19, 16, 14, 3, 3, 3, 9, 3, 3, 3, 3, 3, 3]
y_dimensions = [30, 9, 8, 6, 4, 4, 25, 3, 3, 3, 13, 11, 10, 3, 8, 7, 6, 5, 4, 3]
minimum_height = 68
----------
x_coordinates = [14, 26, 7, 10, 8, 8, 11, 4, 14, 12, 27, 11, 2, 13, 11, 8, 5, 27, 4, 27]
y_coordinates = [31, 58, 30, 47, 63, 43, 22, 19, 28, 61, 45, 0, 57, 64, 53, 56, 60, 40, 44, 37]
x_dimensions = [11, 4, 4, 4, 4, 3, 3, 19, 16, 14, 3, 3, 3, 9, 3, 3, 3, 3, 3, 3]
y_dimensions = [30, 9, 8, 6, 4, 4, 25, 3, 3, 3, 13, 11, 10, 3, 8, 7, 6, 5, 4, 3]
minimum_height = 67
----------
x_coordinates = [4, 26, 7, 15, 12, 25, 27, 11, 14, 16, 0, 15, 9, 14, 23, 6, 11, 27, 11, 25]
y_coordinates = [26, 57, 18, 25, 56, 25, 29, 19, 16, 54, 53, 43, 56, 63, 58, 56, 13, 11, 22, 22]
x_dimensions = [11, 4, 4, 6, 4, 4, 3, 19, 16, 14, 3, 3, 3, 9, 3, 3, 3, 3, 3, 3]
y_dimensions = [30, 9, 8, 4, 4, 3, 25, 3, 3, 3, 13, 11, 10, 3, 8, 7, 6, 5, 4, 3]
minimum_height = 66
----------
x_coordinates = [6, 23, 9, 23, 25, 20, 20, 7, 10, 16, 13, 17, 26, 16, 27, 3, 24, 26, 25, 4]
y_coordinates = [31, 37, 17, 57, 61, 32, 37, 28, 25, 17, 21, 51, 20, 62, 30, 58, 31, 52, 13, 27]
x_dimensions = [11, 4, 4, 6, 4, 4, 3, 19, 16, 14, 13, 3, 3, 9, 3, 3, 3, 3, 3, 3]
y_dimensions = [30, 9, 8, 4, 4, 3, 25, 3, 3, 3, 3, 11, 10, 3, 8, 7, 6, 5, 4, 3]
minimum_height = 65
----------
x_coordinates = [11, 22, 22, 22, 26, 26, 25, 8, 14, 16, 12, 21, 27, 2, 27, 7, 24, 3, 26, 10]
y_coordinates = [31, 46, 32, 55, 57, 54, 2, 29, 61, 27, 18, 16, 35, 53, 45, 56, 40, 39, 30, 61]
x_dimensions = [11, 4, 4, 4, 4, 4, 3, 3, 16, 14, 3, 3, 3, 9, 3, 3, 3, 5, 3, 3]
y_dimensions = [30, 9, 8, 6, 4, 3, 25, 19, 3, 3, 13, 11, 10, 3, 8, 7, 6, 3, 4, 3]
minimum_height = 64
----------
x_coordinates = [11, 26, 26, 2, 19, 19, 27, 9, 23, 24, 12, 15, 18, 20, 16, 6, 27, 22, 5, 3]
y_coordinates = [14, 54, 46, 56, 59, 56, 15, 44, 45, 28, 44, 44, 45, 11, 55, 53, 40, 42, 43, 53]
x_dimensions = [11, 4, 4, 4, 4, 4, 3, 3, 3, 3, 3, 3, 3, 9, 3, 3, 3, 5, 3, 3]
y_dimensions = [30, 9, 8, 6, 4, 3, 25, 19, 16, 14, 13, 11, 10, 3, 8, 7, 6, 3, 4, 3]
minimum_height = 63
----------
x_coordinates = [12, 24, 26, 23, 19, 19, 27, 9, 16, 23, 19, 22, 27, 4, 24, 13, 27, 22, 24, 10]
y_coordinates = [12, 47, 36, 56, 58, 55, 11, 10, 43, 30, 42, 1, 1, 55, 22, 54, 56, 44, 18, 58]
x_dimensions = [11, 4, 4, 4, 4, 4, 3, 3, 3, 3, 3, 3, 3, 9, 3, 3, 3, 5, 3, 3]
y_dimensions = [30, 9, 8, 6, 4, 3, 25, 19, 16, 14, 13, 11, 10, 3, 8, 7, 6, 3, 4, 3]
minimum_height = 62
----------
x_coordinates = [12, 25, 26, 11, 21, 17, 24, 10, 16, 20, 13, 26, 27, 15, 19, 7, 23, 22, 26, 4]
y_coordinates = [1, 52, 41, 57, 57, 56, 15, 38, 37, 31, 39, 0, 31, 53, 45, 51, 40, 49, 11, 51]
x_dimensions = [11, 4, 4, 6, 4, 4, 3, 3, 3, 3, 3, 3, 3, 9, 3, 3, 3, 5, 3, 3]
y_dimensions = [30, 9, 8, 4, 4, 3, 25, 19, 16, 14, 13, 11, 10, 3, 8, 7, 6, 3, 4, 3]
minimum_height = 61
----------
x_coordinates = [12, 26, 14, 7, 22, 13, 4, 11, 21, 24, 18, 24, 27, 17, 27, 19, 27, 22, 6, 8]
y_coordinates = [2, 51, 44, 56, 53, 56, 35, 33, 32, 34, 36, 23, 27, 57, 37, 50, 45, 48, 31, 44]
x_dimensions = [11, 4, 4, 6, 4, 4, 3, 3, 3, 3, 3, 3, 3, 9, 3, 3, 3, 5, 3, 3]
y_dimensions = [30, 9, 8, 4, 4, 3, 25, 19, 16, 14, 13, 11, 10, 3, 8, 7, 6, 3, 4, 3]
minimum_height = 60
----------
x_coordinates = [12, 16, 25, 1, 23, 12, 24, 9, 27, 23, 21, 27, 27, 7, 21, 6, 26, 24, 9, 8]
y_coordinates = [17, 55, 51, 55, 0, 53, 8, 37, 16, 33, 4, 3, 32, 56, 47, 3, 42, 48, 31, 28]
x_dimensions = [11, 9, 4, 6, 4, 4, 3, 3, 3, 3, 3, 3, 3, 9, 3, 3, 3, 5, 3, 3]
y_dimensions = [30, 4, 8, 4, 4, 3, 25, 19, 16, 14, 13, 11, 10, 3, 8, 7, 6, 3, 4, 3]
minimum_height = 59
----------
x_coordinates = [13, 18, 26, 0, 22, 6, 24, 10, 14, 24, 15, 21, 27, 6, 27, 5, 27, 25, 5, 11]
y_coordinates = [13, 54, 7, 54, 9, 52, 15, 36, 1, 40, 43, 43, 34, 55, 44, 3, 52, 4, 39, 2]
x_dimensions = [11, 9, 4, 6, 4, 4, 3, 3, 16, 3, 3, 3, 3, 9, 3, 3, 3, 5, 3, 3]
y_dimensions = [30, 4, 8, 4, 4, 3, 25, 19, 3, 14, 13, 11, 10, 3, 8, 7, 6, 3, 4, 3]
minimum_height = 58
----------
x_coordinates = [12, 21, 26, 22, 24, 23, 6, 9, 10, 24, 26, 22, 27, 15, 24, 9, 27, 25, 27, 7]
y_coordinates = [20, 53, 18, 0, 26, 22, 14, 38, 6, 31, 2, 9, 34, 50, 45, 29, 44, 15, 30, 7]
x_dimensions = [11, 9, 4, 4, 4, 3, 3, 3, 16, 3, 3, 3, 3, 9, 3, 3, 3, 5, 3, 3]
y_dimensions = [30, 4, 8, 6, 4, 4, 25, 19, 3, 14, 13, 11, 10, 3, 8, 7, 6, 3, 4, 3]
minimum_height = 57
----------
x_coordinates = [12, 3, 1, 5, 26, 27, 23, 9, 24, 27, 27, 23, 3, 4, 27, 1, 0, 26, 4, 8]
y_coordinates = [20, 47, 19, 24, 30, 21, 31, 28, 4, 34, 8, 20, 37, 51, 48, 29, 46, 25, 30, 19]
x_dimensions = [11, 9, 4, 4, 4, 3, 3, 3, 3, 3, 3, 3, 3, 9, 3, 3, 3, 3, 3, 3]
y_dimensions = [30, 4, 8, 6, 4, 4, 25, 19, 16, 14, 13, 11, 10, 3, 8, 7, 6, 5, 4, 3]
minimum_height = 56
----------
x_coordinates = [13, 2, 3, 26, 8, 6, 24, 10, 23, 27, 27, 24, 7, 4, 27, 0, 4, 27, 0, 11]
y_coordinates = [25, 18, 29, 13, 29, 12, 30, 35, 3, 33, 20, 19, 36, 26, 47, 29, 45, 8, 36, 18]
x_dimensions = [11, 9, 4, 4, 4, 3, 3, 3, 3, 3, 3, 3, 3, 9, 3, 3, 3, 3, 3, 3]
y_dimensions = [30, 4, 8, 6, 4, 4, 25, 19, 16, 14, 13, 11, 10, 3, 8, 7, 6, 5, 4, 3]
minimum_height = 55
----------
x_coordinates = [13, 14, 9, 23, 6, 7, 24, 10, 23, 26, 27, 27, 10, 1, 26, 3, 12, 27, 0, 12]
y_coordinates = [7, 38, 20, 1, 31, 6, 7, 0, 38, 32, 8, 21, 31, 36, 46, 29, 45, 3, 31, 51]
x_dimensions = [11, 9, 4, 4, 4, 3, 3, 3, 3, 3, 3, 3, 3, 9, 3, 3, 3, 3, 3, 3]
y_dimensions = [30, 4, 8, 6, 4, 4, 25, 19, 16, 14, 13, 11, 10, 3, 8, 7, 6, 5, 4, 3]
minimum_height = 54
----------
x_coordinates = [13, 14, 2, 0, 3, 6, 26, 10, 23, 27, 27, 24, 7, 4, 24, 0, 4, 24, 6, 12]
y_coordinates = [23, 19, 30, 22, 38, 27, 1, 27, 7, 39, 26, 34, 37, 22, 45, 38, 45, 27, 33, 16]
x_dimensions = [11, 9, 4, 4, 4, 3, 3, 3, 3, 3, 3, 3, 3, 9, 3, 3, 3, 3, 3, 3]
y_dimensions = [30, 4, 8, 6, 4, 4, 25, 19, 16, 14, 13, 11, 10, 3, 8, 7, 6, 5, 4, 3]
minimum_height = 53
----------
x_coordinates = [12, 14, 1, 23, 5, 5, 26, 9, 23, 27, 27, 24, 6, 2, 24, 3, 0, 8, 3, 10]
y_coordinates = [22, 18, 33, 27, 36, 30, 0, 32, 11, 38, 25, 33, 40, 21, 44, 41, 46, 26, 48, 17]
x_dimensions = [11, 9, 4, 4, 4, 3, 3, 3, 3, 3, 3, 3, 3, 9, 3, 3, 3, 3, 3, 3]
y_dimensions = [30, 4, 8, 6, 4, 4, 25, 19, 16, 14, 13, 11, 10, 3, 8, 7, 6, 5, 4, 3]
minimum_height = 52
----------
x_coordinates = [13, 3, 20, 26, 20, 10, 0, 12, 24, 27, 27, 24, 6, 15, 26, 17, 9, 27, 21, 10]
y_coordinates = [1, 30, 38, 13, 46, 23, 23, 32, 20, 37, 24, 36, 36, 31, 3, 44, 45, 19, 34, 27]
x_dimensions = [11, 9, 4, 4, 4, 3, 3, 3, 3, 3, 3, 3, 3, 9, 3, 3, 3, 3, 3, 3]
y_dimensions = [30, 4, 8, 6, 4, 4, 25, 19, 16, 14, 13, 11, 10, 3, 8, 7, 6, 5, 4, 3]
minimum_height = 51
----------
x_coordinates = [13, 3, 9, 23, 8, 24, 0, 20, 24, 27, 27, 27, 6, 4, 26, 1, 7, 1, 24, 3]
y_coordinates = [20, 41, 33, 14, 45, 20, 21, 1, 30, 36, 23, 12, 31, 19, 4, 47, 11, 16, 46, 35]
x_dimensions = [11, 9, 4, 4, 4, 3, 3, 3, 3, 3, 3, 3, 3, 9, 3, 7, 3, 3, 3, 3]
y_dimensions = [30, 4, 8, 6, 4, 4, 25, 19, 16, 14, 13, 11, 10, 3, 8, 3, 6, 5, 4, 3]
minimum_height = 50
----------
x_coordinates = [14, 8, 15, 26, 19, 5, 11, 11, 27, 27, 1, 24, 4, 18, 26, 20, 2, 8, 17, 15]
y_coordinates = [1, 44, 33, 12, 38, 42, 19, 0, 18, 35, 30, 31, 32, 42, 4, 45, 43, 39, 45, 41]
x_dimensions = [11, 9, 4, 4, 4, 3, 3, 3, 3, 3, 3, 3, 3, 9, 3, 7, 3, 3, 3, 3]
y_dimensions = [30, 4, 8, 6, 4, 4, 25, 19, 16, 14, 13, 11, 10, 3, 8, 3, 6, 5, 4, 3]
minimum_height = 49
----------
x_coordinates = [14, 10, 16, 26, 23, 7, 11, 8, 27, 27, 5, 24, 20, 19, 26, 3, 0, 11, 13, 20]
y_coordinates = [0, 44, 36, 9, 41, 10, 14, 14, 15, 31, 29, 30, 32, 45, 1, 44, 41, 8, 40, 42]
x_dimensions = [11, 9, 4, 4, 4, 3, 3, 3, 3, 3, 3, 3, 3, 9, 3, 7, 3, 3, 3, 3]
y_dimensions = [30, 4, 8, 6, 4, 4, 25, 19, 16, 14, 13, 11, 10, 3, 8, 3, 6, 5, 4, 3]
minimum_height = 48
----------
x_coordinates = [14, 11, 17, 26, 19, 14, 11, 8, 27, 27, 2, 24, 5, 20, 26, 1, 10, 21, 16, 23]
y_coordinates = [0, 43, 35, 22, 30, 38, 18, 27, 28, 8, 27, 33, 34, 44, 0, 44, 7, 34, 31, 30]
x_dimensions = [11, 9, 4, 4, 4, 3, 3, 3, 3, 3, 3, 3, 3, 9, 3, 7, 3, 3, 3, 3]
y_dimensions = [30, 4, 8, 6, 4, 4, 25, 19, 16, 14, 13, 11, 10, 3, 8, 3, 6, 5, 4, 3]
minimum_height = 47
----------
x_coordinates = [0, 17, 25, 20, 21, 27, 13, 24, 27, 10, 26, 14, 17, 16, 11, 18, 17, 22, 23, 25]
y_coordinates = [2, 26, 38, 16, 39, 21, 20, 3, 5, 32, 25, 9, 22, 43, 2, 0, 16, 34, 30, 0]
x_dimensions = [11, 9, 4, 4, 4, 3, 3, 3, 3, 3, 3, 3, 10, 9, 3, 7, 3, 3, 3, 3]
y_dimensions = [30, 4, 8, 6, 4, 4, 25, 19, 16, 14, 13, 11, 3, 3, 8, 3, 6, 5, 4, 3]
minimum_height = 46
----------
x_coordinates = [0, 18, 22, 23, 26, 24, 17, 20, 27, 11, 14, 11, 27, 21, 13, 20, 19, 24, 25, 25]
y_coordinates = [5, 33, 37, 11, 41, 26, 5, 11, 6, 31, 30, 20, 29, 3, 5, 8, 39, 17, 22, 0]
x_dimensions = [11, 9, 4, 4, 4, 3, 3, 3, 3, 3, 13, 3, 3, 9, 3, 7, 3, 3, 3, 3]
y_dimensions = [30, 4, 8, 6, 4, 4, 25, 19, 16, 14, 3, 11, 10, 3, 8, 3, 6, 5, 4, 3]
minimum_height = 45
----------
x_coordinates = [1, 15, 22, 26, 23, 26, 12, 11, 24, 5, 16, 8, 27, 23, 27, 16, 14, 21, 24, 27]
y_coordinates = [14, 36, 40, 11, 0, 7, 13, 4, 20, 0, 17, 3, 30, 8, 22, 1, 7, 31, 36, 1]
x_dimensions = [11, 9, 8, 4, 4, 3, 3, 19, 3, 3, 13, 3, 3, 3, 3, 7, 3, 3, 3, 3]
y_dimensions = [30, 4, 4, 6, 4, 4, 25, 3, 16, 14, 3, 11, 10, 9, 8, 3, 6, 5, 4, 3]
minimum_height = 44
----------
x_coordinates = [3, 18, 22, 23, 26, 27, 14, 11, 0, 14, 17, 0, 27, 26, 17, 7, 4, 24, 20, 27]
y_coordinates = [7, 35, 39, 28, 18, 25, 4, 1, 24, 29, 22, 13, 29, 9, 27, 38, 37, 4, 31, 6]
x_dimensions = [11, 9, 8, 4, 4, 3, 3, 19, 3, 3, 13, 3, 3, 3, 3, 7, 3, 3, 3, 3]
y_dimensions = [30, 4, 4, 6, 4, 4, 25, 3, 16, 14, 3, 11, 10, 9, 8, 3, 6, 5, 4, 3]
minimum_height = 43
----------
x_coordinates = [0, 18, 25, 22, 26, 27, 14, 10, 17, 11, 17, 7, 23, 26, 27, 0, 15, 11, 24, 24]
y_coordinates = [12, 5, 12, 26, 27, 23, 17, 9, 26, 16, 20, 1, 32, 31, 1, 8, 3, 30, 1, 23]
x_dimensions = [11, 9, 4, 4, 4, 3, 3, 19, 3, 3, 13, 3, 3, 3, 3, 7, 3, 3, 3, 3]
y_dimensions = [30, 4, 8, 6, 4, 4, 25, 3, 16, 14, 3, 11, 10, 9, 8, 3, 6, 5, 4, 3]
minimum_height = 42
----------
x_coordinates = [0, 17, 1, 23, 26, 27, 2, 11, 14, 8, 17, 0, 27, 4, 8, 23, 1, 11, 5, 25]
y_coordinates = [0, 36, 13, 24, 37, 33, 21, 17, 25, 27, 30, 24, 20, 29, 13, 14, 35, 34, 17, 11]
x_dimensions = [30, 9, 4, 4, 4, 3, 25, 19, 3, 3, 13, 3, 3, 3, 3, 7, 3, 3, 3, 3]
y_dimensions = [11, 4, 8, 6, 4, 4, 3, 3, 16, 14, 3, 11, 10, 9, 8, 3, 6, 5, 4, 3]
minimum_height = 41
----------
x_coordinates = [0, 14, 20, 4, 0, 24, 23, 8, 8, 20, 27, 11, 26, 17, 17, 26, 14, 14, 19, 24]
y_coordinates = [3, 8, 26, 33, 33, 32, 1, 37, 34, 12, 27, 23, 17, 25, 16, 10, 23, 29, 3, 29]
x_dimensions = [11, 9, 4, 4, 4, 3, 3, 19, 16, 3, 3, 3, 3, 3, 3, 3, 3, 3, 3, 3]
y_dimensions = [30, 4, 8, 6, 4, 4, 25, 3, 3, 14, 13, 11, 10, 9, 8, 7, 6, 5, 4, 3]
minimum_height = 40
----------
x_coordinates = [3, 2, 20, 13, 16, 24, 24, 11, 18, 27, 14, 21, 27, 0, 15, 0, 18, 27, 0, 17]
y_coordinates = [9, 2, 31, 3, 31, 31, 3, 0, 6, 15, 28, 14, 29, 23, 20, 32, 22, 10, 19, 36]
x_dimensions = [11, 9, 4, 4, 4, 3, 3, 19, 3, 3, 13, 3, 3, 3, 3, 3, 3, 3, 3, 3]
y_dimensions = [30, 4, 8, 6, 4, 4, 25, 3, 16, 14, 3, 11, 10, 9, 8, 7, 6, 5, 4, 3]
minimum_height = 39
----------
x_coordinates = [9, 0, 20, 5, 5, 27, 24, 0, 2, 27, 4, 19, 27, 24, 21, 1, 27, 17, 21, 6]
y_coordinates = [3, 9, 30, 20, 29, 34, 4, 0, 15, 20, 33, 0, 10, 29, 22, 31, 4, 33, 12, 26]
x_dimensions = [11, 9, 4, 4, 4, 3, 3, 19, 3, 3, 13, 11, 3, 3, 3, 3, 3, 3, 3, 3]
y_dimensions = [30, 4, 8, 6, 4, 4, 25, 3, 16, 14, 3, 3, 10, 9, 8, 7, 6, 5, 4, 3]
minimum_height = 38
----------
x_coordinates = [8, 4, 24, 4, 7, 25, 1, 5, 22, 26, 14, 19, 27, 23, 19, 4, 21, 19, 11, 1]
y_coordinates = [3, 8, 1, 24, 33, 9, 7, 0, 9, 13, 34, 23, 27, 25, 15, 30, 3, 10, 33, 32]
x_dimensions = [11, 4, 4, 4, 4, 3, 3, 19, 3, 3, 13, 3, 3, 3, 3, 3, 3, 3, 3, 3]
y_dimensions = [30, 9, 8, 6, 4, 4, 25, 3, 16, 14, 3, 11, 10, 9, 8, 7, 6, 5, 4, 3]
minimum_height = 37
----------
x_coordinates = [13, 26, 6, 9, 9, 27, 3, 11, 1, 27, 17, 24, 0, 7, 6, 24, 10, 0, 8, 24]
y_coordinates = [3, 10, 13, 3, 9, 6, 8, 0, 33, 19, 33, 19, 18, 21, 2, 3, 18, 9, 30, 30]
x_dimensions = [11, 4, 4, 4, 4, 3, 3, 19, 16, 3, 13, 3, 3, 3, 3, 3, 3, 3, 4, 3]
y_dimensions = [30, 9, 8, 6, 4, 4, 25, 3, 3, 14, 3, 11, 10, 9, 8, 7, 6, 5, 3, 3]
minimum_height = 36
----------
x_coordinates = [0, 21, 23, 19, 11, 13, 2, 7, 5, 12, 3, 1, 16, 26, 0, 16, 27, 4, 27, 9]
y_coordinates = [11, 22, 0, 2, 0, 25, 8, 29, 22, 32, 4, 24, 26, 26, 0, 1, 5, 25, 1, 32]
x_dimensions = [30, 9, 4, 4, 4, 3, 25, 19, 16, 14, 13, 3, 10, 3, 3, 3, 3, 3, 3, 3]
y_dimensions = [11, 4, 8, 6, 4, 4, 3, 3, 3, 3, 3, 11, 3, 9, 8, 7, 6, 5, 4, 3]
minimum_height = 35
----------
x_coordinates = [0, 21, 13, 7, 3, 0, 5, 11, 14, 0, 17, 0, 7, 21, 13, 0, 7, 0, 3, 0]
y_coordinates = [16, 30, 30, 30, 30, 30, 27, 13, 10, 10, 7, 13, 7, 4, 4, 7, 4, 27, 4, 4]
x_dimensions = [30, 9, 8, 6, 4, 3, 25, 19, 16, 14, 13, 11, 10, 9, 8, 7, 6, 5, 4, 3]
y_dimensions = [11, 4, 4, 4, 4, 4, 3, 3, 3, 3, 3, 3, 3, 3, 3, 3, 3, 3, 3, 3]
minimum_height = 34
----------
x_coordinates = [0, 21, 13, 7, 3, 0, 5, 11, 14, 0, 17, 0, 7, 21, 13, 0, 7, 0, 3, 0]
y_coordinates = [15, 29, 29, 29, 29, 29, 26, 12, 9, 9, 6, 12, 6, 3, 3, 6, 3, 26, 3, 3]
x_dimensions = [30, 9, 8, 6, 4, 3, 25, 19, 16, 14, 13, 11, 10, 9, 8, 7, 6, 5, 4, 3]
y_dimensions = [11, 4, 4, 4, 4, 4, 3, 3, 3, 3, 3, 3, 3, 3, 3, 3, 3, 3, 3, 3]
minimum_height = 33
----------
x_coordinates = [0, 10, 0, 4, 3, 4, 2, 11, 14, 16, 17, 5, 7, 27, 19, 0, 8, 7, 23, 20]
y_coordinates = [12, 5, 4, 8, 28, 4, 0, 9, 26, 23, 29, 23, 29, 0, 3, 25, 26, 3, 6, 6]
x_dimensions = [30, 9, 4, 6, 4, 3, 25, 19, 16, 14, 13, 11, 10, 3, 8, 3, 6, 3, 4, 3]
y_dimensions = [11, 4, 8, 4, 4, 4, 3, 3, 3, 3, 3, 3, 3, 9, 3, 7, 3, 5, 3, 3]
minimum_height = 32
----------
x_coordinates = [0, 10, 22, 21, 0, 15, 5, 0, 14, 0, 6, 19, 0, 18, 7, 27, 0, 0, 19, 4]
y_coordinates = [0, 15, 21, 14, 12, 11, 28, 19, 25, 25, 22, 18, 16, 11, 12, 11, 22, 28, 21, 13]
x_dimensions = [30, 9, 8, 6, 4, 3, 25, 19, 16, 14, 13, 11, 10, 9, 8, 3, 6, 5, 3, 3]
y_dimensions = [11, 4, 4, 4, 4, 4, 3, 3, 3, 3, 3, 3, 3, 3, 3, 7, 3, 3, 4, 3]
minimum_height = 31
----------
% Pruned 49998 learnt clauses
% Pruned 49999 learnt clauses
% Pruned 50000 learnt clauses
% Pruned 49985 learnt clauses
x_coordinates = [0, 3, 12, 20, 26, 0, 0, 11, 14, 0, 17, 19, 3, 0, 9, 4, 13, 25, 0, 0]
y_coordinates = [4, 0, 0, 0, 0, 24, 21, 24, 15, 15, 27, 18, 18, 27, 27, 24, 18, 21, 0, 18]
x_dimensions = [30, 9, 8, 6, 4, 4, 25, 19, 16, 14, 13, 11, 10, 9, 8, 7, 6, 5, 3, 3]
y_dimensions = [11, 4, 4, 4, 4, 3, 3, 3, 3, 3, 3, 3, 3, 3, 3, 3, 3, 3, 4, 3]
minimum_height = 30
----------
==========
%%%mzn-stat: nodes=459081
%%%mzn-stat: failures=258965
%%%mzn-stat: restarts=4640
%%%mzn-stat: variables=11842
%%%mzn-stat: intVars=82
%%%mzn-stat: boolVariables=11758
%%%mzn-stat: propagators=1563
%%%mzn-stat: propagations=132823593
%%%mzn-stat: peakDepth=174
%%%mzn-stat: nogoods=258965
%%%mzn-stat: backjumps=79969
%%%mzn-stat: peakMem=0.00
%%%mzn-stat: time=69.087
%%%mzn-stat: initTime=0.027
%%%mzn-stat: solveTime=69.060
%%%mzn-stat: objective=30
%%%mzn-stat: optTime=69.059
%%%mzn-stat: baseMem=0.00
%%%mzn-stat: trailMem=0.02
%%%mzn-stat: randomSeed=1657542698
