x_coordinates = [0, 5, 17, 10, 32, 24, 18, 19, 20, 2, 17, 11, 37, 17, 12, 33, 27, 7, 29, 24]
y_coordinates = [83, 230, 161, 235, 26, 236, 232, 223, 239, 203, 227, 220, 17, 170, 240, 239, 240, 240, 237, 239]
x_dimensions = [40, 13, 12, 8, 5, 5, 22, 14, 4, 3, 16, 12, 3, 3, 8, 7, 6, 5, 4, 3]
y_dimensions = [22, 5, 5, 5, 4, 3, 4, 4, 4, 40, 3, 3, 10, 9, 3, 3, 3, 3, 3, 3]
minimum_height = 243
----------
x_coordinates = [2, 25, 16, 2, 22, 27, 0, 15, 32, 28, 0, 10, 25, 37, 20, 21, 31, 21, 36, 34]
y_coordinates = [120, 157, 228, 237, 236, 239, 233, 87, 238, 199, 230, 239, 113, 230, 222, 225, 227, 219, 239, 235]
x_dimensions = [22, 13, 12, 8, 5, 5, 22, 14, 4, 3, 16, 12, 3, 3, 8, 7, 6, 5, 4, 3]
y_dimensions = [40, 5, 5, 5, 4, 3, 4, 4, 4, 40, 3, 3, 10, 9, 3, 3, 3, 3, 3, 3]
minimum_height = 242
----------
x_coordinates = [0, 24, 16, 4, 30, 32, 15, 1, 34, 37, 21, 36, 16, 14, 17, 25, 30, 12, 30, 35]
y_coordinates = [17, 229, 193, 236, 192, 238, 234, 232, 197, 201, 226, 182, 65, 223, 238, 238, 189, 238, 196, 194]
x_dimensions = [40, 13, 12, 8, 5, 5, 22, 14, 4, 3, 16, 3, 10, 3, 8, 7, 6, 5, 4, 3]
y_dimensions = [22, 5, 5, 5, 4, 3, 4, 4, 4, 40, 3, 12, 3, 9, 3, 3, 3, 3, 3, 3]
minimum_height = 241
----------
x_coordinates = [0, 22, 21, 14, 35, 31, 18, 26, 35, 0, 20, 18, 29, 32, 14, 29, 29, 20, 36, 37]
y_coordinates = [64, 231, 219, 235, 235, 227, 215, 208, 231, 205, 212, 220, 15, 196, 232, 224, 237, 202, 225, 228]
x_dimensions = [40, 13, 12, 8, 4, 5, 22, 14, 4, 40, 16, 3, 10, 3, 8, 7, 6, 5, 4, 3]
y_dimensions = [22, 5, 5, 5, 5, 3, 4, 4, 4, 3, 3, 12, 3, 9, 3, 3, 3, 3, 3, 3]
minimum_height = 240
----------
x_coordinates = [0, 3, 16, 29, 36, 24, 15, 26, 32, 0, 13, 37, 33, 15, 29, 10, 28, 28, 9, 29]
y_coordinates = [71, 231, 231, 227, 234, 228, 139, 203, 235, 213, 236, 222, 40, 197, 221, 227, 232, 224, 236, 235]
x_dimensions = [40, 13, 12, 8, 4, 5, 22, 14, 4, 40, 16, 3, 3, 3, 8, 7, 6, 5, 4, 3]
y_dimensions = [22, 5, 5, 5, 5, 3, 4, 4, 4, 3, 3, 12, 10, 9, 3, 3, 3, 3, 3, 3]
minimum_height = 239
----------
x_coordinates = [12, 0, 20, 31, 13, 8, 16, 1, 36, 0, 17, 37, 6, 12, 29, 30, 14, 35, 32, 33]
y_coordinates = [29, 232, 233, 210, 230, 229, 215, 215, 234, 219, 230, 222, 224, 201, 222, 227, 235, 207, 235, 232]
x_dimensions = [22, 13, 12, 8, 4, 5, 22, 14, 4, 40, 16, 3, 10, 3, 8, 7, 6, 5, 4, 3]
y_dimensions = [40, 5, 5, 5, 5, 3, 4, 4, 4, 3, 3, 12, 3, 9, 3, 3, 3, 3, 3, 3]
minimum_height = 238
----------
x_coordinates = [0, 15, 28, 20, 2, 29, 16, 6, 36, 9, 14, 10, 6, 27, 9, 13, 6, 34, 5, 12]
y_coordinates = [53, 232, 231, 227, 230, 228, 219, 220, 215, 180, 224, 222, 198, 210, 121, 229, 234, 226, 217, 234]
x_dimensions = [40, 13, 12, 8, 4, 5, 22, 4, 4, 3, 16, 3, 3, 3, 8, 7, 6, 5, 4, 3]
y_dimensions = [22, 5, 5, 5, 5, 3, 4, 14, 4, 40, 3, 12, 10, 9, 3, 3, 3, 3, 3, 3]
minimum_height = 237
----------
x_coordinates = [0, 7, 28, 20, 0, 31, 1, 23, 36, 37, 15, 4, 4, 32, 5, 8, 22, 4, 0, 0]
y_coordinates = [36, 231, 231, 228, 230, 226, 220, 221, 226, 186, 225, 224, 176, 60, 217, 226, 233, 214, 224, 227]
x_dimensions = [40, 13, 12, 8, 4, 5, 22, 14, 4, 3, 16, 3, 3, 3, 8, 7, 6, 5, 4, 3]
y_dimensions = [22, 5, 5, 5, 5, 3, 4, 4, 4, 40, 3, 12, 10, 9, 3, 3, 3, 3, 3, 3]
minimum_height = 236
----------
x_coordinates = [0, 8, 20, 31, 0, 32, 11, 4, 36, 33, 24, 21, 12, 20, 10, 30, 25, 16, 0, 18]
y_coordinates = [64, 229, 205, 230, 228, 181, 219, 221, 223, 187, 227, 223, 126, 210, 226, 184, 232, 223, 225, 226]
x_dimensions = [40, 13, 12, 8, 4, 5, 22, 4, 4, 3, 16, 3, 10, 3, 8, 7, 6, 5, 4, 3]
y_dimensions = [22, 5, 5, 5, 5, 3, 4, 14, 4, 40, 3, 12, 3, 9, 3, 3, 3, 3, 3, 3]
minimum_height = 235
----------
x_coordinates = [0, 17, 22, 23, 19, 5, 10, 10, 33, 0, 24, 30, 36, 23, 22, 37, 33, 32, 32, 32]
y_coordinates = [25, 211, 195, 229, 229, 218, 218, 225, 215, 222, 225, 200, 204, 175, 208, 214, 231, 219, 228, 212]
x_dimensions = [40, 13, 12, 8, 4, 5, 22, 14, 4, 40, 16, 3, 3, 3, 8, 3, 6, 5, 4, 3]
y_dimensions = [22, 5, 5, 5, 5, 3, 4, 4, 4, 3, 3, 12, 10, 9, 3, 7, 3, 3, 3, 3]
minimum_height = 234
----------
x_coordinates = [0, 27, 17, 23, 5, 28, 6, 9, 36, 0, 24, 24, 37, 28, 16, 34, 18, 32, 11, 15]
y_coordinates = [37, 205, 200, 228, 227, 219, 218, 229, 228, 222, 225, 206, 212, 210, 213, 214, 225, 211, 226, 226]
x_dimensions = [40, 13, 12, 8, 4, 5, 22, 14, 4, 40, 16, 3, 3, 3, 8, 3, 6, 5, 4, 3]
y_dimensions = [22, 5, 5, 5, 5, 3, 4, 4, 4, 3, 3, 12, 10, 9, 3, 7, 3, 3, 3, 3]
minimum_height = 233
----------
x_coordinates = [0, 10, 19, 29, 19, 1, 7, 18, 36, 0, 22, 34, 31, 7, 31, 37, 23, 33, 15, 30]
y_coordinates = [111, 205, 208, 217, 213, 217, 218, 225, 225, 222, 229, 205, 204, 209, 196, 212, 215, 201, 215, 214]
x_dimensions = [40, 5, 12, 8, 4, 5, 22, 14, 4, 40, 16, 3, 3, 3, 8, 3, 6, 5, 4, 3]
y_dimensions = [22, 13, 5, 5, 5, 3, 4, 4, 4, 3, 3, 12, 10, 9, 3, 7, 3, 3, 3, 3]
minimum_height = 232
----------
x_coordinates = [0, 1, 17, 10, 6, 22, 8, 19, 36, 33, 3, 37, 32, 30, 9, 30, 27, 34, 2, 18]
y_coordinates = [75, 212, 214, 223, 223, 223, 219, 227, 214, 191, 228, 218, 179, 208, 216, 217, 224, 143, 225, 223]
x_dimensions = [40, 5, 12, 8, 4, 5, 22, 14, 4, 3, 16, 3, 3, 3, 8, 3, 6, 5, 4, 3]
y_dimensions = [22, 13, 5, 5, 5, 3, 4, 4, 4, 40, 3, 12, 10, 9, 3, 7, 3, 3, 3, 3]
minimum_height = 231
----------
x_coordinates = [0, 13, 22, 25, 30, 19, 15, 20, 36, 34, 18, 37, 32, 37, 30, 34, 33, 33, 16, 37]
y_coordinates = [74, 207, 211, 219, 203, 218, 226, 199, 219, 172, 208, 207, 18, 198, 11, 212, 223, 15, 202, 227]
x_dimensions = [40, 5, 12, 8, 4, 5, 22, 14, 4, 3, 16, 3, 3, 3, 8, 3, 6, 5, 4, 3]
y_dimensions = [22, 13, 5, 5, 5, 3, 4, 4, 4, 40, 3, 12, 10, 9, 3, 7, 3, 3, 3, 3]
minimum_height = 230
----------
x_coordinates = [0, 17, 22, 29, 33, 12, 15, 4, 36, 37, 18, 3, 34, 1, 5, 34, 34, 32, 17, 33]
y_coordinates = [79, 205, 216, 201, 209, 217, 221, 225, 182, 186, 226, 208, 188, 220, 199, 214, 226, 198, 218, 206]
x_dimensions = [40, 5, 12, 8, 4, 5, 22, 14, 4, 3, 16, 3, 3, 3, 8, 3, 6, 5, 4, 3]
y_dimensions = [22, 13, 5, 5, 5, 3, 4, 4, 4, 40, 3, 12, 10, 9, 3, 7, 3, 3, 3, 3]
minimum_height = 229
----------
x_coordinates = [0, 8, 24, 31, 36, 18, 15, 18, 36, 35, 16, 13, 35, 32, 15, 37, 31, 19, 15, 30]
y_coordinates = [111, 209, 219, 164, 216, 220, 224, 213, 169, 176, 210, 212, 57, 209, 168, 221, 173, 217, 207, 170]
x_dimensions = [40, 5, 12, 8, 4, 5, 22, 14, 4, 3, 16, 3, 3, 3, 8, 3, 6, 5, 4, 3]
y_dimensions = [22, 13, 5, 5, 5, 3, 4, 4, 4, 40, 3, 12, 10, 9, 3, 7, 3, 3, 3, 3]
minimum_height = 228
----------
x_coordinates = [0, 16, 27, 21, 26, 22, 30, 8, 36, 37, 19, 22, 25, 34, 14, 1, 29, 21, 4, 34]
y_coordinates = [82, 210, 222, 199, 217, 223, 200, 223, 178, 182, 194, 208, 207, 213, 207, 224, 197, 220, 221, 208]
x_dimensions = [40, 5, 12, 8, 4, 5, 4, 14, 4, 3, 16, 3, 3, 3, 8, 7, 6, 5, 4, 3]
y_dimensions = [22, 13, 5, 5, 5, 3, 22, 4, 4, 40, 3, 12, 10, 9, 3, 3, 3, 3, 3, 3]
minimum_height = 227
----------
x_coordinates = [0, 10, 28, 14, 24, 19, 36, 20, 36, 7, 23, 37, 27, 34, 32, 12, 35, 15, 32, 37]
y_coordinates = [29, 210, 221, 199, 221, 223, 171, 217, 193, 186, 197, 209, 206, 212, 200, 223, 203, 220, 192, 168]
x_dimensions = [40, 5, 12, 8, 4, 5, 4, 14, 4, 3, 16, 3, 3, 3, 8, 7, 3, 5, 4, 3]
y_dimensions = [22, 13, 5, 5, 5, 3, 22, 4, 4, 40, 3, 12, 10, 9, 3, 3, 6, 3, 3, 3]
minimum_height = 226
----------
x_coordinates = [0, 9, 25, 24, 21, 11, 32, 23, 36, 20, 24, 3, 6, 37, 0, 3, 17, 16, 14, 15]
y_coordinates = [111, 208, 220, 208, 220, 221, 191, 216, 209, 180, 213, 210, 212, 216, 212, 222, 212, 222, 212, 209]
x_dimensions = [40, 5, 12, 8, 4, 5, 4, 14, 4, 3, 16, 3, 3, 3, 3, 7, 3, 5, 3, 3]
y_dimensions = [22, 13, 5, 5, 5, 3, 22, 4, 4, 40, 3, 12, 10, 9, 8, 3, 6, 3, 4, 3]
minimum_height = 225
----------
x_coordinates = [0, 20, 25, 11, 35, 26, 19, 21, 15, 36, 37, 31, 23, 34, 24, 25, 34, 26, 28, 33]
y_coordinates = [102, 189, 201, 205, 156, 213, 202, 160, 200, 161, 208, 212, 213, 215, 209, 206, 208, 221, 217, 198]
x_dimensions = [40, 5, 12, 8, 4, 5, 4, 14, 4, 3, 3, 3, 3, 3, 8, 7, 3, 5, 3, 3]
y_dimensions = [22, 13, 5, 5, 5, 3, 22, 4, 4, 40, 16, 12, 10, 9, 3, 3, 6, 3, 4, 3]
minimum_height = 224
----------
x_coordinates = [0, 28, 27, 20, 36, 27, 20, 19, 36, 37, 4, 33, 24, 18, 36, 21, 37, 23, 17, 34]
y_coordinates = [11, 207, 202, 209, 157, 220, 187, 161, 153, 162, 212, 211, 199, 220, 213, 214, 207, 217, 201, 208]
x_dimensions = [40, 5, 12, 8, 4, 5, 4, 14, 4, 3, 16, 3, 3, 9, 3, 7, 3, 5, 3, 3]
y_dimensions = [22, 13, 5, 5, 5, 3, 22, 4, 4, 40, 3, 12, 10, 3, 8, 3, 6, 3, 4, 3]
minimum_height = 223
----------
x_coordinates = [0, 24, 28, 32, 24, 32, 20, 19, 36, 37, 4, 3, 28, 11, 29, 4, 37, 15, 1, 36]
y_coordinates = [100, 209, 203, 208, 201, 219, 200, 174, 159, 163, 219, 213, 192, 216, 216, 216, 216, 201, 218, 213]
x_dimensions = [40, 5, 12, 8, 4, 5, 4, 14, 4, 3, 16, 12, 3, 9, 8, 7, 3, 5, 3, 3]
y_dimensions = [22, 13, 5, 5, 5, 3, 22, 4, 4, 40, 3, 3, 10, 3, 3, 3, 6, 3, 4, 3]
minimum_height = 222
----------
x_coordinates = [4, 23, 28, 26, 25, 27, 33, 19, 36, 37, 2, 14, 26, 18, 34, 27, 37, 21, 16, 37]
y_coordinates = [91, 195, 204, 209, 186, 218, 182, 191, 160, 164, 218, 213, 176, 218, 213, 214, 215, 208, 194, 212]
x_dimensions = [22, 5, 12, 8, 4, 5, 4, 14, 4, 3, 16, 12, 3, 9, 3, 7, 3, 5, 3, 3]
y_dimensions = [40, 13, 5, 5, 5, 3, 22, 4, 4, 40, 3, 3, 10, 3, 8, 3, 6, 3, 4, 3]
minimum_height = 221
----------
x_coordinates = [0, 23, 28, 29, 31, 32, 31, 23, 36, 37, 16, 15, 26, 6, 37, 32, 27, 14, 26, 34]
y_coordinates = [46, 201, 204, 209, 168, 214, 182, 178, 200, 160, 214, 217, 159, 216, 212, 157, 217, 203, 197, 217]
x_dimensions = [40, 5, 12, 8, 4, 5, 4, 14, 4, 3, 16, 12, 3, 9, 3, 7, 6, 5, 3, 3]
y_dimensions = [22, 13, 5, 5, 5, 3, 22, 4, 4, 40, 3, 3, 10, 3, 8, 3, 3, 3, 4, 3]
minimum_height = 220
----------
x_coordinates = [0, 24, 29, 24, 34, 32, 31, 23, 36, 37, 0, 12, 28, 3, 37, 31, 34, 35, 21, 34]
y_coordinates = [68, 201, 202, 214, 155, 216, 180, 176, 203, 160, 201, 215, 152, 216, 211, 151, 207, 200, 201, 213]
x_dimensions = [40, 5, 5, 8, 4, 5, 4, 14, 4, 3, 3, 12, 3, 9, 3, 7, 3, 5, 3, 3]
y_dimensions = [22, 13, 12, 5, 5, 3, 22, 4, 4, 40, 16, 3, 10, 3, 8, 3, 6, 3, 4, 3]
minimum_height = 219
----------
x_coordinates = [0, 24, 32, 24, 31, 32, 20, 23, 5, 37, 9, 12, 23, 15, 37, 31, 29, 0, 12, 6]
y_coordinates = [84, 200, 202, 213, 197, 214, 190, 179, 209, 170, 202, 215, 161, 212, 210, 159, 207, 209, 211, 215]
x_dimensions = [40, 5, 5, 8, 4, 5, 4, 14, 4, 3, 3, 12, 3, 9, 3, 7, 3, 5, 3, 3]
y_dimensions = [22, 13, 12, 5, 5, 3, 22, 4, 4, 40, 16, 3, 10, 3, 8, 3, 6, 3, 4, 3]
minimum_height = 218
----------
x_coordinates = [0, 23, 28, 29, 33, 35, 31, 17, 7, 0, 11, 17, 27, 14, 3, 33, 37, 28, 8, 37]
y_coordinates = [105, 201, 202, 212, 207, 199, 180, 197, 206, 177, 200, 214, 172, 201, 214, 171, 207, 207, 200, 213]
x_dimensions = [40, 5, 12, 8, 4, 5, 4, 14, 4, 3, 3, 12, 3, 9, 8, 7, 3, 5, 3, 3]
y_dimensions = [22, 13, 5, 5, 5, 3, 22, 4, 4, 40, 16, 3, 10, 3, 3, 3, 6, 3, 4, 3]
minimum_height = 217
----------
x_coordinates = [0, 24, 29, 16, 3, 35, 20, 10, 3, 37, 0, 4, 28, 2, 6, 33, 34, 7, 34, 37]
y_coordinates = [107, 203, 204, 211, 201, 213, 183, 205, 206, 170, 200, 210, 193, 194, 213, 160, 207, 205, 203, 210]
x_dimensions = [40, 5, 5, 8, 4, 5, 4, 14, 4, 3, 3, 12, 3, 9, 8, 7, 3, 3, 3, 3]
y_dimensions = [22, 13, 12, 5, 5, 3, 22, 4, 4, 40, 16, 3, 10, 3, 3, 3, 6, 5, 4, 3]
minimum_height = 216
----------
x_coordinates = [0, 24, 29, 16, 15, 33, 29, 10, 6, 3, 0, 4, 28, 6, 8, 33, 34, 35, 1, 37]
y_coordinates = [101, 202, 203, 210, 199, 200, 181, 205, 205, 169, 195, 209, 171, 202, 212, 197, 209, 206, 211, 212]
x_dimensions = [40, 5, 5, 8, 4, 5, 4, 14, 4, 3, 3, 12, 3, 9, 8, 7, 3, 5, 3, 3]
y_dimensions = [22, 13, 12, 5, 5, 3, 22, 4, 4, 40, 16, 3, 10, 3, 3, 3, 6, 3, 4, 3]
minimum_height = 215
----------
x_coordinates = [16, 30, 35, 22, 19, 35, 23, 16, 7, 4, 27, 10, 34, 29, 2, 33, 34, 11, 13, 4]
y_coordinates = [0, 201, 202, 209, 200, 199, 183, 205, 206, 168, 189, 210, 161, 186, 211, 100, 180, 207, 203, 208]
x_dimensions = [22, 5, 5, 8, 4, 5, 4, 14, 4, 3, 3, 12, 3, 9, 8, 7, 3, 5, 3, 3]
y_dimensions = [40, 13, 12, 5, 5, 3, 22, 4, 4, 40, 16, 3, 10, 3, 3, 3, 6, 3, 4, 3]
minimum_height = 214
----------
x_coordinates = [0, 27, 28, 29, 24, 35, 5, 13, 9, 12, 21, 14, 37, 26, 6, 33, 34, 2, 14, 3]
y_coordinates = [64, 208, 203, 198, 201, 188, 187, 206, 205, 162, 190, 210, 191, 189, 210, 185, 192, 201, 202, 210]
x_dimensions = [40, 13, 12, 8, 4, 5, 4, 14, 4, 3, 3, 12, 3, 9, 8, 7, 3, 3, 3, 3]
y_dimensions = [22, 5, 5, 5, 5, 3, 22, 4, 4, 40, 16, 3, 10, 3, 3, 3, 6, 5, 4, 3]
minimum_height = 213
----------
x_coordinates = [1, 11, 28, 23, 31, 35, 4, 13, 36, 10, 1, 24, 23, 3, 7, 33, 37, 35, 8, 8]
y_coordinates = [91, 203, 207, 198, 199, 200, 190, 208, 203, 162, 195, 204, 157, 159, 151, 155, 158, 195, 206, 202]
x_dimensions = [22, 13, 12, 8, 4, 5, 4, 14, 4, 3, 3, 12, 3, 9, 3, 7, 3, 3, 3, 3]
y_dimensions = [40, 5, 5, 5, 5, 3, 22, 4, 4, 40, 16, 3, 10, 3, 8, 3, 6, 5, 4, 3]
minimum_height = 212
----------
x_coordinates = [0, 14, 35, 26, 31, 34, 10, 18, 36, 4, 27, 25, 23, 15, 7, 32, 37, 33, 30, 12]
y_coordinates = [101, 204, 193, 183, 201, 184, 189, 191, 205, 169, 195, 188, 178, 187, 186, 192, 187, 206, 207, 186]
x_dimensions = [40, 13, 5, 8, 4, 5, 4, 14, 4, 3, 3, 12, 3, 3, 3, 3, 3, 3, 3, 3]
y_dimensions = [22, 5, 12, 5, 5, 3, 22, 4, 4, 40, 16, 3, 10, 9, 8, 7, 6, 5, 4, 3]
minimum_height = 211
----------
x_coordinates = [0, 23, 35, 27, 36, 37, 8, 21, 36, 12, 33, 15, 28, 26, 7, 31, 37, 34, 18, 5]
y_coordinates = [64, 205, 176, 184, 201, 188, 186, 178, 206, 170, 189, 187, 192, 169, 177, 171, 170, 171, 175, 187]
x_dimensions = [40, 13, 5, 8, 4, 3, 4, 14, 4, 3, 3, 12, 3, 3, 3, 3, 3, 3, 3, 3]
y_dimensions = [22, 5, 12, 5, 5, 5, 22, 4, 4, 40, 16, 3, 10, 9, 8, 7, 6, 5, 4, 3]
minimum_height = 210
----------
x_coordinates = [0, 24, 32, 31, 36, 34, 8, 18, 17, 12, 37, 25, 28, 31, 31, 37, 7, 37, 15, 5]
y_coordinates = [82, 204, 175, 187, 170, 196, 186, 181, 205, 169, 193, 201, 191, 192, 167, 175, 174, 182, 184, 199]
x_dimensions = [40, 13, 5, 8, 4, 3, 4, 14, 4, 3, 3, 12, 3, 3, 3, 3, 3, 3, 3, 3]
y_dimensions = [22, 5, 12, 5, 5, 5, 22, 4, 4, 40, 16, 3, 10, 9, 8, 7, 6, 5, 4, 3]
minimum_height = 209
----------
x_coordinates = [0, 27, 35, 29, 32, 31, 10, 21, 30, 14, 34, 17, 37, 28, 30, 37, 6, 20, 18, 6]
y_coordinates = [101, 164, 174, 187, 169, 192, 168, 183, 204, 168, 192, 188, 195, 192, 175, 186, 182, 191, 184, 189]
x_dimensions = [40, 13, 5, 8, 4, 3, 4, 14, 4, 3, 3, 12, 3, 3, 3, 3, 3, 3, 3, 3]
y_dimensions = [22, 5, 12, 5, 5, 5, 22, 4, 4, 40, 16, 3, 10, 9, 8, 7, 6, 5, 4, 3]
minimum_height = 208
----------
x_coordinates = [0, 27, 35, 32, 31, 27, 14, 21, 28, 18, 34, 19, 37, 37, 31, 21, 18, 17, 11, 11]
y_coordinates = [94, 169, 174, 202, 176, 200, 173, 181, 203, 145, 186, 185, 159, 187, 185, 194, 192, 201, 184, 192]
x_dimensions = [40, 13, 5, 8, 4, 5, 4, 14, 4, 3, 3, 12, 3, 3, 3, 3, 3, 5, 3, 3]
y_dimensions = [22, 5, 12, 5, 5, 3, 22, 4, 4, 40, 16, 3, 10, 9, 8, 7, 6, 3, 4, 3]
minimum_height = 207
----------
x_coordinates = [0, 24, 9, 29, 5, 37, 14, 26, 28, 18, 34, 22, 28, 33, 37, 37, 36, 29, 21, 19]
y_coordinates = [95, 185, 194, 185, 196, 189, 184, 181, 198, 163, 190, 202, 165, 172, 173, 197, 167, 195, 184, 203]
x_dimensions = [40, 5, 5, 8, 4, 3, 4, 14, 4, 3, 3, 12, 3, 3, 3, 3, 3, 5, 3, 3]
y_dimensions = [22, 13, 12, 5, 5, 5, 22, 4, 4, 40, 16, 3, 10, 9, 8, 7, 6, 3, 4, 3]
minimum_height = 206
----------
x_coordinates = [13, 31, 33, 29, 36, 37, 16, 22, 12, 19, 24, 28, 28, 26, 15, 34, 9, 29, 16, 37]
y_coordinates = [97, 162, 175, 193, 164, 197, 143, 191, 191, 165, 187, 190, 167, 195, 196, 198, 194, 202, 192, 194]
x_dimensions = [22, 5, 5, 8, 4, 3, 4, 4, 4, 3, 16, 12, 3, 3, 3, 3, 3, 5, 3, 3]
y_dimensions = [40, 13, 12, 5, 5, 5, 22, 14, 4, 40, 3, 3, 10, 9, 8, 7, 6, 3, 4, 3]
minimum_height = 205
----------
x_coordinates = [0, 28, 21, 29, 25, 37, 18, 25, 36, 23, 24, 12, 23, 16, 37, 20, 9, 22, 13, 20]
y_coordinates = [86, 174, 175, 194, 167, 194, 153, 200, 190, 126, 187, 187, 190, 201, 179, 194, 189, 172, 198, 191]
x_dimensions = [40, 5, 5, 8, 4, 3, 4, 14, 4, 3, 16, 12, 3, 9, 3, 3, 3, 5, 3, 3]
y_dimensions = [22, 13, 12, 5, 5, 5, 22, 4, 4, 40, 3, 3, 10, 3, 8, 7, 6, 3, 4, 3]
minimum_height = 204
----------
x_coordinates = [1, 32, 21, 32, 2, 37, 7, 26, 36, 11, 4, 14, 25, 27, 37, 22, 19, 6, 22, 5]
y_coordinates = [77, 172, 176, 193, 180, 198, 181, 185, 189, 163, 187, 188, 193, 190, 176, 196, 192, 178, 192, 175]
x_dimensions = [22, 5, 5, 8, 4, 3, 4, 14, 4, 3, 3, 12, 3, 9, 3, 3, 3, 5, 3, 3]
y_dimensions = [40, 13, 12, 5, 5, 5, 22, 4, 4, 40, 16, 3, 10, 3, 8, 7, 6, 3, 4, 3]
minimum_height = 203
----------
x_coordinates = [0, 27, 28, 30, 32, 29, 18, 36, 32, 15, 12, 16, 27, 17, 33, 25, 22, 14, 24, 9]
y_coordinates = [73, 147, 182, 142, 147, 194, 178, 185, 195, 148, 186, 188, 199, 191, 187, 191, 192, 145, 198, 190]
x_dimensions = [40, 5, 5, 8, 4, 3, 22, 4, 4, 3, 3, 12, 10, 3, 3, 3, 3, 5, 3, 3]
y_dimensions = [22, 13, 12, 5, 5, 5, 4, 14, 4, 40, 16, 3, 3, 9, 8, 7, 6, 3, 4, 3]
minimum_height = 202
----------
x_coordinates = [12, 12, 33, 32, 36, 37, 18, 14, 19, 37, 19, 28, 18, 25, 17, 37, 34, 33, 34, 11]
y_coordinates = [38, 128, 136, 113, 124, 119, 132, 187, 190, 148, 198, 195, 194, 189, 123, 188, 185, 129, 191, 197]
x_dimensions = [22, 5, 5, 8, 4, 3, 22, 4, 4, 3, 16, 12, 10, 9, 3, 3, 3, 5, 3, 3]
y_dimensions = [40, 13, 12, 5, 5, 5, 4, 14, 4, 40, 3, 3, 3, 3, 8, 7, 6, 3, 4, 3]
minimum_height = 201
----------
x_coordinates = [0, 15, 32, 31, 29, 33, 36, 19, 26, 12, 20, 29, 30, 19, 20, 23, 21, 24, 33, 30]
y_coordinates = [64, 186, 163, 158, 189, 192, 175, 182, 196, 160, 186, 170, 197, 179, 192, 193, 172, 174, 181, 194]
x_dimensions = [40, 5, 5, 8, 4, 3, 4, 14, 4, 3, 16, 3, 10, 9, 3, 3, 3, 5, 3, 3]
y_dimensions = [22, 13, 12, 5, 5, 5, 22, 4, 4, 40, 3, 12, 3, 3, 8, 7, 6, 3, 4, 3]
minimum_height = 200
----------
x_coordinates = [0, 24, 34, 30, 32, 37, 36, 18, 31, 12, 24, 29, 26, 3, 28, 15, 21, 33, 0, 35]
y_coordinates = [98, 179, 154, 135, 191, 169, 177, 192, 176, 159, 166, 180, 196, 190, 170, 191, 186, 186, 189, 174]
x_dimensions = [40, 5, 5, 8, 4, 3, 4, 14, 4, 3, 16, 3, 10, 9, 3, 3, 3, 3, 3, 3]
y_dimensions = [22, 13, 12, 5, 5, 5, 22, 4, 4, 40, 3, 12, 3, 3, 8, 7, 6, 5, 4, 3]
minimum_height = 199
----------
x_coordinates = [0, 21, 35, 30, 28, 32, 36, 23, 32, 27, 19, 29, 26, 20, 33, 16, 27, 11, 37, 34]
y_coordinates = [96, 183, 164, 134, 190, 170, 176, 125, 189, 135, 175, 178, 195, 180, 180, 174, 129, 174, 128, 131]
x_dimensions = [40, 5, 5, 8, 4, 3, 4, 14, 4, 3, 16, 3, 10, 9, 3, 3, 3, 5, 3, 3]
y_dimensions = [22, 13, 12, 5, 5, 5, 22, 4, 4, 40, 3, 12, 3, 3, 8, 7, 6, 3, 4, 3]
minimum_height = 198
----------
x_coordinates = [5, 7, 33, 30, 32, 37, 12, 16, 36, 20, 24, 34, 11, 23, 37, 24, 31, 9, 37, 9]
y_coordinates = [12, 181, 160, 153, 192, 172, 172, 179, 193, 154, 177, 180, 194, 191, 181, 188, 185, 171, 189, 176]
x_dimensions = [22, 5, 5, 8, 4, 3, 4, 4, 4, 3, 16, 3, 10, 9, 3, 7, 3, 3, 3, 3]
y_dimensions = [40, 13, 12, 5, 5, 5, 22, 14, 4, 40, 3, 12, 3, 3, 8, 3, 6, 5, 4, 3]
minimum_height = 197
----------
x_coordinates = [0, 32, 32, 31, 34, 37, 28, 33, 17, 21, 37, 18, 27, 24, 30, 27, 32, 25, 25, 25]
y_coordinates = [36, 169, 157, 143, 138, 168, 163, 182, 180, 156, 180, 184, 148, 193, 185, 186, 151, 167, 182, 172]
x_dimensions = [40, 5, 5, 8, 4, 3, 4, 4, 4, 3, 3, 3, 10, 9, 3, 3, 3, 3, 3, 3]
y_dimensions = [22, 13, 12, 5, 5, 5, 22, 14, 4, 40, 16, 12, 3, 3, 8, 7, 6, 5, 4, 3]
minimum_height = 196
----------
x_coordinates = [0, 35, 33, 32, 36, 33, 31, 35, 21, 28, 21, 18, 26, 28, 37, 30, 36, 24, 25, 23]
y_coordinates = [96, 134, 166, 129, 147, 178, 144, 152, 191, 143, 186, 183, 183, 192, 187, 189, 180, 151, 191, 182]
x_dimensions = [40, 5, 5, 8, 4, 3, 4, 4, 4, 3, 16, 3, 10, 9, 3, 7, 3, 3, 3, 3]
y_dimensions = [22, 13, 12, 5, 5, 5, 22, 14, 4, 40, 3, 12, 3, 3, 8, 3, 6, 5, 4, 3]
minimum_height = 195
----------
x_coordinates = [0, 35, 34, 32, 16, 36, 13, 34, 13, 9, 21, 15, 27, 27, 1, 18, 37, 11, 36, 12]
y_coordinates = [28, 159, 172, 67, 157, 140, 168, 145, 178, 154, 187, 182, 184, 191, 189, 187, 184, 147, 190, 186]
x_dimensions = [40, 5, 5, 8, 4, 3, 22, 4, 4, 3, 16, 3, 10, 9, 8, 3, 3, 3, 3, 3]
y_dimensions = [22, 13, 12, 5, 5, 5, 4, 14, 4, 40, 3, 12, 3, 3, 3, 7, 6, 5, 4, 3]
minimum_height = 194
----------
x_coordinates = [0, 35, 34, 32, 11, 36, 31, 36, 33, 13, 24, 10, 27, 28, 16, 26, 37, 15, 37, 24]
y_coordinates = [81, 155, 168, 124, 148, 136, 146, 141, 186, 153, 190, 181, 183, 180, 189, 187, 184, 147, 180, 182]
x_dimensions = [40, 5, 5, 8, 4, 3, 4, 4, 4, 3, 16, 3, 10, 9, 8, 7, 3, 3, 3, 3]
y_dimensions = [22, 13, 12, 5, 5, 5, 22, 14, 4, 40, 3, 12, 3, 3, 3, 3, 6, 5, 4, 3]
minimum_height = 193
----------
x_coordinates = [0, 2, 35, 32, 8, 36, 23, 36, 12, 20, 24, 10, 27, 28, 13, 0, 7, 11, 37, 21]
y_coordinates = [43, 174, 171, 147, 170, 152, 166, 157, 170, 148, 189, 180, 186, 183, 188, 188, 185, 164, 185, 188]
x_dimensions = [40, 5, 5, 8, 4, 3, 4, 4, 4, 3, 16, 3, 10, 9, 8, 7, 3, 3, 3, 3]
y_dimensions = [22, 13, 12, 5, 5, 5, 22, 14, 4, 40, 3, 12, 3, 3, 3, 3, 6, 5, 4, 3]
minimum_height = 192
----------
x_coordinates = [13, 1, 35, 32, 31, 36, 21, 34, 10, 14, 24, 11, 27, 28, 6, 17, 37, 18, 25, 27]
y_coordinates = [0, 176, 169, 145, 171, 150, 166, 155, 168, 149, 188, 175, 181, 185, 188, 188, 182, 167, 184, 149]
x_dimensions = [22, 5, 5, 8, 4, 3, 4, 4, 4, 3, 16, 3, 10, 9, 8, 7, 3, 3, 3, 3]
y_dimensions = [40, 13, 12, 5, 5, 5, 22, 14, 4, 40, 3, 12, 3, 3, 3, 3, 6, 5, 4, 3]
minimum_height = 191
----------
x_coordinates = [0, 18, 1, 32, 5, 36, 23, 36, 11, 15, 22, 12, 30, 28, 6, 14, 37, 20, 37, 27]
y_coordinates = [89, 172, 177, 146, 171, 151, 165, 159, 170, 147, 187, 174, 173, 180, 186, 187, 181, 167, 177, 175]
x_dimensions = [40, 5, 5, 8, 4, 3, 4, 4, 4, 3, 16, 3, 10, 9, 8, 7, 3, 3, 3, 3]
y_dimensions = [22, 13, 12, 5, 5, 5, 22, 14, 4, 40, 3, 12, 3, 3, 3, 3, 6, 5, 4, 3]
minimum_height = 190
----------
x_coordinates = [7, 0, 35, 32, 33, 37, 16, 36, 33, 13, 26, 10, 27, 31, 8, 20, 37, 10, 5, 24]
y_coordinates = [30, 176, 167, 143, 162, 162, 165, 148, 179, 146, 165, 174, 183, 186, 186, 185, 180, 161, 184, 182]
x_dimensions = [22, 5, 5, 8, 4, 3, 4, 4, 4, 3, 3, 3, 10, 9, 8, 7, 3, 3, 3, 3]
y_dimensions = [40, 13, 12, 5, 5, 5, 22, 14, 4, 40, 16, 12, 3, 3, 3, 3, 6, 5, 4, 3]
minimum_height = 189
----------
x_coordinates = [0, 5, 35, 32, 33, 37, 16, 34, 31, 13, 26, 10, 27, 28, 4, 20, 37, 9, 1, 2]
y_coordinates = [59, 172, 169, 145, 164, 164, 166, 150, 178, 148, 166, 173, 182, 185, 185, 183, 181, 162, 184, 181]
x_dimensions = [40, 5, 5, 8, 4, 3, 4, 4, 4, 3, 3, 3, 10, 9, 8, 7, 3, 3, 3, 3]
y_dimensions = [22, 13, 12, 5, 5, 5, 22, 14, 4, 40, 16, 12, 3, 3, 3, 3, 6, 5, 4, 3]
minimum_height = 188
----------
x_coordinates = [0, 6, 35, 30, 13, 37, 20, 36, 33, 17, 31, 14, 30, 31, 32, 24, 11, 22, 27, 29]
y_coordinates = [88, 174, 169, 128, 157, 163, 164, 144, 161, 147, 165, 175, 184, 181, 158, 180, 180, 157, 183, 162]
x_dimensions = [40, 5, 5, 8, 4, 3, 4, 4, 4, 3, 3, 3, 10, 9, 8, 7, 3, 3, 3, 3]
y_dimensions = [22, 13, 12, 5, 5, 5, 22, 14, 4, 40, 16, 12, 3, 3, 3, 3, 6, 5, 4, 3]
minimum_height = 187
----------
x_coordinates = [0, 12, 7, 32, 13, 26, 20, 36, 36, 17, 36, 16, 2, 28, 19, 27, 37, 22, 24, 34]
y_coordinates = [92, 173, 171, 140, 158, 175, 164, 145, 176, 146, 160, 134, 183, 180, 143, 183, 180, 157, 182, 183]
x_dimensions = [40, 5, 5, 8, 4, 3, 4, 4, 4, 3, 3, 3, 10, 9, 8, 7, 3, 3, 3, 3]
y_dimensions = [22, 13, 12, 5, 5, 5, 22, 14, 4, 40, 16, 12, 3, 3, 3, 3, 6, 5, 4, 3]
minimum_height = 186
----------
x_coordinates = [0, 15, 23, 32, 10, 36, 0, 36, 35, 22, 35, 20, 30, 28, 14, 23, 37, 33, 12, 9]
y_coordinates = [91, 172, 170, 131, 163, 167, 168, 153, 172, 130, 137, 173, 182, 179, 165, 182, 176, 166, 181, 181]
x_dimensions = [40, 5, 5, 8, 4, 3, 22, 4, 4, 3, 3, 3, 10, 9, 8, 7, 3, 3, 3, 3]
y_dimensions = [22, 13, 12, 5, 5, 5, 4, 14, 4, 40, 16, 12, 3, 3, 3, 3, 6, 5, 4, 3]
minimum_height = 185
----------
x_coordinates = [0, 27, 0, 31, 23, 5, 6, 34, 34, 27, 37, 26, 27, 28, 3, 28, 37, 20, 31, 33]
y_coordinates = [50, 118, 172, 113, 130, 176, 171, 130, 180, 131, 164, 106, 177, 171, 164, 174, 158, 130, 163, 168]
x_dimensions = [40, 5, 5, 8, 4, 3, 22, 4, 4, 3, 3, 3, 10, 9, 3, 7, 3, 3, 3, 3]
y_dimensions = [22, 13, 12, 5, 5, 5, 4, 14, 4, 40, 16, 12, 3, 3, 8, 3, 6, 5, 4, 3]
minimum_height = 184
----------
x_coordinates = [0, 28, 0, 30, 36, 37, 6, 36, 35, 27, 33, 26, 11, 31, 3, 24, 5, 0, 21, 20]
y_coordinates = [60, 166, 171, 123, 165, 170, 168, 151, 175, 126, 159, 113, 177, 179, 163, 179, 174, 164, 178, 174]
x_dimensions = [40, 5, 5, 8, 4, 3, 22, 4, 4, 3, 3, 3, 10, 9, 3, 7, 3, 3, 3, 3]
y_dimensions = [22, 13, 12, 5, 5, 5, 4, 14, 4, 40, 16, 12, 3, 3, 8, 3, 6, 5, 4, 3]
minimum_height = 183
----------
x_coordinates = [0, 31, 5, 32, 24, 35, 10, 36, 34, 28, 35, 29, 14, 31, 32, 24, 27, 21, 23, 21]
y_coordinates = [84, 146, 170, 124, 158, 140, 167, 145, 178, 127, 159, 114, 171, 175, 166, 173, 176, 158, 177, 174]
x_dimensions = [40, 5, 5, 8, 4, 3, 22, 4, 4, 3, 3, 3, 10, 9, 3, 7, 3, 3, 3, 3]
y_dimensions = [22, 13, 12, 5, 5, 5, 4, 14, 4, 40, 16, 12, 3, 3, 8, 3, 6, 5, 4, 3]
minimum_height = 182
----------
x_coordinates = [4, 31, 4, 30, 24, 35, 9, 36, 36, 28, 35, 30, 30, 27, 37, 32, 24, 21, 24, 21]
y_coordinates = [32, 161, 169, 110, 159, 121, 167, 148, 162, 127, 126, 115, 174, 172, 166, 178, 175, 161, 171, 174]
x_dimensions = [22, 5, 5, 8, 4, 3, 22, 4, 4, 3, 3, 3, 10, 3, 3, 7, 3, 3, 3, 3]
y_dimensions = [40, 13, 12, 5, 5, 5, 4, 14, 4, 40, 16, 12, 3, 9, 8, 3, 6, 5, 4, 3]
minimum_height = 181
----------
x_coordinates = [0, 35, 35, 32, 36, 37, 14, 36, 35, 34, 37, 36, 20, 30, 16, 33, 11, 11, 17, 14]
y_coordinates = [31, 120, 77, 25, 115, 152, 102, 89, 173, 133, 157, 103, 177, 170, 172, 177, 172, 102, 176, 176]
x_dimensions = [40, 5, 5, 8, 4, 3, 22, 4, 4, 3, 3, 3, 10, 3, 8, 7, 3, 3, 3, 3]
y_dimensions = [22, 13, 12, 5, 5, 5, 4, 14, 4, 40, 16, 12, 3, 9, 3, 3, 6, 5, 4, 3]
minimum_height = 180
----------
x_coordinates = [0, 33, 33, 32, 33, 36, 12, 5, 36, 9, 37, 11, 24, 34, 1, 13, 37, 30, 21, 37]
y_coordinates = [25, 137, 117, 112, 159, 132, 171, 160, 166, 139, 150, 127, 175, 170, 174, 175, 170, 162, 175, 176]
x_dimensions = [40, 5, 5, 8, 4, 3, 22, 4, 4, 3, 3, 3, 10, 3, 8, 7, 3, 3, 3, 3]
y_dimensions = [22, 13, 12, 5, 5, 5, 4, 14, 4, 40, 16, 12, 3, 9, 3, 3, 6, 5, 4, 3]
minimum_height = 179
----------
x_coordinates = [0, 34, 35, 32, 36, 37, 18, 8, 36, 15, 36, 17, 30, 27, 22, 30, 24, 12, 37, 36]
y_coordinates = [26, 137, 104, 98, 162, 116, 156, 164, 167, 138, 121, 126, 171, 166, 175, 174, 169, 165, 174, 159]
x_dimensions = [40, 5, 5, 8, 4, 3, 4, 4, 4, 3, 3, 3, 10, 3, 8, 7, 3, 3, 3, 3]
y_dimensions = [22, 13, 12, 5, 5, 5, 22, 14, 4, 40, 16, 12, 3, 9, 3, 3, 6, 5, 4, 3]
minimum_height = 178
----------
x_coordinates = [0, 31, 34, 31, 34, 35, 15, 11, 34, 8, 35, 32, 20, 30, 19, 33, 2, 5, 27, 29]
y_coordinates = [86, 136, 117, 62, 172, 131, 155, 162, 165, 137, 149, 153, 170, 168, 174, 169, 171, 171, 173, 164]
x_dimensions = [40, 5, 5, 8, 4, 3, 4, 4, 4, 3, 3, 3, 10, 3, 8, 7, 3, 3, 3, 3]
y_dimensions = [22, 13, 12, 5, 5, 5, 22, 14, 4, 40, 16, 12, 3, 9, 3, 3, 6, 5, 4, 3]
minimum_height = 177
----------
x_coordinates = [0, 35, 33, 32, 33, 37, 10, 3, 22, 0, 27, 7, 17, 30, 14, 33, 14, 30, 26, 24]
y_coordinates = [79, 152, 140, 132, 165, 165, 154, 161, 171, 136, 156, 164, 168, 167, 173, 170, 167, 162, 172, 165]
x_dimensions = [40, 5, 5, 8, 4, 3, 4, 4, 4, 3, 3, 3, 10, 3, 8, 7, 3, 3, 3, 3]
y_dimensions = [22, 13, 12, 5, 5, 5, 22, 14, 4, 40, 16, 12, 3, 9, 3, 3, 6, 5, 4, 3]
minimum_height = 176
----------
x_coordinates = [4, 33, 33, 32, 36, 37, 35, 32, 24, 34, 31, 35, 11, 28, 27, 4, 37, 37, 21, 20]
y_coordinates = [28, 71, 59, 54, 126, 170, 96, 118, 171, 132, 156, 84, 172, 172, 95, 171, 131, 164, 171, 168]
x_dimensions = [22, 5, 5, 8, 4, 3, 4, 4, 4, 3, 3, 3, 10, 9, 8, 7, 3, 3, 3, 3]
y_dimensions = [40, 13, 12, 5, 5, 5, 22, 14, 4, 40, 16, 12, 3, 3, 3, 3, 6, 5, 4, 3]
minimum_height = 175
----------
x_coordinates = [0, 34, 33, 31, 36, 5, 27, 24, 20, 27, 8, 28, 11, 2, 22, 32, 27, 29, 21, 20]
y_coordinates = [35, 150, 94, 115, 163, 169, 95, 160, 166, 117, 156, 168, 171, 165, 92, 171, 157, 162, 170, 163]
x_dimensions = [40, 5, 5, 8, 4, 3, 4, 4, 4, 3, 3, 12, 10, 3, 8, 7, 6, 3, 3, 3]
y_dimensions = [22, 13, 12, 5, 5, 5, 22, 14, 4, 40, 16, 3, 3, 9, 3, 3, 3, 5, 4, 3]
minimum_height = 174
----------
x_coordinates = [0, 30, 33, 30, 34, 12, 34, 36, 19, 35, 26, 32, 16, 29, 22, 5, 30, 22, 23, 25]
y_coordinates = [5, 145, 80, 50, 114, 168, 92, 159, 169, 119, 157, 158, 166, 161, 91, 168, 170, 157, 169, 113]
x_dimensions = [40, 5, 5, 8, 4, 3, 4, 4, 4, 3, 3, 3, 10, 3, 8, 7, 6, 3, 3, 3]
y_dimensions = [22, 13, 12, 5, 5, 5, 22, 14, 4, 40, 16, 12, 3, 9, 3, 3, 3, 5, 4, 3]
minimum_height = 173
----------
x_coordinates = [8, 22, 33, 0, 35, 32, 18, 36, 32, 35, 34, 33, 20, 30, 32, 13, 27, 25, 30, 29]
y_coordinates = [51, 136, 69, 89, 137, 85, 93, 158, 81, 97, 142, 160, 157, 159, 90, 157, 169, 164, 156, 141]
x_dimensions = [22, 13, 5, 8, 4, 3, 22, 4, 4, 3, 3, 3, 10, 3, 8, 7, 6, 3, 4, 3]
y_dimensions = [40, 5, 12, 5, 5, 5, 4, 14, 4, 40, 16, 12, 3, 9, 3, 3, 3, 5, 3, 3]
minimum_height = 172
----------
x_coordinates = [11, 28, 13, 32, 35, 32, 18, 36, 32, 35, 34, 33, 27, 37, 32, 32, 30, 33, 35, 33]
y_coordinates = [84, 147, 72, 63, 124, 127, 80, 148, 76, 84, 132, 156, 168, 162, 70, 73, 161, 148, 129, 153]
x_dimensions = [22, 5, 5, 8, 4, 3, 22, 4, 4, 3, 3, 3, 10, 3, 8, 7, 3, 3, 4, 3]
y_dimensions = [40, 13, 12, 5, 5, 5, 4, 14, 4, 40, 16, 12, 3, 9, 3, 3, 6, 5, 3, 3]
minimum_height = 171
----------
x_coordinates = [0, 25, 35, 32, 33, 21, 15, 22, 18, 25, 37, 19, 26, 36, 21, 32, 13, 27, 33, 35]
y_coordinates = [84, 139, 126, 106, 141, 147, 152, 156, 143, 44, 142, 157, 167, 161, 136, 138, 167, 162, 146, 158]
x_dimensions = [40, 5, 5, 8, 4, 3, 22, 4, 4, 3, 3, 3, 10, 3, 8, 7, 6, 3, 4, 3]
y_dimensions = [22, 13, 12, 5, 5, 5, 4, 14, 4, 40, 16, 12, 3, 9, 3, 3, 3, 5, 3, 3]
minimum_height = 170
----------
x_coordinates = [0, 29, 33, 30, 33, 23, 18, 27, 20, 0, 17, 34, 26, 36, 19, 31, 24, 37, 37, 35]
y_coordinates = [83, 142, 71, 107, 164, 158, 126, 155, 163, 139, 150, 152, 136, 130, 80, 157, 163, 154, 162, 148]
x_dimensions = [40, 5, 5, 8, 4, 3, 22, 4, 4, 40, 3, 3, 10, 3, 8, 3, 3, 3, 3, 3]
y_dimensions = [22, 13, 12, 5, 5, 5, 4, 14, 4, 3, 16, 12, 3, 9, 3, 7, 6, 5, 4, 3]
minimum_height = 169
----------
x_coordinates = [0, 23, 33, 32, 26, 7, 18, 19, 4, 0, 8, 37, 24, 1, 32, 34, 13, 35, 30, 33]
y_coordinates = [83, 147, 125, 120, 163, 156, 140, 148, 161, 144, 162, 156, 160, 159, 137, 158, 159, 151, 164, 165]
x_dimensions = [40, 5, 5, 8, 4, 3, 22, 4, 4, 40, 16, 3, 10, 3, 8, 3, 6, 3, 3, 3]
y_dimensions = [22, 13, 12, 5, 5, 5, 4, 14, 4, 3, 3, 12, 3, 9, 3, 7, 3, 5, 4, 3]
minimum_height = 168
----------
x_coordinates = [0, 22, 26, 29, 30, 11, 18, 36, 13, 37, 14, 19, 27, 8, 16, 37, 16, 27, 34, 29]
y_coordinates = [82, 154, 70, 65, 153, 152, 138, 142, 157, 42, 151, 155, 160, 155, 79, 156, 161, 155, 156, 163]
x_dimensions = [40, 5, 5, 8, 4, 3, 22, 4, 4, 3, 16, 3, 10, 3, 8, 3, 3, 3, 3, 3]
y_dimensions = [22, 13, 12, 5, 5, 5, 4, 14, 4, 40, 3, 12, 3, 9, 3, 7, 6, 5, 4, 3]
minimum_height = 167
----------
x_coordinates = [0, 24, 13, 2, 29, 10, 18, 33, 12, 36, 13, 21, 11, 7, 32, 37, 15, 17, 30, 12]
y_coordinates = [82, 153, 105, 150, 152, 151, 108, 152, 156, 112, 150, 154, 160, 155, 105, 159, 163, 155, 159, 163]
x_dimensions = [40, 5, 5, 8, 4, 3, 22, 4, 4, 3, 16, 3, 10, 3, 8, 3, 6, 3, 3, 3]
y_dimensions = [22, 13, 12, 5, 5, 5, 4, 14, 4, 40, 3, 12, 3, 9, 3, 7, 3, 5, 4, 3]
minimum_height = 166
----------
x_coordinates = [0, 25, 33, 26, 32, 30, 18, 36, 14, 37, 15, 22, 16, 34, 15, 34, 10, 7, 37, 13]
y_coordinates = [51, 147, 91, 160, 116, 155, 140, 103, 157, 117, 116, 150, 162, 149, 102, 158, 159, 156, 157, 161]
x_dimensions = [40, 5, 5, 8, 4, 3, 4, 4, 4, 3, 16, 3, 10, 3, 8, 3, 3, 3, 3, 3]
y_dimensions = [22, 13, 12, 5, 5, 5, 22, 14, 4, 40, 3, 12, 3, 9, 3, 7, 6, 5, 4, 3]
minimum_height = 165
----------
x_coordinates = [0, 31, 34, 27, 32, 37, 9, 36, 24, 37, 16, 24, 18, 6, 26, 37, 28, 37, 37, 15]
y_coordinates = [51, 151, 117, 146, 135, 150, 153, 136, 157, 10, 135, 141, 161, 154, 128, 129, 158, 155, 160, 161]
x_dimensions = [40, 5, 5, 8, 4, 3, 22, 4, 4, 3, 16, 3, 10, 3, 8, 3, 3, 3, 3, 3]
y_dimensions = [22, 13, 12, 5, 5, 5, 4, 14, 4, 40, 3, 12, 3, 9, 3, 7, 6, 5, 4, 3]
minimum_height = 164
----------
x_coordinates = [0, 35, 21, 27, 36, 35, 13, 36, 25, 37, 20, 24, 26, 7, 28, 35, 29, 26, 21, 32]
y_coordinates = [51, 150, 118, 148, 126, 145, 153, 131, 157, 79, 130, 141, 138, 149, 116, 119, 157, 125, 160, 160]
x_dimensions = [40, 5, 5, 8, 4, 3, 22, 4, 4, 3, 16, 3, 10, 3, 8, 3, 3, 3, 4, 3]
y_dimensions = [22, 13, 12, 5, 5, 5, 4, 14, 4, 40, 3, 12, 3, 9, 3, 7, 6, 5, 3, 3]
minimum_height = 163
----------
x_coordinates = [0, 31, 33, 29, 27, 37, 9, 13, 36, 6, 24, 23, 25, 20, 30, 37, 21, 17, 36, 34]
y_coordinates = [51, 149, 119, 144, 151, 148, 158, 140, 157, 122, 138, 146, 141, 149, 131, 141, 137, 147, 153, 135]
x_dimensions = [40, 5, 5, 8, 4, 3, 22, 4, 4, 3, 16, 3, 10, 3, 8, 3, 3, 3, 3, 3]
y_dimensions = [22, 13, 12, 5, 5, 5, 4, 14, 4, 40, 3, 12, 3, 9, 3, 7, 6, 5, 4, 3]
minimum_height = 162
----------
x_coordinates = [0, 35, 34, 27, 17, 29, 15, 36, 21, 37, 20, 24, 25, 37, 23, 37, 32, 34, 35, 21]
y_coordinates = [56, 148, 44, 153, 144, 147, 114, 118, 157, 78, 131, 144, 158, 132, 111, 141, 146, 140, 40, 147]
x_dimensions = [40, 5, 5, 8, 4, 3, 22, 4, 4, 3, 16, 3, 10, 3, 8, 3, 3, 3, 3, 3]
y_dimensions = [22, 13, 12, 5, 5, 5, 4, 14, 4, 40, 3, 12, 3, 9, 3, 7, 6, 5, 4, 3]
minimum_height = 161
----------
x_coordinates = [0, 8, 33, 0, 30, 27, 8, 20, 16, 37, 24, 24, 30, 23, 19, 37, 34, 21, 7, 34]
y_coordinates = [56, 151, 127, 154, 150, 150, 156, 137, 147, 87, 141, 144, 155, 128, 125, 148, 146, 151, 147, 152]
x_dimensions = [40, 13, 5, 8, 4, 3, 22, 4, 4, 3, 16, 3, 10, 3, 8, 3, 3, 3, 3, 3]
y_dimensions = [22, 5, 12, 5, 5, 5, 4, 14, 4, 40, 3, 12, 3, 9, 3, 7, 6, 5, 4, 3]
minimum_height = 160
----------
x_coordinates = [0, 3, 35, 2, 32, 35, 16, 12, 36, 37, 20, 24, 27, 26, 19, 36, 37, 36, 0, 34]
y_coordinates = [53, 149, 120, 154, 147, 132, 136, 135, 144, 80, 144, 147, 156, 135, 119, 137, 153, 148, 150, 153]
x_dimensions = [40, 13, 5, 8, 4, 3, 4, 4, 4, 3, 16, 3, 10, 3, 8, 3, 3, 3, 3, 3]
y_dimensions = [22, 5, 12, 5, 5, 5, 22, 14, 4, 40, 3, 12, 3, 9, 3, 7, 6, 5, 4, 3]
minimum_height = 159
----------
x_coordinates = [0, 11, 35, 0, 31, 32, 24, 17, 36, 5, 21, 28, 12, 21, 9, 10, 37, 8, 14, 34]
y_coordinates = [55, 150, 136, 153, 147, 152, 136, 135, 148, 113, 133, 146, 155, 141, 135, 143, 152, 152, 146, 155]
x_dimensions = [40, 13, 5, 8, 4, 5, 4, 4, 4, 3, 16, 3, 10, 3, 8, 3, 3, 3, 3, 3]
y_dimensions = [22, 5, 12, 5, 5, 3, 22, 14, 4, 40, 3, 12, 3, 9, 3, 7, 6, 5, 4, 3]
minimum_height = 158
----------
x_coordinates = [0, 19, 33, 8, 32, 35, 23, 16, 36, 37, 20, 27, 30, 29, 25, 36, 37, 31, 16, 34]
y_coordinates = [55, 149, 119, 145, 149, 131, 124, 133, 147, 79, 146, 134, 143, 125, 117, 136, 151, 134, 148, 154]
x_dimensions = [40, 13, 5, 8, 4, 3, 4, 4, 4, 3, 16, 3, 10, 3, 8, 3, 3, 3, 3, 3]
y_dimensions = [22, 5, 12, 5, 5, 5, 22, 14, 4, 40, 3, 12, 3, 9, 3, 7, 6, 5, 4, 3]
minimum_height = 157
----------
x_coordinates = [0, 7, 34, 0, 32, 35, 13, 8, 36, 37, 24, 27, 30, 24, 25, 12, 37, 10, 4, 34]
y_coordinates = [54, 151, 117, 140, 148, 141, 144, 129, 146, 76, 129, 132, 138, 135, 115, 136, 150, 143, 149, 153]
x_dimensions = [40, 13, 5, 8, 4, 3, 22, 4, 4, 3, 16, 3, 10, 3, 8, 3, 3, 3, 3, 3]
y_dimensions = [22, 5, 12, 5, 5, 5, 4, 14, 4, 40, 3, 12, 3, 9, 3, 7, 6, 5, 4, 3]
minimum_height = 156
----------
x_coordinates = [0, 4, 33, 13, 0, 10, 18, 20, 6, 9, 17, 3, 27, 32, 32, 24, 37, 36, 16, 36]
y_coordinates = [65, 150, 119, 142, 149, 145, 148, 133, 146, 105, 152, 137, 145, 136, 131, 141, 142, 137, 138, 134]
x_dimensions = [40, 13, 5, 5, 4, 3, 22, 4, 4, 3, 16, 3, 10, 3, 8, 3, 3, 3, 3, 3]
y_dimensions = [22, 5, 12, 8, 5, 5, 4, 14, 4, 40, 3, 12, 3, 9, 3, 7, 6, 5, 4, 3]
minimum_height = 155
----------
x_coordinates = [0, 23, 35, 3, 14, 11, 18, 20, 19, 8, 7, 15, 27, 0, 22, 24, 37, 36, 35, 35]
y_coordinates = [51, 149, 127, 144, 148, 147, 145, 131, 150, 114, 111, 136, 142, 144, 127, 138, 139, 149, 109, 113]
x_dimensions = [40, 13, 5, 5, 4, 3, 22, 4, 4, 3, 16, 3, 10, 3, 8, 3, 3, 3, 3, 3]
y_dimensions = [22, 5, 12, 8, 5, 5, 4, 14, 4, 40, 3, 12, 3, 9, 3, 7, 6, 5, 4, 3]
minimum_height = 154
----------
x_coordinates = [0, 24, 34, 3, 14, 11, 18, 29, 10, 8, 7, 0, 14, 26, 32, 33, 37, 36, 36, 37]
y_coordinates = [51, 143, 114, 142, 147, 144, 148, 129, 149, 109, 106, 141, 142, 134, 126, 136, 142, 137, 133, 108]
x_dimensions = [40, 13, 5, 5, 4, 3, 22, 4, 4, 3, 16, 3, 10, 3, 8, 3, 3, 3, 3, 3]
y_dimensions = [22, 5, 12, 8, 5, 5, 4, 14, 4, 40, 3, 12, 3, 9, 3, 7, 6, 5, 4, 3]
minimum_height = 153
----------
x_coordinates = [0, 10, 35, 6, 14, 11, 18, 33, 36, 3, 9, 0, 23, 2, 32, 0, 37, 36, 22, 37]
y_coordinates = [51, 138, 113, 143, 147, 147, 144, 130, 148, 112, 135, 133, 141, 103, 127, 145, 137, 108, 148, 134]
x_dimensions = [40, 13, 5, 5, 4, 3, 22, 4, 4, 3, 16, 3, 10, 3, 8, 3, 3, 3, 3, 3]
y_dimensions = [22, 5, 12, 8, 5, 5, 4, 14, 4, 40, 3, 12, 3, 9, 3, 7, 6, 5, 4, 3]
minimum_height = 152
----------
x_coordinates = [0, 20, 33, 8, 18, 16, 21, 32, 16, 18, 2, 5, 19, 29, 24, 33, 37, 37, 31, 37]
y_coordinates = [56, 146, 119, 144, 97, 142, 121, 131, 147, 102, 135, 139, 143, 137, 118, 145, 139, 134, 101, 131]
x_dimensions = [40, 13, 5, 8, 4, 3, 4, 4, 4, 3, 3, 3, 10, 3, 8, 7, 3, 3, 3, 3]
y_dimensions = [22, 5, 12, 5, 5, 5, 22, 14, 4, 40, 16, 12, 3, 9, 3, 3, 6, 5, 4, 3]
minimum_height = 151
----------
x_coordinates = [0, 17, 35, 9, 26, 16, 23, 33, 23, 27, 6, 0, 20, 30, 20, 33, 3, 37, 37, 37]
y_coordinates = [51, 141, 114, 145, 97, 100, 119, 133, 104, 101, 134, 138, 146, 140, 107, 147, 142, 138, 143, 135]
x_dimensions = [40, 13, 5, 8, 5, 3, 4, 4, 4, 3, 3, 3, 10, 3, 3, 7, 3, 3, 3, 3]
y_dimensions = [22, 5, 12, 5, 4, 5, 22, 14, 4, 40, 16, 12, 3, 9, 8, 3, 6, 5, 4, 3]
minimum_height = 150
----------
x_coordinates = [1, 27, 33, 16, 35, 36, 36, 36, 35, 37, 13, 10, 24, 35, 28, 23, 34, 36, 34, 36]
y_coordinates = [70, 57, 31, 144, 65, 91, 69, 43, 96, 109, 133, 137, 144, 100, 90, 95, 139, 24, 145, 62]
x_dimensions = [22, 13, 5, 8, 5, 3, 4, 4, 4, 3, 3, 3, 10, 3, 8, 3, 3, 3, 3, 3]
y_dimensions = [40, 5, 12, 5, 4, 5, 22, 14, 4, 40, 16, 12, 3, 9, 3, 7, 6, 5, 4, 3]
minimum_height = 149
----------
x_coordinates = [0, 27, 33, 35, 35, 18, 23, 36, 33, 33, 19, 37, 20, 37, 26, 17, 16, 37, 30, 36]
y_coordinates = [50, 95, 72, 87, 100, 103, 93, 134, 104, 108, 132, 117, 115, 107, 90, 115, 142, 129, 115, 84]
x_dimensions = [40, 13, 5, 5, 5, 3, 4, 4, 4, 3, 3, 3, 10, 3, 8, 3, 3, 3, 3, 3]
y_dimensions = [22, 5, 12, 8, 4, 5, 22, 14, 4, 40, 16, 12, 3, 9, 3, 7, 6, 5, 4, 3]
minimum_height = 148
----------
x_coordinates = [0, 27, 33, 12, 30, 17, 20, 36, 33, 37, 6, 27, 24, 34, 23, 9, 17, 36, 37, 36]
y_coordinates = [59, 142, 46, 135, 132, 135, 125, 84, 137, 98, 129, 130, 127, 128, 97, 129, 140, 41, 138, 81]
x_dimensions = [40, 13, 5, 5, 4, 3, 4, 4, 4, 3, 3, 3, 10, 3, 8, 3, 3, 3, 3, 3]
y_dimensions = [22, 5, 12, 8, 5, 5, 22, 14, 4, 40, 16, 12, 3, 9, 3, 7, 6, 5, 4, 3]
minimum_height = 147
----------
x_coordinates = [0, 17, 34, 3, 33, 10, 8, 36, 13, 37, 0, 9, 27, 30, 16, 0, 12, 36, 36, 36]
y_coordinates = [51, 141, 73, 135, 137, 141, 137, 88, 141, 102, 120, 125, 134, 137, 101, 136, 131, 41, 142, 85]
x_dimensions = [40, 13, 5, 5, 4, 3, 22, 4, 4, 3, 3, 3, 10, 3, 8, 3, 3, 3, 3, 3]
y_dimensions = [22, 5, 12, 8, 5, 5, 4, 14, 4, 40, 16, 12, 3, 9, 3, 7, 6, 5, 4, 3]
minimum_height = 146
----------
x_coordinates = [0, 26, 35, 22, 33, 25, 0, 36, 23, 27, 16, 33, 12, 30, 19, 37, 36, 36, 22, 36]
y_coordinates = [51, 96, 102, 132, 139, 141, 138, 114, 128, 101, 122, 127, 142, 136, 125, 137, 131, 91, 140, 128]
x_dimensions = [40, 13, 5, 5, 4, 5, 22, 4, 4, 3, 3, 3, 10, 3, 8, 3, 3, 3, 3, 3]
y_dimensions = [22, 5, 12, 8, 5, 3, 4, 14, 4, 40, 16, 12, 3, 9, 3, 7, 6, 5, 4, 3]
minimum_height = 145
----------
x_coordinates = [0, 27, 35, 23, 36, 32, 1, 36, 26, 30, 17, 14, 20, 31, 22, 34, 28, 36, 37, 36]
y_coordinates = [58, 92, 99, 136, 126, 138, 139, 112, 132, 97, 123, 127, 129, 141, 125, 131, 137, 84, 136, 89]
x_dimensions = [40, 13, 5, 5, 4, 5, 22, 4, 4, 3, 3, 3, 10, 9, 8, 3, 3, 3, 3, 3]
y_dimensions = [22, 5, 12, 8, 5, 3, 4, 14, 4, 40, 16, 12, 3, 3, 3, 7, 6, 5, 4, 3]
minimum_height = 144
----------
x_coordinates = [0, 27, 35, 23, 36, 34, 9, 36, 36, 32, 17, 6, 20, 31, 28, 37, 30, 37, 29, 37]
y_coordinates = [52, 74, 93, 131, 122, 119, 139, 105, 134, 79, 123, 128, 126, 138, 133, 127, 126, 47, 118, 87]
x_dimensions = [40, 13, 5, 5, 4, 5, 22, 4, 4, 3, 3, 3, 10, 9, 8, 3, 3, 3, 3, 3]
y_dimensions = [22, 5, 12, 8, 5, 3, 4, 14, 4, 40, 16, 12, 3, 3, 3, 7, 6, 5, 4, 3]
minimum_height = 143
----------
x_coordinates = [0, 27, 33, 23, 36, 35, 10, 34, 33, 28, 17, 4, 7, 31, 20, 37, 11, 37, 32, 36]
y_coordinates = [54, 93, 81, 134, 127, 101, 98, 113, 133, 102, 126, 130, 131, 139, 131, 132, 139, 76, 100, 98]
x_dimensions = [40, 13, 5, 5, 4, 5, 22, 4, 4, 3, 3, 3, 10, 9, 8, 3, 6, 3, 3, 3]
y_dimensions = [22, 5, 12, 8, 5, 3, 4, 14, 4, 40, 16, 12, 3, 3, 3, 7, 3, 5, 4, 3]
minimum_height = 142
----------
x_coordinates = [4, 27, 34, 0, 20, 35, 5, 36, 36, 29, 24, 17, 27, 27, 32, 10, 26, 37, 23, 35]
y_coordinates = [68, 89, 102, 133, 130, 128, 137, 114, 137, 94, 134, 125, 83, 138, 131, 133, 128, 79, 126, 86]
x_dimensions = [22, 13, 5, 5, 4, 5, 22, 4, 4, 3, 16, 3, 10, 9, 8, 7, 3, 3, 3, 3]
y_dimensions = [40, 5, 12, 8, 5, 3, 4, 14, 4, 40, 3, 12, 3, 3, 3, 3, 6, 5, 4, 3]
minimum_height = 141
----------
x_coordinates = [0, 27, 33, 32, 36, 32, 7, 36, 25, 34, 37, 29, 24, 12, 4, 22, 33, 35, 37, 35]
y_coordinates = [10, 81, 46, 135, 130, 86, 128, 62, 134, 89, 114, 128, 125, 137, 128, 133, 129, 76, 88, 59]
x_dimensions = [40, 13, 5, 8, 4, 5, 22, 4, 4, 3, 3, 3, 10, 9, 3, 3, 3, 3, 3, 3]
y_dimensions = [22, 5, 12, 5, 5, 3, 4, 14, 4, 40, 16, 12, 3, 3, 8, 7, 6, 5, 4, 3]
minimum_height = 140
----------
x_coordinates = [0, 27, 33, 35, 30, 35, 10, 35, 34, 35, 27, 32, 26, 32, 16, 24, 37, 35, 37, 35]
y_coordinates = [8, 73, 40, 118, 134, 126, 117, 59, 135, 78, 123, 113, 56, 125, 133, 132, 129, 35, 55, 52]
x_dimensions = [40, 13, 5, 5, 4, 5, 22, 4, 4, 3, 3, 3, 10, 3, 8, 3, 3, 3, 3, 3]
y_dimensions = [22, 5, 12, 8, 5, 3, 4, 14, 4, 40, 16, 12, 3, 9, 3, 7, 6, 5, 4, 3]
minimum_height = 139
----------
x_coordinates = [0, 27, 33, 34, 31, 14, 18, 36, 36, 34, 25, 19, 30, 34, 28, 11, 35, 37, 22, 37]
y_coordinates = [1, 72, 33, 77, 131, 130, 68, 45, 128, 88, 122, 126, 85, 59, 128, 130, 132, 123, 127, 65]
x_dimensions = [40, 13, 5, 5, 4, 5, 22, 4, 4, 3, 3, 3, 10, 3, 8, 3, 3, 3, 3, 3]
y_dimensions = [22, 5, 12, 8, 5, 3, 4, 14, 4, 40, 16, 12, 3, 9, 3, 7, 6, 5, 4, 3]
minimum_height = 138
----------
x_coordinates = [0, 27, 35, 35, 32, 35, 16, 36, 36, 28, 25, 20, 3, 13, 31, 35, 26, 37, 23, 35]
y_coordinates = [51, 89, 77, 118, 132, 126, 115, 97, 132, 94, 117, 125, 133, 128, 129, 111, 134, 46, 133, 94]
x_dimensions = [40, 13, 5, 5, 4, 5, 4, 4, 4, 3, 3, 3, 10, 3, 8, 3, 6, 3, 3, 3]
y_dimensions = [22, 5, 12, 8, 5, 3, 22, 14, 4, 40, 16, 12, 3, 9, 3, 7, 3, 5, 4, 3]
minimum_height = 137
----------
x_coordinates = [3, 27, 35, 35, 33, 4, 22, 36, 29, 26, 34, 37, 28, 36, 29, 15, 9, 36, 25, 37]
y_coordinates = [64, 91, 53, 103, 131, 133, 114, 65, 132, 96, 112, 124, 88, 79, 128, 133, 133, 48, 78, 121]
x_dimensions = [22, 13, 5, 5, 4, 5, 4, 4, 4, 3, 3, 3, 10, 3, 8, 7, 6, 3, 3, 3]
y_dimensions = [40, 5, 12, 8, 5, 3, 22, 14, 4, 40, 16, 12, 3, 9, 3, 3, 3, 5, 4, 3]
minimum_height = 136
----------
x_coordinates = [5, 9, 34, 32, 36, 2, 36, 6, 7, 30, 27, 11, 30, 33, 32, 35, 23, 37, 29, 37]
y_coordinates = [45, 85, 96, 130, 81, 132, 108, 117, 131, 89, 77, 130, 86, 121, 78, 71, 130, 89, 129, 68]
x_dimensions = [22, 13, 5, 8, 4, 5, 4, 4, 4, 3, 3, 12, 10, 3, 8, 3, 6, 3, 3, 3]
y_dimensions = [40, 5, 12, 5, 5, 3, 22, 14, 4, 40, 16, 3, 3, 9, 3, 7, 3, 5, 4, 3]
minimum_height = 135
----------
x_coordinates = [7, 5, 34, 24, 35, 19, 29, 1, 2, 31, 27, 6, 30, 31, 32, 37, 18, 37, 32, 37]
y_coordinates = [51, 124, 113, 129, 130, 128, 63, 116, 130, 85, 113, 129, 125, 60, 57, 84, 131, 52, 128, 81]
x_dimensions = [22, 13, 5, 8, 5, 5, 4, 4, 4, 3, 3, 12, 10, 9, 8, 3, 6, 3, 3, 3]
y_dimensions = [40, 5, 12, 5, 4, 3, 22, 14, 4, 40, 16, 3, 3, 3, 3, 7, 3, 5, 4, 3]
minimum_height = 134
----------
x_coordinates = [3, 27, 33, 20, 36, 11, 28, 16, 36, 27, 26, 28, 29, 31, 32, 37, 23, 37, 31, 37]
y_coordinates = [47, 40, 86, 128, 118, 127, 48, 117, 129, 70, 110, 126, 123, 45, 108, 111, 122, 35, 129, 69]
x_dimensions = [22, 13, 5, 8, 4, 5, 4, 4, 4, 3, 3, 12, 10, 9, 8, 3, 3, 3, 3, 3]
y_dimensions = [40, 5, 12, 5, 5, 3, 22, 14, 4, 40, 16, 3, 3, 3, 3, 7, 6, 5, 4, 3]
minimum_height = 133
----------
x_coordinates = [7, 27, 34, 35, 36, 22, 29, 23, 36, 32, 27, 28, 30, 31, 32, 37, 20, 37, 32, 37]
y_coordinates = [41, 32, 37, 121, 113, 112, 56, 117, 109, 78, 113, 129, 118, 53, 50, 77, 126, 27, 125, 74]
x_dimensions = [22, 13, 5, 5, 4, 5, 4, 4, 4, 3, 3, 12, 10, 9, 8, 3, 3, 3, 3, 3]
y_dimensions = [40, 5, 12, 8, 5, 3, 22, 14, 4, 40, 16, 3, 3, 3, 3, 7, 6, 5, 4, 3]
minimum_height = 132
----------
x_coordinates = [6, 27, 35, 35, 36, 21, 31, 15, 36, 32, 29, 28, 22, 31, 31, 37, 19, 37, 32, 37]
y_coordinates = [61, 51, 97, 120, 115, 114, 62, 116, 111, 84, 107, 128, 123, 59, 56, 83, 125, 44, 124, 80]
x_dimensions = [22, 13, 5, 5, 4, 5, 4, 4, 4, 3, 3, 12, 10, 9, 8, 3, 3, 3, 3, 3]
y_dimensions = [40, 5, 12, 8, 5, 3, 22, 14, 4, 40, 16, 3, 3, 3, 3, 7, 6, 5, 4, 3]
minimum_height = 131
----------
x_coordinates = [5, 27, 34, 30, 36, 22, 14, 8, 35, 27, 12, 28, 15, 31, 32, 34, 25, 36, 35, 35]
y_coordinates = [40, 72, 92, 119, 118, 117, 80, 116, 114, 84, 113, 127, 122, 77, 111, 104, 124, 60, 123, 69]
x_dimensions = [22, 13, 5, 5, 4, 5, 22, 4, 4, 3, 3, 12, 10, 9, 8, 3, 3, 3, 3, 3]
y_dimensions = [40, 5, 12, 8, 5, 3, 4, 14, 4, 40, 16, 3, 3, 3, 3, 7, 6, 5, 4, 3]
minimum_height = 130
----------
x_coordinates = [9, 27, 34, 32, 36, 24, 11, 25, 36, 29, 9, 25, 12, 31, 32, 36, 22, 37, 37, 37]
y_coordinates = [41, 36, 95, 118, 111, 109, 81, 112, 107, 86, 113, 126, 124, 78, 85, 88, 121, 117, 125, 122]
x_dimensions = [22, 13, 5, 5, 4, 5, 22, 4, 4, 3, 3, 12, 10, 9, 8, 3, 3, 3, 3, 3]
y_dimensions = [40, 5, 12, 8, 5, 3, 4, 14, 4, 40, 16, 3, 3, 3, 3, 7, 6, 5, 4, 3]
minimum_height = 129
----------
x_coordinates = [5, 27, 33, 35, 36, 20, 14, 28, 35, 25, 12, 28, 15, 31, 32, 35, 22, 37, 32, 35]
y_coordinates = [44, 64, 69, 118, 106, 105, 84, 114, 102, 88, 110, 111, 125, 81, 92, 95, 113, 59, 124, 115]
x_dimensions = [22, 13, 5, 5, 4, 5, 22, 4, 4, 3, 3, 12, 10, 9, 8, 3, 3, 3, 3, 3]
y_dimensions = [40, 5, 12, 8, 5, 3, 4, 14, 4, 40, 16, 3, 3, 3, 3, 7, 6, 5, 4, 3]
minimum_height = 128
----------
x_coordinates = [5, 27, 33, 35, 34, 30, 18, 18, 35, 35, 22, 24, 25, 31, 32, 34, 32, 36, 36, 34]
y_coordinates = [30, 44, 29, 119, 63, 60, 71, 113, 59, 79, 111, 76, 118, 68, 49, 52, 121, 24, 75, 41]
x_dimensions = [22, 13, 5, 5, 4, 5, 22, 4, 4, 3, 3, 12, 10, 9, 8, 3, 3, 3, 3, 3]
y_dimensions = [40, 5, 12, 8, 5, 3, 4, 14, 4, 40, 16, 3, 3, 3, 3, 7, 6, 5, 4, 3]
minimum_height = 127
----------
x_coordinates = [0, 27, 33, 33, 36, 28, 36, 16, 35, 33, 20, 22, 23, 31, 32, 35, 30, 37, 35, 37]
y_coordinates = [59, 43, 48, 118, 77, 66, 96, 112, 63, 78, 110, 75, 117, 70, 67, 31, 120, 38, 73, 60]
x_dimensions = [22, 13, 5, 5, 4, 3, 4, 4, 4, 3, 3, 12, 10, 9, 8, 3, 3, 3, 3, 3]
y_dimensions = [40, 5, 12, 8, 5, 5, 22, 14, 4, 40, 16, 3, 3, 3, 3, 7, 6, 5, 4, 3]
minimum_height = 126
----------
x_coordinates = [5, 17, 30, 32, 36, 2, 33, 25, 27, 36, 12, 28, 15, 37, 31, 14, 29, 36, 37, 36]
y_coordinates = [39, 79, 81, 120, 50, 54, 58, 111, 54, 80, 109, 44, 119, 71, 55, 79, 119, 39, 67, 47]
x_dimensions = [22, 13, 5, 8, 4, 3, 4, 4, 4, 3, 3, 12, 10, 3, 8, 3, 3, 3, 3, 3]
y_dimensions = [40, 5, 12, 5, 5, 5, 22, 14, 4, 40, 16, 3, 3, 9, 3, 7, 6, 5, 4, 3]
minimum_height = 125
----------
x_coordinates = [2, 24, 30, 32, 33, 26, 35, 36, 29, 37, 29, 28, 27, 33, 29, 37, 33, 35, 35, 35]
y_coordinates = [58, 61, 92, 119, 53, 56, 97, 72, 54, 29, 108, 69, 66, 83, 58, 86, 77, 17, 93, 26]
x_dimensions = [22, 13, 5, 8, 4, 3, 4, 4, 4, 3, 3, 12, 10, 3, 8, 3, 3, 3, 3, 3]
y_dimensions = [40, 5, 12, 5, 5, 5, 22, 14, 4, 40, 16, 3, 3, 9, 3, 7, 6, 5, 4, 3]
minimum_height = 124
----------
x_coordinates = [18, 27, 31, 35, 33, 32, 33, 21, 36, 37, 30, 28, 25, 34, 30, 28, 18, 36, 31, 34]
y_coordinates = [7, 64, 52, 72, 84, 72, 98, 79, 60, 83, 107, 80, 77, 89, 69, 92, 79, 55, 94, 49]
x_dimensions = [22, 13, 5, 5, 4, 3, 4, 4, 4, 3, 3, 12, 10, 3, 8, 3, 3, 3, 3, 3]
y_dimensions = [40, 5, 12, 8, 5, 5, 22, 14, 4, 40, 16, 3, 3, 9, 3, 7, 6, 5, 4, 3]
minimum_height = 123
----------
x_coordinates = [10, 29, 33, 35, 36, 37, 34, 0, 36, 32, 26, 4, 19, 37, 2, 3, 16, 37, 7, 37]
y_coordinates = [59, 101, 48, 78, 86, 73, 100, 98, 66, 60, 106, 99, 99, 91, 77, 91, 99, 60, 95, 70]
x_dimensions = [22, 5, 5, 5, 4, 3, 4, 4, 4, 3, 3, 12, 10, 3, 8, 3, 3, 3, 3, 3]
y_dimensions = [40, 13, 12, 8, 5, 5, 22, 14, 4, 40, 16, 3, 3, 9, 3, 7, 6, 5, 4, 3]
minimum_height = 122
----------
x_coordinates = [14, 30, 33, 33, 36, 35, 9, 5, 36, 37, 33, 19, 20, 35, 31, 17, 34, 37, 30, 37]
y_coordinates = [59, 108, 47, 39, 34, 107, 102, 98, 60, 64, 23, 99, 106, 111, 100, 106, 104, 26, 38, 31]
x_dimensions = [22, 5, 5, 5, 4, 5, 22, 4, 4, 3, 3, 12, 10, 3, 3, 3, 6, 3, 3, 3]
y_dimensions = [40, 13, 12, 8, 5, 3, 4, 14, 4, 40, 16, 3, 3, 9, 8, 7, 3, 5, 4, 3]
minimum_height = 121
----------
x_coordinates = [14, 32, 35, 35, 2, 6, 36, 10, 36, 37, 11, 25, 21, 5, 31, 29, 36, 36, 36, 37]
y_coordinates = [59, 104, 47, 17, 72, 76, 25, 98, 73, 77, 66, 101, 116, 98, 117, 106, 67, 8, 63, 13]
x_dimensions = [22, 5, 5, 5, 4, 5, 4, 4, 4, 3, 3, 12, 10, 3, 8, 3, 3, 3, 3, 3]
y_dimensions = [40, 13, 12, 8, 5, 3, 22, 14, 4, 40, 16, 3, 3, 9, 3, 7, 6, 5, 4, 3]
minimum_height = 120
----------
x_coordinates = [15, 35, 35, 35, 8, 24, 36, 11, 33, 30, 5, 18, 20, 9, 32, 12, 37, 37, 27, 36]
y_coordinates = [36, 103, 81, 95, 80, 79, 14, 104, 77, 76, 74, 102, 115, 71, 116, 75, 75, 70, 79, 11]
x_dimensions = [22, 5, 5, 5, 4, 3, 4, 4, 4, 3, 3, 12, 10, 3, 8, 3, 3, 3, 3, 3]
y_dimensions = [40, 13, 12, 8, 5, 5, 22, 14, 4, 40, 16, 3, 3, 9, 3, 7, 6, 5, 4, 3]
minimum_height = 119
----------
x_coordinates = [14, 32, 33, 33, 8, 36, 36, 10, 36, 4, 37, 22, 22, 7, 32, 6, 34, 36, 29, 36]
y_coordinates = [56, 102, 44, 35, 84, 90, 64, 94, 86, 78, 95, 97, 114, 89, 115, 71, 96, 30, 107, 61]
x_dimensions = [22, 5, 5, 5, 4, 3, 4, 4, 4, 3, 3, 12, 10, 3, 8, 3, 3, 3, 3, 3]
y_dimensions = [40, 13, 12, 8, 5, 5, 22, 14, 4, 40, 16, 3, 3, 9, 3, 7, 6, 5, 4, 3]
minimum_height = 118
----------
x_coordinates = [15, 35, 34, 33, 33, 8, 36, 14, 15, 11, 5, 27, 22, 13, 32, 8, 37, 36, 32, 36]
y_coordinates = [57, 103, 42, 4, 98, 103, 20, 97, 101, 77, 96, 54, 101, 41, 103, 74, 96, 12, 111, 17]
x_dimensions = [22, 5, 5, 5, 4, 3, 4, 14, 4, 3, 3, 12, 10, 3, 3, 7, 3, 3, 3, 3]
y_dimensions = [40, 13, 12, 8, 5, 5, 22, 4, 4, 40, 16, 3, 3, 9, 8, 3, 6, 5, 4, 3]
minimum_height = 117
----------
x_coordinates = [15, 35, 33, 33, 8, 16, 36, 20, 33, 12, 29, 28, 25, 14, 32, 14, 37, 37, 26, 36]
y_coordinates = [57, 103, 9, 21, 96, 102, 32, 50, 99, 76, 97, 54, 113, 48, 105, 45, 96, 3, 102, 29]
x_dimensions = [22, 5, 5, 5, 4, 3, 4, 14, 4, 3, 3, 12, 10, 3, 3, 7, 3, 3, 3, 3]
y_dimensions = [40, 13, 12, 8, 5, 5, 22, 4, 4, 40, 16, 3, 3, 9, 8, 3, 6, 5, 4, 3]
minimum_height = 116
----------
x_coordinates = [16, 27, 15, 34, 10, 14, 36, 22, 33, 21, 24, 23, 27, 12, 35, 20, 21, 37, 37, 36]
y_coordinates = [21, 110, 67, 92, 110, 107, 70, 17, 106, 68, 99, 65, 103, 60, 62, 61, 108, 100, 105, 18]
x_dimensions = [22, 13, 5, 5, 4, 3, 4, 14, 4, 3, 3, 12, 10, 3, 3, 3, 3, 3, 3, 3]
y_dimensions = [40, 5, 12, 8, 5, 5, 22, 4, 4, 40, 16, 3, 3, 9, 8, 7, 6, 5, 4, 3]
minimum_height = 115
----------
x_coordinates = [18, 24, 35, 34, 16, 20, 31, 20, 33, 25, 23, 25, 26, 19, 37, 22, 27, 35, 36, 35]
y_coordinates = [53, 109, 41, 2, 108, 108, 31, 6, 105, 13, 93, 10, 100, 44, 106, 46, 103, 33, 102, 38]
x_dimensions = [22, 13, 5, 5, 4, 3, 4, 14, 4, 3, 3, 12, 10, 3, 3, 3, 3, 3, 4, 3]
y_dimensions = [40, 5, 12, 8, 5, 5, 22, 4, 4, 40, 16, 3, 3, 9, 8, 7, 6, 5, 3, 3]
minimum_height = 114
----------
x_coordinates = [18, 27, 35, 35, 20, 30, 14, 26, 33, 26, 24, 26, 27, 31, 32, 23, 27, 36, 37, 36]
y_coordinates = [54, 108, 42, 31, 98, 100, 91, 7, 101, 14, 97, 11, 105, 96, 38, 94, 98, 24, 103, 39]
x_dimensions = [22, 13, 5, 5, 4, 3, 4, 14, 4, 3, 3, 12, 10, 9, 3, 7, 3, 3, 3, 3]
y_dimensions = [40, 5, 12, 8, 5, 5, 22, 4, 4, 40, 16, 3, 3, 3, 8, 3, 6, 5, 4, 3]
minimum_height = 113
----------
x_coordinates = [18, 23, 6, 34, 10, 19, 11, 24, 36, 0, 15, 3, 25, 31, 35, 32, 22, 35, 35, 37]
y_coordinates = [55, 107, 92, 35, 107, 103, 82, 51, 106, 72, 94, 104, 102, 48, 95, 95, 101, 43, 103, 31]
x_dimensions = [22, 13, 5, 5, 4, 3, 4, 14, 4, 3, 3, 12, 10, 9, 3, 3, 3, 3, 4, 3]
y_dimensions = [40, 5, 12, 8, 5, 5, 22, 4, 4, 40, 16, 3, 3, 3, 8, 7, 6, 5, 3, 3]
minimum_height = 112
----------
x_coordinates = [18, 24, 0, 35, 26, 30, 5, 11, 36, 12, 15, 0, 23, 9, 33, 37, 21, 36, 36, 37]
y_coordinates = [54, 98, 93, 41, 103, 103, 84, 48, 107, 71, 93, 106, 108, 93, 103, 97, 102, 49, 104, 94]
x_dimensions = [22, 13, 5, 5, 4, 3, 4, 14, 4, 3, 3, 12, 10, 3, 3, 3, 3, 3, 4, 3]
y_dimensions = [40, 5, 12, 8, 5, 5, 22, 4, 4, 40, 16, 3, 3, 9, 8, 7, 6, 5, 3, 3]
minimum_height = 111
----------
x_coordinates = [5, 27, 28, 35, 4, 37, 35, 3, 36, 3, 1, 3, 23, 2, 33, 37, 20, 37, 37, 37]
y_coordinates = [54, 88, 93, 7, 104, 97, 66, 7, 106, 14, 92, 11, 105, 59, 101, 53, 104, 61, 102, 50]
x_dimensions = [22, 13, 5, 5, 4, 3, 4, 14, 4, 3, 3, 12, 10, 3, 3, 3, 3, 3, 3, 3]
y_dimensions = [40, 5, 12, 8, 5, 5, 22, 4, 4, 40, 16, 3, 3, 9, 8, 7, 6, 5, 4, 3]
minimum_height = 110
----------
x_coordinates = [14, 4, 9, 33, 30, 13, 3, 26, 20, 3, 1, 3, 24, 31, 34, 36, 17, 37, 37, 37]
y_coordinates = [53, 101, 89, 22, 98, 106, 71, 30, 105, 31, 93, 28, 105, 50, 100, 92, 100, 99, 105, 89]
x_dimensions = [22, 13, 5, 5, 4, 5, 4, 14, 4, 3, 3, 12, 10, 9, 3, 3, 3, 3, 3, 3]
y_dimensions = [40, 5, 12, 8, 5, 3, 22, 4, 4, 40, 16, 3, 3, 3, 8, 7, 6, 5, 4, 3]
minimum_height = 109
----------
x_coordinates = [6, 26, 35, 34, 32, 22, 28, 26, 36, 28, 26, 28, 27, 32, 37, 37, 26, 36, 37, 35]
y_coordinates = [38, 78, 59, 84, 98, 105, 56, 9, 100, 16, 83, 13, 105, 69, 92, 71, 99, 49, 104, 55]
x_dimensions = [22, 13, 5, 5, 4, 5, 4, 14, 4, 3, 3, 12, 10, 3, 3, 3, 3, 3, 3, 3]
y_dimensions = [40, 5, 12, 8, 5, 3, 22, 4, 4, 40, 16, 3, 3, 9, 8, 7, 6, 5, 4, 3]
minimum_height = 108
----------
x_coordinates = [4, 27, 35, 34, 28, 26, 26, 3, 36, 26, 24, 14, 28, 26, 35, 1, 26, 37, 33, 37]
y_coordinates = [51, 87, 75, 55, 102, 59, 62, 44, 103, 10, 91, 48, 92, 84, 95, 86, 50, 47, 103, 52]
x_dimensions = [22, 13, 5, 5, 4, 5, 4, 14, 4, 3, 3, 12, 10, 9, 3, 3, 3, 3, 3, 3]
y_dimensions = [40, 5, 12, 8, 5, 3, 22, 4, 4, 40, 16, 3, 3, 3, 8, 7, 6, 5, 4, 3]
minimum_height = 107
----------
x_coordinates = [18, 2, 6, 33, 14, 13, 11, 7, 36, 3, 15, 5, 24, 37, 34, 15, 15, 37, 33, 37]
y_coordinates = [52, 91, 79, 44, 101, 66, 69, 65, 102, 51, 75, 48, 95, 93, 94, 91, 69, 36, 102, 41]
x_dimensions = [22, 13, 5, 5, 4, 5, 4, 4, 4, 3, 3, 12, 10, 3, 3, 3, 3, 3, 3, 3]
y_dimensions = [40, 5, 12, 8, 5, 3, 22, 14, 4, 40, 16, 3, 3, 9, 8, 7, 6, 5, 4, 3]
minimum_height = 106
----------
x_coordinates = [7, 20, 29, 35, 9, 28, 14, 36, 34, 4, 32, 16, 30, 13, 1, 37, 33, 35, 33, 35]
y_coordinates = [51, 100, 64, 76, 97, 97, 92, 84, 72, 63, 76, 97, 61, 96, 97, 98, 96, 56, 102, 67]
x_dimensions = [22, 13, 5, 5, 4, 5, 22, 4, 4, 3, 3, 12, 10, 3, 3, 3, 3, 3, 4, 3]
y_dimensions = [40, 5, 12, 8, 5, 3, 4, 14, 4, 40, 16, 3, 3, 9, 8, 7, 6, 5, 3, 3]
minimum_height = 105
----------
x_coordinates = [10, 20, 32, 33, 3, 33, 18, 33, 32, 31, 37, 4, 10, 23, 1, 16, 37, 36, 35, 35]
y_coordinates = [51, 94, 74, 58, 73, 71, 7, 86, 100, 11, 82, 98, 95, 99, 96, 99, 98, 66, 50, 4]
x_dimensions = [22, 13, 5, 5, 4, 5, 22, 4, 4, 3, 3, 12, 10, 9, 3, 7, 3, 3, 3, 3]
y_dimensions = [40, 5, 12, 8, 5, 3, 4, 14, 4, 40, 16, 3, 3, 3, 8, 3, 6, 5, 4, 3]
minimum_height = 104
----------
x_coordinates = [11, 23, 6, 35, 10, 37, 18, 36, 36, 22, 33, 25, 30, 35, 15, 32, 33, 35, 35, 37]
y_coordinates = [50, 95, 78, 55, 98, 49, 4, 86, 66, 10, 79, 47, 44, 70, 99, 100, 64, 39, 0, 63]
x_dimensions = [22, 13, 5, 5, 4, 3, 22, 4, 4, 3, 3, 12, 10, 3, 8, 7, 3, 3, 3, 3]
y_dimensions = [40, 5, 12, 8, 5, 5, 4, 14, 4, 40, 16, 3, 3, 9, 3, 3, 6, 5, 4, 3]
minimum_height = 103
----------
x_coordinates = [13, 21, 35, 13, 1, 37, 36, 35, 36, 34, 37, 25, 30, 33, 6, 14, 33, 37, 37, 37]
y_coordinates = [22, 97, 50, 84, 97, 81, 14, 36, 10, 62, 86, 1, 4, 13, 99, 99, 7, 75, 0, 7]
x_dimensions = [22, 13, 5, 5, 4, 3, 4, 4, 4, 3, 3, 12, 10, 3, 8, 7, 3, 3, 3, 3]
y_dimensions = [40, 5, 12, 8, 5, 5, 22, 14, 4, 40, 16, 3, 3, 9, 3, 3, 6, 5, 4, 3]
minimum_height = 102
----------
x_coordinates = [13, 23, 35, 35, 11, 37, 35, 36, 35, 22, 33, 28, 30, 35, 15, 30, 35, 36, 37, 34]
y_coordinates = [40, 96, 68, 4, 96, 39, 46, 87, 33, 0, 80, 21, 12, 24, 97, 37, 15, 82, 0, 1]
x_dimensions = [22, 13, 5, 5, 4, 3, 4, 4, 4, 3, 3, 12, 10, 3, 8, 7, 3, 3, 3, 3]
y_dimensions = [40, 5, 12, 8, 5, 5, 22, 14, 4, 40, 16, 3, 3, 9, 3, 3, 6, 5, 4, 3]
minimum_height = 101
----------
x_coordinates = [13, 21, 35, 9, 5, 37, 36, 35, 35, 34, 37, 25, 27, 33, 13, 14, 37, 37, 37, 37]
y_coordinates = [20, 95, 43, 89, 95, 95, 7, 29, 55, 60, 79, 0, 3, 6, 97, 94, 1, 71, 59, 76]
x_dimensions = [22, 13, 5, 5, 4, 3, 4, 4, 4, 3, 3, 12, 10, 3, 8, 7, 3, 3, 3, 3]
y_dimensions = [40, 5, 12, 8, 5, 5, 22, 14, 4, 40, 16, 3, 3, 9, 3, 3, 6, 5, 4, 3]
minimum_height = 100
----------
x_coordinates = [12, 22, 34, 23, 7, 36, 29, 35, 36, 34, 36, 25, 30, 33, 28, 22, 26, 37, 37, 37]
y_coordinates = [22, 94, 50, 3, 61, 5, 65, 85, 65, 10, 69, 0, 62, 68, 4, 84, 64, 10, 1, 46]
x_dimensions = [22, 13, 5, 5, 4, 3, 4, 4, 4, 3, 3, 12, 10, 3, 3, 7, 3, 3, 3, 3]
y_dimensions = [40, 5, 12, 8, 5, 5, 22, 14, 4, 40, 16, 3, 3, 9, 8, 3, 6, 5, 4, 3]
minimum_height = 99
----------
x_coordinates = [15, 24, 0, 32, 32, 37, 14, 36, 36, 37, 36, 28, 5, 37, 4, 14, 2, 4, 37, 35]
y_coordinates = [24, 18, 65, 4, 64, 7, 73, 68, 64, 15, 82, 12, 63, 55, 11, 95, 59, 93, 3, 0]
x_dimensions = [22, 13, 5, 5, 4, 3, 4, 4, 4, 3, 3, 12, 10, 3, 3, 7, 3, 3, 3, 3]
y_dimensions = [40, 5, 12, 8, 5, 5, 22, 14, 4, 40, 16, 3, 3, 9, 8, 3, 6, 5, 4, 3]
minimum_height = 98
----------
x_coordinates = [0, 23, 34, 18, 24, 15, 36, 35, 36, 22, 35, 24, 30, 22, 35, 29, 33, 35, 35, 35]
y_coordinates = [47, 92, 48, 88, 84, 91, 75, 34, 68, 30, 18, 89, 72, 71, 60, 69, 79, 6, 14, 11]
x_dimensions = [22, 13, 5, 5, 4, 3, 4, 4, 4, 3, 3, 12, 10, 3, 3, 7, 3, 3, 3, 3]
y_dimensions = [40, 5, 12, 8, 5, 5, 22, 14, 4, 40, 16, 3, 3, 9, 8, 3, 6, 5, 4, 3]
minimum_height = 97
----------
x_coordinates = [0, 21, 31, 32, 11, 37, 27, 35, 15, 36, 36, 3, 22, 37, 19, 25, 0, 37, 18, 37]
y_coordinates = [47, 20, 73, 85, 91, 86, 64, 7, 88, 21, 61, 88, 86, 77, 88, 90, 88, 91, 24, 3]
x_dimensions = [22, 13, 5, 5, 4, 3, 4, 4, 4, 3, 3, 12, 10, 3, 3, 7, 3, 3, 3, 3]
y_dimensions = [40, 5, 12, 8, 5, 5, 22, 14, 4, 40, 16, 3, 3, 9, 8, 3, 6, 5, 4, 3]
minimum_height = 96
----------
x_coordinates = [3, 26, 31, 25, 14, 0, 36, 35, 21, 28, 37, 25, 30, 0, 23, 33, 18, 36, 24, 37]
y_coordinates = [46, 36, 68, 84, 87, 83, 47, 22, 87, 41, 69, 81, 85, 74, 34, 90, 87, 14, 42, 19]
x_dimensions = [22, 13, 5, 5, 4, 3, 4, 4, 4, 3, 3, 12, 10, 3, 3, 7, 3, 3, 3, 3]
y_dimensions = [40, 5, 12, 8, 5, 5, 22, 14, 4, 40, 16, 3, 3, 9, 8, 3, 6, 5, 4, 3]
minimum_height = 95
----------
x_coordinates = [3, 21, 29, 25, 14, 0, 30, 26, 36, 34, 37, 25, 30, 0, 0, 18, 37, 37, 37, 37]
y_coordinates = [46, 41, 47, 84, 87, 83, 59, 67, 89, 40, 69, 81, 85, 74, 45, 91, 63, 37, 45, 58]
x_dimensions = [22, 13, 5, 5, 4, 3, 4, 4, 4, 3, 3, 12, 10, 3, 3, 7, 3, 3, 3, 3]
y_dimensions = [40, 5, 12, 8, 5, 5, 22, 14, 4, 40, 16, 3, 3, 9, 8, 3, 6, 5, 4, 3]
minimum_height = 94
----------
x_coordinates = [18, 27, 13, 27, 0, 13, 14, 0, 17, 6, 37, 16, 7, 37, 4, 10, 4, 37, 16, 37]
y_coordinates = [45, 85, 50, 35, 88, 33, 62, 73, 85, 34, 20, 32, 84, 36, 78, 88, 86, 8, 35, 90]
x_dimensions = [22, 13, 5, 5, 4, 3, 4, 4, 4, 3, 3, 12, 10, 3, 3, 7, 3, 3, 3, 3]
y_dimensions = [40, 5, 12, 8, 5, 5, 22, 14, 4, 40, 16, 3, 3, 9, 8, 3, 6, 5, 4, 3]
minimum_height = 93
----------
x_coordinates = [18, 25, 13, 35, 21, 11, 13, 1, 11, 8, 37, 14, 5, 37, 15, 4, 1, 37, 14, 37]
y_coordinates = [45, 85, 49, 37, 85, 44, 61, 72, 88, 44, 12, 42, 84, 28, 83, 89, 86, 4, 45, 9]
x_dimensions = [22, 13, 5, 5, 4, 3, 4, 4, 4, 3, 3, 12, 10, 3, 3, 7, 3, 3, 3, 3]
y_dimensions = [40, 5, 12, 8, 5, 5, 22, 14, 4, 40, 16, 3, 3, 9, 8, 3, 6, 5, 4, 3]
minimum_height = 92
----------
x_coordinates = [18, 22, 6, 35, 14, 0, 14, 7, 4, 11, 14, 3, 8, 15, 17, 1, 7, 37, 7, 37]
y_coordinates = [44, 39, 64, 36, 86, 41, 61, 43, 85, 43, 24, 40, 83, 42, 34, 82, 76, 27, 36, 33]
x_dimensions = [22, 13, 5, 5, 4, 3, 4, 4, 4, 3, 3, 12, 10, 3, 3, 7, 3, 3, 3, 3]
y_dimensions = [40, 5, 12, 8, 5, 5, 22, 14, 4, 40, 16, 3, 3, 9, 8, 3, 6, 5, 4, 3]
minimum_height = 91
----------
x_coordinates = [14, 0, 8, 32, 6, 6, 17, 0, 10, 9, 36, 13, 4, 37, 12, 11, 8, 36, 12, 37]
y_coordinates = [44, 43, 50, 36, 83, 38, 19, 76, 83, 3, 74, 41, 80, 42, 33, 87, 73, 69, 29, 39]
x_dimensions = [22, 13, 5, 5, 4, 3, 4, 4, 4, 3, 3, 12, 10, 3, 3, 7, 3, 3, 3, 3]
y_dimensions = [40, 5, 12, 8, 5, 5, 22, 14, 4, 40, 16, 3, 3, 9, 8, 3, 6, 5, 4, 3]
minimum_height = 90
----------
x_coordinates = [15, 25, 2, 32, 6, 6, 15, 7, 16, 11, 8, 14, 5, 36, 37, 10, 2, 36, 19, 37]
y_coordinates = [42, 29, 68, 34, 84, 38, 17, 67, 82, 33, 22, 39, 81, 20, 36, 86, 80, 83, 33, 80]
x_dimensions = [22, 13, 5, 5, 4, 3, 4, 4, 4, 3, 3, 12, 10, 3, 3, 7, 3, 3, 3, 3]
y_dimensions = [40, 5, 12, 8, 5, 5, 22, 14, 4, 40, 16, 3, 3, 9, 8, 3, 6, 5, 4, 3]
minimum_height = 89
----------
x_coordinates = [18, 27, 4, 32, 17, 11, 13, 12, 4, 9, 37, 20, 8, 6, 16, 8, 7, 36, 7, 37]
y_coordinates = [43, 38, 49, 30, 30, 31, 57, 36, 81, 37, 22, 35, 82, 37, 35, 79, 31, 14, 27, 19]
x_dimensions = [22, 13, 5, 5, 4, 3, 4, 4, 4, 3, 3, 12, 10, 3, 3, 7, 3, 3, 3, 3]
y_dimensions = [40, 5, 12, 8, 5, 5, 22, 14, 4, 40, 16, 3, 3, 9, 8, 3, 6, 5, 4, 3]
minimum_height = 88
----------
x_coordinates = [3, 26, 35, 31, 34, 0, 31, 27, 21, 36, 35, 19, 25, 28, 26, 30, 31, 37, 24, 34]
y_coordinates = [42, 47, 72, 37, 52, 38, 59, 55, 82, 7, 56, 36, 81, 71, 39, 84, 53, 2, 32, 3]
x_dimensions = [22, 13, 5, 5, 5, 3, 4, 4, 4, 3, 3, 12, 10, 3, 3, 7, 3, 3, 3, 3]
y_dimensions = [40, 5, 12, 8, 4, 5, 22, 14, 4, 40, 16, 3, 3, 9, 8, 3, 6, 5, 4, 3]
minimum_height = 87
----------
x_coordinates = [10, 5, 0, 35, 36, 5, 33, 32, 14, 37, 32, 18, 30, 37, 29, 7, 37, 36, 13, 35]
y_coordinates = [42, 65, 74, 75, 61, 78, 31, 53, 82, 15, 67, 82, 83, 66, 34, 83, 55, 1, 38, 9]
x_dimensions = [22, 5, 5, 5, 4, 3, 4, 4, 4, 3, 3, 12, 10, 3, 3, 7, 3, 3, 3, 3]
y_dimensions = [40, 13, 12, 8, 5, 5, 22, 14, 4, 40, 16, 3, 3, 9, 8, 3, 6, 5, 4, 3]
minimum_height = 86
----------
x_coordinates = [14, 15, 32, 27, 26, 24, 36, 35, 1, 11, 37, 20, 5, 36, 26, 4, 14, 36, 4, 37]
y_coordinates = [15, 72, 73, 74, 68, 77, 14, 55, 81, 42, 69, 82, 82, 46, 7, 78, 66, 41, 13, 11]
x_dimensions = [22, 5, 5, 5, 4, 3, 4, 4, 4, 3, 3, 12, 10, 3, 3, 7, 3, 3, 3, 3]
y_dimensions = [40, 13, 12, 8, 5, 5, 22, 14, 4, 40, 16, 3, 3, 9, 8, 3, 6, 5, 4, 3]
minimum_height = 85
----------
x_coordinates = [14, 10, 18, 1, 36, 15, 36, 32, 6, 37, 35, 23, 25, 15, 34, 18, 29, 31, 9, 34]
y_coordinates = [14, 71, 69, 76, 63, 79, 41, 54, 80, 0, 68, 78, 81, 70, 6, 81, 67, 73, 13, 3]
x_dimensions = [22, 5, 5, 5, 4, 3, 4, 4, 4, 3, 3, 12, 10, 3, 3, 7, 3, 3, 3, 3]
y_dimensions = [40, 13, 12, 8, 5, 5, 22, 14, 4, 40, 16, 3, 3, 9, 8, 3, 6, 5, 4, 3]
minimum_height = 84
----------
x_coordinates = [13, 16, 31, 0, 35, 28, 9, 34, 12, 37, 36, 24, 21, 34, 25, 5, 20, 37, 11, 37]
y_coordinates = [12, 70, 71, 75, 49, 75, 51, 53, 79, 8, 67, 68, 80, 3, 72, 80, 52, 0, 75, 5]
x_dimensions = [22, 5, 5, 5, 5, 3, 4, 4, 4, 3, 3, 12, 10, 3, 3, 7, 3, 3, 3, 3]
y_dimensions = [40, 13, 12, 8, 4, 5, 22, 14, 4, 40, 16, 3, 3, 9, 8, 3, 6, 5, 4, 3]
minimum_height = 83
----------
x_coordinates = [14, 10, 23, 15, 36, 7, 5, 32, 27, 20, 37, 28, 27, 17, 29, 13, 9, 36, 30, 35]
y_coordinates = [2, 68, 70, 74, 73, 77, 41, 62, 66, 42, 57, 79, 59, 65, 71, 61, 61, 48, 55, 53]
x_dimensions = [22, 5, 5, 5, 4, 3, 4, 4, 4, 3, 3, 12, 10, 3, 3, 7, 3, 3, 3, 3]
y_dimensions = [40, 13, 12, 8, 5, 5, 22, 14, 4, 40, 16, 3, 3, 9, 8, 3, 6, 5, 4, 3]
minimum_height = 82
----------
x_coordinates = [15, 20, 27, 32, 36, 24, 11, 32, 31, 37, 37, 25, 30, 36, 25, 31, 29, 28, 28, 37]
y_coordinates = [16, 58, 69, 73, 60, 76, 55, 59, 10, 20, 65, 56, 1, 7, 3, 4, 63, 11, 7, 17]
x_dimensions = [22, 5, 5, 5, 4, 3, 4, 4, 4, 3, 3, 12, 10, 3, 3, 7, 3, 3, 3, 3]
y_dimensions = [40, 13, 12, 8, 5, 5, 22, 14, 4, 40, 16, 3, 3, 9, 8, 3, 6, 5, 4, 3]
minimum_height = 81
----------
x_coordinates = [13, 16, 21, 35, 35, 13, 6, 33, 32, 10, 37, 21, 37, 36, 30, 37, 15, 34, 31, 35]
y_coordinates = [7, 67, 72, 22, 59, 75, 46, 66, 47, 40, 64, 77, 42, 33, 63, 52, 61, 51, 51, 30]
x_dimensions = [22, 5, 12, 5, 4, 3, 4, 4, 4, 3, 3, 12, 3, 3, 3, 3, 3, 3, 3, 3]
y_dimensions = [40, 13, 5, 8, 5, 5, 22, 14, 4, 40, 16, 3, 10, 9, 8, 7, 6, 5, 4, 3]
minimum_height = 80
----------
x_coordinates = [15, 15, 20, 34, 29, 9, 8, 36, 32, 12, 37, 21, 33, 37, 35, 26, 19, 32, 37, 35]
y_coordinates = [19, 66, 73, 11, 65, 72, 50, 65, 74, 38, 36, 70, 64, 52, 3, 63, 60, 59, 61, 0]
x_dimensions = [22, 5, 12, 5, 4, 3, 4, 4, 4, 3, 3, 12, 3, 3, 3, 3, 3, 3, 3, 3]
y_dimensions = [40, 13, 5, 8, 5, 5, 22, 14, 4, 40, 16, 3, 10, 9, 8, 7, 6, 5, 4, 3]
minimum_height = 79
----------
x_coordinates = [13, 9, 14, 35, 32, 6, 8, 36, 32, 3, 35, 18, 33, 0, 25, 29, 26, 30, 26, 35]
y_coordinates = [17, 65, 70, 35, 63, 72, 43, 62, 59, 38, 43, 75, 68, 64, 57, 65, 65, 72, 71, 32]
x_dimensions = [22, 5, 12, 5, 4, 3, 4, 4, 4, 3, 3, 12, 3, 3, 3, 3, 3, 3, 3, 3]
y_dimensions = [40, 13, 5, 8, 5, 5, 22, 14, 4, 40, 16, 3, 10, 9, 8, 7, 6, 5, 4, 3]
minimum_height = 78
----------
x_coordinates = [7, 13, 17, 2, 29, 14, 0, 36, 34, 4, 28, 14, 32, 1, 28, 10, 26, 33, 29, 37]
y_coordinates = [24, 67, 72, 22, 61, 72, 55, 63, 58, 37, 8, 64, 67, 46, 0, 66, 66, 62, 71, 54]
x_dimensions = [22, 13, 12, 5, 4, 3, 4, 4, 4, 3, 3, 12, 3, 3, 3, 3, 3, 3, 3, 3]
y_dimensions = [40, 5, 5, 8, 5, 5, 22, 14, 4, 40, 16, 3, 10, 9, 8, 7, 6, 5, 4, 3]
minimum_height = 77
----------
x_coordinates = [8, 13, 15, 31, 29, 12, 15, 36, 35, 36, 30, 14, 33, 37, 26, 9, 30, 33, 27, 35]
y_coordinates = [23, 66, 71, 41, 65, 71, 18, 62, 9, 22, 49, 63, 66, 13, 63, 65, 70, 61, 71, 5]
x_dimensions = [22, 13, 12, 5, 4, 3, 22, 4, 4, 3, 3, 12, 3, 3, 3, 3, 3, 3, 3, 3]
y_dimensions = [40, 5, 5, 8, 5, 5, 4, 14, 4, 40, 16, 3, 10, 9, 8, 7, 6, 5, 4, 3]
minimum_height = 76
----------
x_coordinates = [5, 14, 15, 31, 27, 0, 36, 36, 32, 29, 30, 3, 33, 37, 32, 0, 27, 30, 30, 35]
y_coordinates = [25, 70, 65, 57, 61, 63, 39, 61, 45, 17, 1, 67, 65, 16, 49, 68, 69, 66, 71, 13]
x_dimensions = [22, 13, 12, 5, 4, 3, 4, 4, 4, 3, 3, 12, 3, 3, 3, 3, 3, 3, 3, 3]
y_dimensions = [40, 5, 5, 8, 5, 5, 22, 14, 4, 40, 16, 3, 10, 9, 8, 7, 6, 5, 4, 3]
minimum_height = 75
----------
x_coordinates = [7, 12, 15, 28, 11, 9, 33, 36, 34, 29, 31, 3, 33, 37, 27, 35, 25, 32, 27, 35]
y_coordinates = [18, 69, 58, 65, 61, 69, 31, 60, 27, 19, 3, 58, 62, 44, 10, 53, 68, 57, 59, 17]
x_dimensions = [22, 13, 12, 5, 4, 3, 4, 4, 4, 3, 3, 12, 3, 3, 3, 3, 3, 3, 3, 3]
y_dimensions = [40, 5, 5, 8, 5, 5, 22, 14, 4, 40, 16, 3, 10, 9, 8, 7, 6, 5, 4, 3]
minimum_height = 74
----------
x_coordinates = [6, 13, 28, 32, 17, 21, 33, 36, 33, 30, 31, 18, 33, 37, 29, 24, 26, 37, 27, 35]
y_coordinates = [17, 68, 19, 65, 63, 63, 24, 50, 46, 25, 3, 57, 55, 41, 65, 60, 67, 64, 61, 16]
x_dimensions = [22, 13, 12, 5, 4, 3, 4, 4, 4, 3, 3, 12, 3, 3, 3, 3, 3, 3, 3, 3]
y_dimensions = [40, 5, 5, 8, 5, 5, 22, 14, 4, 40, 16, 3, 10, 9, 8, 7, 6, 5, 4, 3]
minimum_height = 73
----------
x_coordinates = [5, 13, 15, 31, 11, 33, 36, 36, 36, 32, 30, 3, 37, 28, 27, 33, 26, 34, 27, 35]
y_coordinates = [17, 67, 57, 43, 61, 53, 22, 48, 44, 3, 53, 57, 62, 41, 50, 58, 69, 65, 61, 18]
x_dimensions = [22, 13, 12, 5, 4, 3, 4, 4, 4, 3, 3, 12, 3, 3, 3, 3, 6, 3, 3, 3]
y_dimensions = [40, 5, 5, 8, 5, 5, 22, 14, 4, 40, 16, 3, 10, 9, 8, 7, 3, 5, 4, 3]
minimum_height = 72
----------
x_coordinates = [6, 5, 16, 30, 2, 30, 36, 36, 36, 33, 31, 16, 36, 3, 28, 37, 10, 34, 28, 37]
y_coordinates = [18, 58, 63, 46, 49, 35, 14, 50, 36, 5, 55, 60, 40, 35, 54, 64, 67, 65, 62, 11]
x_dimensions = [22, 5, 12, 5, 4, 3, 4, 4, 4, 3, 3, 12, 3, 3, 3, 3, 6, 3, 3, 3]
y_dimensions = [40, 13, 5, 8, 5, 5, 22, 14, 4, 40, 16, 3, 10, 9, 8, 7, 3, 5, 4, 3]
minimum_height = 71
----------
x_coordinates = [10, 32, 17, 32, 3, 37, 11, 7, 36, 37, 15, 14, 34, 30, 29, 37, 28, 37, 31, 36]
y_coordinates = [0, 57, 65, 33, 56, 60, 40, 56, 43, 3, 56, 62, 47, 41, 61, 52, 50, 65, 53, 0]
x_dimensions = [22, 5, 12, 5, 4, 3, 4, 4, 4, 3, 16, 12, 3, 3, 3, 3, 6, 3, 3, 3]
y_dimensions = [40, 13, 5, 8, 5, 5, 22, 14, 4, 40, 3, 3, 10, 9, 8, 7, 3, 5, 4, 3]
minimum_height = 70
----------
x_coordinates = [7, 35, 23, 33, 27, 37, 12, 29, 26, 34, 16, 15, 37, 30, 31, 28, 30, 34, 32, 37]
y_coordinates = [5, 56, 64, 3, 49, 41, 45, 4, 45, 11, 61, 2, 46, 40, 52, 54, 0, 51, 60, 0]
x_dimensions = [22, 5, 12, 5, 4, 3, 4, 4, 4, 3, 16, 12, 3, 3, 3, 3, 6, 3, 3, 3]
y_dimensions = [40, 13, 5, 8, 5, 5, 22, 14, 4, 40, 3, 3, 10, 9, 8, 7, 3, 5, 4, 3]
minimum_height = 69
----------
x_coordinates = [10, 35, 18, 35, 30, 32, 11, 4, 31, 32, 15, 1, 34, 15, 29, 8, 30, 37, 32, 36]
y_coordinates = [3, 55, 52, 36, 49, 63, 43, 53, 54, 4, 57, 56, 44, 48, 60, 53, 0, 50, 59, 2]
x_dimensions = [22, 5, 12, 5, 4, 3, 4, 4, 4, 3, 16, 3, 3, 3, 3, 3, 6, 3, 3, 3]
y_dimensions = [40, 13, 5, 8, 5, 5, 22, 14, 4, 40, 3, 12, 10, 9, 8, 7, 3, 5, 4, 3]
minimum_height = 68
----------
x_coordinates = [9, 35, 20, 32, 31, 32, 1, 5, 34, 37, 15, 2, 37, 12, 30, 8, 31, 34, 32, 34]
y_coordinates = [8, 54, 57, 29, 62, 44, 43, 36, 40, 0, 64, 31, 44, 56, 49, 53, 37, 49, 58, 26]
x_dimensions = [22, 5, 12, 5, 4, 3, 4, 4, 4, 3, 16, 3, 3, 3, 3, 3, 6, 3, 3, 3]
y_dimensions = [40, 13, 5, 8, 5, 5, 22, 14, 4, 40, 3, 12, 10, 9, 8, 7, 3, 5, 4, 3]
minimum_height = 67
----------
x_coordinates = [12, 35, 17, 31, 31, 34, 4, 0, 36, 37, 11, 3, 34, 9, 29, 8, 33, 37, 32, 34]
y_coordinates = [13, 53, 61, 5, 53, 38, 42, 52, 4, 8, 58, 10, 43, 42, 58, 52, 1, 48, 58, 35]
x_dimensions = [22, 5, 12, 5, 4, 3, 4, 4, 4, 3, 16, 12, 3, 3, 3, 3, 6, 3, 3, 3]
y_dimensions = [40, 13, 5, 8, 5, 5, 22, 14, 4, 40, 3, 3, 10, 9, 8, 7, 3, 5, 4, 3]
minimum_height = 66
----------
x_coordinates = [6, 15, 24, 33, 36, 28, 2, 28, 36, 31, 12, 5, 34, 37, 32, 28, 33, 37, 36, 36]
y_coordinates = [14, 54, 0, 54, 3, 39, 40, 51, 36, 11, 59, 62, 44, 40, 62, 44, 8, 49, 32, 0]
x_dimensions = [22, 13, 12, 5, 4, 3, 4, 4, 4, 3, 16, 12, 3, 3, 8, 3, 6, 3, 3, 3]
y_dimensions = [40, 5, 5, 8, 5, 5, 22, 14, 4, 40, 3, 3, 10, 9, 3, 7, 3, 5, 4, 3]
minimum_height = 65
----------
x_coordinates = [8, 10, 4, 35, 36, 3, 0, 30, 36, 33, 16, 23, 36, 34, 37, 30, 34, 32, 37, 37]
y_coordinates = [14, 59, 54, 56, 33, 36, 41, 1, 38, 15, 56, 61, 46, 6, 14, 48, 3, 55, 42, 0]
x_dimensions = [22, 13, 12, 5, 4, 3, 4, 4, 4, 3, 16, 12, 3, 3, 3, 3, 6, 3, 3, 3]
y_dimensions = [40, 5, 5, 8, 5, 5, 22, 14, 4, 40, 3, 3, 10, 9, 8, 7, 3, 5, 4, 3]
minimum_height = 64
----------
x_coordinates = [7, 16, 21, 32, 12, 34, 3, 31, 33, 37, 16, 6, 37, 36, 29, 31, 33, 34, 33, 34]
y_coordinates = [14, 54, 3, 55, 58, 45, 41, 9, 41, 13, 60, 7, 53, 4, 52, 45, 1, 50, 37, 33]
x_dimensions = [22, 13, 12, 5, 4, 3, 4, 4, 4, 3, 16, 12, 3, 3, 3, 3, 6, 3, 3, 3]
y_dimensions = [40, 5, 5, 8, 5, 5, 22, 14, 4, 40, 3, 3, 10, 9, 8, 7, 3, 5, 4, 3]
minimum_height = 63
----------
x_coordinates = [7, 20, 4, 35, 16, 2, 0, 29, 32, 36, 18, 23, 37, 33, 32, 30, 30, 34, 35, 3]
y_coordinates = [14, 54, 57, 4, 54, 31, 40, 33, 29, 12, 59, 2, 52, 46, 11, 47, 26, 57, 0, 3]
x_dimensions = [22, 13, 12, 5, 4, 3, 4, 4, 4, 3, 16, 12, 3, 3, 3, 3, 6, 3, 3, 3]
y_dimensions = [40, 5, 5, 8, 5, 5, 22, 14, 4, 40, 3, 3, 10, 9, 8, 7, 3, 5, 4, 3]
minimum_height = 62
----------
x_coordinates = [7, 18, 17, 32, 32, 34, 30, 30, 36, 37, 2, 24, 37, 34, 29, 31, 1, 34, 36, 37]
y_coordinates = [15, 55, 10, 19, 56, 42, 27, 5, 57, 17, 58, 2, 4, 47, 19, 49, 17, 13, 0, 14]
x_dimensions = [22, 13, 12, 5, 4, 3, 4, 4, 4, 3, 16, 12, 3, 3, 3, 3, 6, 3, 3, 3]
y_dimensions = [40, 5, 5, 8, 5, 5, 22, 14, 4, 40, 3, 3, 10, 9, 8, 7, 3, 5, 4, 3]
minimum_height = 61
----------
x_coordinates = [9, 21, 19, 35, 35, 37, 31, 15, 2, 6, 5, 22, 34, 3, 36, 34, 3, 37, 31, 37]
y_coordinates = [3, 55, 44, 45, 41, 23, 30, 43, 27, 17, 57, 52, 20, 48, 33, 53, 40, 28, 22, 20]
x_dimensions = [22, 13, 12, 5, 5, 3, 4, 4, 4, 3, 16, 12, 3, 3, 3, 3, 3, 3, 3, 3]
y_dimensions = [40, 5, 5, 8, 4, 5, 22, 14, 4, 40, 3, 3, 10, 9, 8, 7, 6, 5, 4, 3]
minimum_height = 60
----------
x_coordinates = [9, 18, 28, 35, 36, 0, 31, 1, 7, 3, 17, 6, 6, 37, 6, 37, 5, 37, 0, 0]
y_coordinates = [14, 54, 6, 49, 44, 13, 36, 43, 10, 3, 11, 56, 32, 13, 42, 37, 50, 32, 32, 36]
x_dimensions = [22, 13, 12, 5, 4, 3, 4, 4, 4, 3, 16, 12, 3, 3, 3, 3, 3, 3, 3, 3]
y_dimensions = [40, 5, 5, 8, 5, 5, 22, 14, 4, 40, 3, 3, 10, 9, 8, 7, 6, 5, 4, 3]
minimum_height = 59
----------
x_coordinates = [2, 23, 18, 28, 35, 24, 33, 24, 26, 30, 14, 12, 27, 35, 37, 37, 37, 37, 33, 36]
y_coordinates = [15, 2, 7, 49, 24, 28, 36, 43, 22, 9, 12, 55, 28, 14, 50, 37, 44, 32, 31, 29]
x_dimensions = [22, 13, 12, 5, 4, 3, 4, 4, 4, 3, 16, 12, 3, 3, 3, 3, 3, 3, 3, 3]
y_dimensions = [40, 5, 5, 8, 5, 5, 22, 14, 4, 40, 3, 3, 10, 9, 8, 7, 6, 5, 4, 3]
minimum_height = 58
----------
x_coordinates = [6, 27, 28, 1, 36, 28, 31, 35, 36, 3, 24, 16, 0, 0, 28, 33, 28, 37, 37, 37]
y_coordinates = [14, 9, 1, 48, 33, 31, 35, 43, 29, 8, 6, 54, 32, 23, 49, 28, 43, 38, 25, 22]
x_dimensions = [22, 13, 12, 5, 4, 3, 4, 4, 4, 3, 16, 12, 3, 3, 3, 3, 3, 3, 3, 3]
y_dimensions = [40, 5, 5, 8, 5, 5, 22, 14, 4, 40, 3, 3, 10, 9, 8, 7, 6, 5, 4, 3]
minimum_height = 57
----------
x_coordinates = [10, 19, 28, 11, 0, 37, 32, 0, 36, 4, 12, 20, 16, 7, 8, 37, 5, 37, 37, 37]
y_coordinates = [6, 46, 1, 48, 37, 35, 34, 42, 47, 10, 3, 53, 46, 39, 48, 40, 50, 51, 31, 26]
x_dimensions = [22, 13, 12, 5, 4, 3, 4, 4, 4, 3, 16, 12, 3, 3, 3, 3, 3, 3, 3, 3]
y_dimensions = [40, 5, 5, 8, 5, 5, 22, 14, 4, 40, 3, 3, 10, 9, 8, 7, 6, 5, 4, 3]
minimum_height = 56
----------
x_coordinates = [1, 1, 10, 35, 26, 34, 36, 30, 26, 32, 13, 14, 36, 23, 34, 37, 22, 24, 24, 37]
y_coordinates = [0, 40, 45, 2, 41, 42, 20, 41, 46, 1, 51, 41, 10, 19, 47, 45, 45, 9, 15, 52]
x_dimensions = [22, 13, 12, 5, 4, 3, 4, 4, 4, 3, 16, 12, 3, 9, 3, 3, 3, 3, 3, 3]
y_dimensions = [40, 5, 5, 8, 5, 5, 22, 14, 4, 40, 3, 3, 10, 3, 8, 7, 6, 5, 4, 3]
minimum_height = 55
----------
x_coordinates = [5, 26, 17, 29, 28, 30, 32, 33, 1, 37, 4, 16, 34, 31, 27, 2, 2, 37, 13, 14]
y_coordinates = [8, 49, 0, 1, 26, 16, 24, 10, 16, 6, 48, 5, 0, 46, 9, 20, 5, 1, 4, 1]
x_dimensions = [22, 13, 12, 5, 4, 3, 4, 4, 4, 3, 16, 12, 3, 9, 3, 3, 3, 3, 3, 3]
y_dimensions = [40, 5, 5, 8, 5, 5, 22, 14, 4, 40, 3, 3, 10, 3, 8, 7, 6, 5, 4, 3]
minimum_height = 54
----------
x_coordinates = [6, 28, 5, 28, 29, 30, 2, 36, 9, 33, 13, 21, 35, 31, 29, 37, 28, 32, 37, 37]
y_coordinates = [9, 19, 4, 37, 8, 32, 31, 18, 49, 3, 50, 5, 43, 0, 45, 7, 13, 48, 14, 36]
x_dimensions = [22, 5, 12, 5, 4, 3, 4, 4, 4, 3, 16, 12, 3, 9, 3, 3, 3, 3, 3, 3]
y_dimensions = [40, 13, 5, 8, 5, 5, 22, 14, 4, 40, 3, 3, 10, 3, 8, 7, 6, 5, 4, 3]
minimum_height = 53
----------
x_coordinates = [8, 4, 3, 0, 4, 21, 30, 32, 24, 36, 7, 18, 37, 28, 1, 33, 5, 34, 27, 33]
y_coordinates = [0, 47, 23, 36, 9, 47, 27, 10, 48, 2, 41, 44, 42, 49, 44, 3, 35, 43, 40, 24]
x_dimensions = [22, 13, 5, 5, 4, 3, 4, 4, 4, 3, 16, 12, 3, 9, 3, 3, 3, 3, 3, 3]
y_dimensions = [40, 5, 12, 8, 5, 5, 22, 14, 4, 40, 3, 3, 10, 3, 8, 7, 6, 5, 4, 3]
minimum_height = 52
----------
x_coordinates = [6, 20, 5, 31, 28, 33, 1, 32, 5, 36, 9, 21, 37, 28, 25, 32, 17, 34, 33, 33]
y_coordinates = [0, 43, 42, 10, 24, 46, 28, 25, 47, 11, 48, 40, 1, 7, 48, 18, 42, 2, 39, 43]
x_dimensions = [22, 13, 12, 5, 4, 3, 4, 4, 4, 3, 16, 12, 3, 9, 8, 3, 3, 3, 3, 3]
y_dimensions = [40, 5, 5, 8, 5, 5, 22, 14, 4, 40, 3, 3, 10, 3, 3, 7, 6, 5, 4, 3]
minimum_height = 51
----------
x_coordinates = [6, 3, 3, 28, 30, 16, 33, 33, 19, 37, 15, 21, 0, 31, 23, 34, 2, 37, 3, 34]
y_coordinates = [0, 45, 40, 32, 6, 44, 25, 11, 46, 2, 40, 43, 39, 47, 46, 1, 10, 42, 24, 8]
x_dimensions = [22, 13, 12, 5, 4, 3, 4, 4, 4, 3, 16, 12, 3, 9, 8, 3, 3, 3, 3, 3]
y_dimensions = [40, 5, 5, 8, 5, 5, 22, 14, 4, 40, 3, 3, 10, 3, 3, 7, 6, 5, 4, 3]
minimum_height = 50
----------
x_coordinates = [6, 4, 28, 28, 29, 1, 36, 36, 2, 33, 17, 21, 37, 31, 25, 0, 0, 34, 3, 2]
y_coordinates = [0, 42, 26, 8, 21, 44, 27, 13, 38, 9, 43, 40, 3, 0, 46, 25, 19, 4, 24, 2]
x_dimensions = [22, 13, 5, 5, 4, 3, 4, 4, 4, 3, 16, 12, 3, 9, 8, 3, 3, 3, 3, 3]
y_dimensions = [40, 5, 12, 8, 5, 5, 22, 14, 4, 40, 3, 3, 10, 3, 3, 7, 6, 5, 4, 3]
minimum_height = 49
----------
x_coordinates = [7, 17, 5, 29, 29, 1, 33, 33, 29, 37, 15, 30, 3, 31, 29, 4, 4, 37, 4, 3]
y_coordinates = [3, 43, 43, 4, 25, 23, 26, 12, 12, 8, 0, 36, 7, 0, 16, 29, 19, 3, 25, 2]
x_dimensions = [22, 13, 12, 5, 4, 3, 4, 4, 4, 3, 16, 3, 3, 9, 3, 3, 3, 3, 3, 3]
y_dimensions = [40, 5, 5, 8, 5, 5, 22, 14, 4, 40, 3, 12, 10, 3, 8, 7, 6, 5, 4, 3]
minimum_height = 48
----------
x_coordinates = [8, 3, 30, 34, 30, 5, 35, 36, 32, 0, 16, 20, 33, 31, 32, 30, 5, 5, 30, 5]
y_coordinates = [7, 2, 10, 39, 42, 28, 0, 25, 25, 3, 4, 1, 29, 22, 2, 31, 21, 38, 38, 18]
x_dimensions = [22, 13, 5, 5, 4, 3, 4, 4, 4, 3, 16, 12, 3, 9, 3, 3, 3, 3, 3, 3]
y_dimensions = [40, 5, 12, 8, 5, 5, 22, 14, 4, 40, 3, 3, 10, 3, 8, 7, 6, 5, 4, 3]
minimum_height = 47
----------
x_coordinates = [11, 1, 6, 0, 14, 3, 36, 36, 7, 33, 18, 0, 37, 28, 8, 21, 5, 3, 3, 34]
y_coordinates = [0, 41, 29, 19, 40, 31, 0, 22, 25, 0, 40, 29, 36, 43, 17, 43, 19, 36, 27, 40]
x_dimensions = [22, 13, 5, 5, 4, 3, 4, 4, 4, 3, 16, 3, 3, 9, 3, 7, 3, 3, 3, 3]
y_dimensions = [40, 5, 12, 8, 5, 5, 22, 14, 4, 40, 3, 12, 10, 3, 8, 3, 6, 5, 4, 3]
minimum_height = 46
----------
x_coordinates = [12, 9, 2, 7, 6, 37, 1, 8, 8, 34, 37, 28, 37, 0, 9, 37, 6, 5, 3, 37]
y_coordinates = [5, 0, 33, 32, 27, 39, 4, 13, 41, 3, 23, 0, 6, 1, 5, 16, 5, 15, 29, 3]
x_dimensions = [22, 13, 5, 5, 4, 3, 4, 4, 4, 3, 3, 12, 3, 9, 3, 3, 3, 3, 3, 3]
y_dimensions = [40, 5, 12, 8, 5, 5, 22, 14, 4, 40, 16, 3, 10, 3, 8, 7, 6, 5, 4, 3]
minimum_height = 45
----------
x_coordinates = [18, 1, 5, 9, 9, 6, 1, 0, 10, 14, 2, 17, 5, 31, 4, 8, 10, 11, 7, 10]
y_coordinates = [1, 39, 18, 10, 34, 13, 3, 25, 29, 4, 0, 41, 3, 41, 31, 3, 23, 5, 30, 20]
x_dimensions = [22, 13, 5, 5, 4, 3, 4, 4, 4, 3, 16, 12, 3, 9, 3, 3, 3, 3, 3, 3]
y_dimensions = [40, 5, 12, 8, 5, 5, 22, 14, 4, 40, 3, 3, 10, 3, 8, 7, 6, 5, 4, 3]
minimum_height = 44
----------
x_coordinates = [0, 24, 32, 28, 33, 24, 28, 24, 33, 37, 24, 18, 34, 9, 22, 25, 25, 22, 30, 34]
y_coordinates = [0, 3, 19, 31, 38, 8, 9, 13, 31, 3, 0, 40, 9, 40, 32, 33, 27, 27, 39, 35]
x_dimensions = [22, 13, 5, 5, 4, 3, 4, 4, 4, 3, 16, 12, 3, 9, 3, 3, 3, 3, 3, 3]
y_dimensions = [40, 5, 12, 8, 5, 5, 22, 14, 4, 40, 3, 3, 10, 3, 8, 7, 6, 5, 4, 3]
minimum_height = 43
----------
x_coordinates = [0, 24, 35, 29, 34, 32, 13, 3, 20, 0, 7, 12, 14, 0, 11, 0, 10, 19, 17, 29]
y_coordinates = [3, 29, 25, 34, 37, 29, 25, 28, 35, 0, 26, 39, 32, 33, 31, 26, 25, 29, 35, 30]
x_dimensions = [40, 5, 5, 5, 4, 3, 22, 4, 4, 40, 3, 12, 10, 3, 3, 3, 3, 5, 3, 3]
y_dimensions = [22, 13, 12, 8, 5, 5, 4, 14, 4, 3, 16, 3, 3, 9, 8, 7, 6, 3, 4, 3]
minimum_height = 42
----------
x_coordinates = [0, 13, 35, 18, 6, 7, 18, 18, 28, 0, 0, 23, 10, 32, 4, 3, 7, 10, 14, 25]
y_coordinates = [0, 25, 22, 22, 22, 33, 34, 30, 26, 38, 22, 22, 23, 25, 30, 23, 27, 33, 22, 26]
x_dimensions = [40, 5, 5, 5, 4, 3, 22, 14, 4, 40, 3, 12, 3, 3, 3, 3, 3, 3, 4, 3]
y_dimensions = [22, 13, 12, 8, 5, 5, 4, 4, 4, 3, 16, 3, 10, 9, 8, 7, 6, 5, 3, 3]
minimum_height = 41
----------
% Pruned 49991 learnt clauses
x_coordinates = [0, 19, 35, 14, 9, 3, 10, 0, 6, 0, 17, 32, 22, 8, 0, 33, 0, 3, 6, 19]
y_coordinates = [18, 6, 3, 3, 7, 10, 11, 3, 11, 0, 15, 3, 3, 15, 10, 15, 7, 15, 7, 3]
x_dimensions = [40, 13, 5, 5, 5, 3, 22, 14, 4, 40, 16, 3, 10, 9, 3, 7, 6, 5, 3, 3]
y_dimensions = [22, 5, 12, 8, 4, 5, 4, 4, 4, 3, 3, 12, 3, 3, 8, 3, 3, 3, 4, 3]
minimum_height = 40
----------
==========
%%%mzn-stat: nodes=226710
%%%mzn-stat: failures=109023
%%%mzn-stat: restarts=2250
%%%mzn-stat: variables=13638
%%%mzn-stat: intVars=82
%%%mzn-stat: boolVariables=13554
%%%mzn-stat: propagators=1563
%%%mzn-stat: propagations=61959239
%%%mzn-stat: peakDepth=186
%%%mzn-stat: nogoods=109023
%%%mzn-stat: backjumps=44680
%%%mzn-stat: peakMem=0.00
%%%mzn-stat: time=24.013
%%%mzn-stat: initTime=0.045
%%%mzn-stat: solveTime=23.968
%%%mzn-stat: objective=40
%%%mzn-stat: optTime=23.968
%%%mzn-stat: baseMem=0.00
%%%mzn-stat: trailMem=0.02
%%%mzn-stat: randomSeed=1657546306
