x_coordinates = [18, 2, 22, 8, 1, 22, 14, 5, 9, 6, 7, 11, 6, 0, 22, 2, 1, 19, 13, 9, 14, 10]
y_coordinates = [192, 184, 198, 31, 195, 194, 201, 102, 186, 171, 156, 191, 187, 199, 170, 202, 205, 206, 37, 205, 204, 39]
x_dimensions = [4, 4, 4, 4, 5, 4, 4, 19, 17, 3, 3, 3, 3, 11, 3, 9, 8, 7, 6, 5, 4, 3]
y_dimensions = [14, 11, 8, 7, 4, 4, 3, 3, 3, 16, 15, 14, 12, 3, 10, 3, 3, 3, 3, 3, 3, 3]
minimum_height = 209
----------
x_coordinates = [19, 15, 14, 1, 22, 22, 3, 6, 11, 12, 14, 12, 8, 14, 23, 17, 10, 11, 10, 7, 7, 10]
y_coordinates = [172, 186, 200, 95, 199, 128, 203, 100, 187, 171, 153, 204, 189, 193, 167, 196, 168, 150, 46, 205, 202, 62]
x_dimensions = [4, 11, 8, 4, 4, 4, 4, 19, 3, 3, 3, 14, 3, 11, 3, 9, 8, 7, 6, 5, 4, 3]
y_dimensions = [14, 4, 4, 7, 5, 4, 3, 3, 17, 16, 15, 3, 12, 3, 10, 3, 3, 3, 3, 3, 3, 3]
minimum_height = 208
----------
x_coordinates = [22, 4, 15, 22, 8, 0, 19, 3, 12, 19, 20, 23, 19, 1, 23, 16, 12, 3, 18, 21, 0, 16]
y_coordinates = [179, 192, 199, 35, 199, 192, 203, 33, 190, 175, 160, 193, 191, 204, 168, 157, 172, 174, 48, 45, 201, 196]
x_dimensions = [4, 4, 4, 4, 4, 4, 4, 19, 3, 3, 3, 3, 3, 11, 3, 9, 8, 7, 6, 5, 4, 3]
y_dimensions = [14, 11, 8, 7, 5, 4, 3, 3, 17, 16, 15, 14, 12, 3, 10, 3, 3, 3, 3, 3, 3, 3]
minimum_height = 207
----------
x_coordinates = [22, 9, 1, 17, 19, 5, 8, 7, 13, 23, 20, 16, 23, 15, 15, 14, 23, 8, 3, 3, 10, 20]
y_coordinates = [180, 192, 199, 26, 201, 192, 203, 33, 189, 156, 162, 192, 194, 153, 167, 177, 172, 172, 196, 203, 184, 198]
x_dimensions = [4, 4, 8, 4, 4, 4, 4, 19, 3, 3, 3, 3, 3, 11, 3, 9, 3, 7, 6, 5, 4, 3]
y_dimensions = [14, 11, 4, 7, 5, 4, 3, 3, 17, 16, 15, 14, 12, 3, 10, 3, 8, 3, 3, 3, 3, 3]
minimum_height = 206
----------
x_coordinates = [17, 10, 15, 13, 21, 14, 18, 12, 22, 21, 14, 19, 23, 12, 16, 16, 11, 4, 6, 1, 11, 21]
y_coordinates = [184, 184, 201, 155, 185, 173, 181, 33, 168, 151, 180, 167, 193, 198, 163, 122, 177, 179, 199, 201, 202, 190]
x_dimensions = [4, 4, 8, 4, 4, 4, 4, 3, 3, 3, 3, 3, 3, 11, 3, 9, 8, 7, 6, 5, 4, 3]
y_dimensions = [14, 11, 4, 7, 5, 4, 3, 19, 17, 16, 15, 14, 12, 3, 10, 3, 3, 3, 3, 3, 3, 3]
minimum_height = 205
----------
x_coordinates = [18, 12, 15, 14, 22, 0, 21, 6, 22, 22, 21, 22, 23, 11, 19, 14, 14, 3, 9, 9, 11, 23]
y_coordinates = [179, 193, 200, 26, 173, 195, 122, 33, 125, 142, 158, 178, 192, 176, 141, 197, 173, 201, 45, 198, 201, 47]
x_dimensions = [4, 11, 8, 4, 4, 4, 4, 19, 3, 3, 3, 3, 3, 11, 3, 9, 8, 7, 6, 5, 4, 3]
y_dimensions = [14, 4, 4, 7, 5, 4, 3, 3, 17, 16, 15, 14, 12, 3, 10, 3, 3, 3, 3, 3, 3, 3]
minimum_height = 204
----------
x_coordinates = [22, 18, 16, 7, 22, 13, 22, 4, 20, 21, 22, 23, 23, 12, 18, 17, 0, 9, 18, 8, 12, 22]
y_coordinates = [159, 167, 195, 51, 173, 199, 156, 33, 178, 109, 126, 179, 141, 150, 124, 199, 197, 195, 46, 198, 177, 153]
x_dimensions = [4, 4, 8, 4, 4, 4, 4, 3, 3, 3, 3, 3, 3, 11, 3, 9, 8, 7, 6, 5, 4, 3]
y_dimensions = [14, 11, 4, 7, 5, 4, 3, 19, 17, 16, 15, 14, 12, 3, 10, 3, 3, 3, 3, 3, 3, 3]
minimum_height = 203
----------
x_coordinates = [22, 18, 22, 19, 22, 21, 18, 1, 21, 21, 15, 23, 21, 12, 21, 16, 15, 8, 16, 14, 18, 23]
y_coordinates = [162, 171, 139, 185, 176, 195, 161, 33, 106, 123, 158, 181, 147, 192, 96, 199, 182, 180, 144, 139, 141, 159]
x_dimensions = [4, 4, 4, 4, 4, 4, 4, 19, 3, 3, 3, 3, 3, 11, 3, 9, 8, 7, 6, 3, 4, 3]
y_dimensions = [14, 11, 8, 7, 5, 4, 3, 3, 17, 16, 15, 14, 12, 3, 10, 3, 3, 3, 3, 5, 3, 3]
minimum_height = 202
----------
x_coordinates = [0, 13, 19, 4, 9, 22, 3, 1, 15, 22, 5, 23, 8, 11, 19, 14, 7, 15, 17, 1, 12, 0]
y_coordinates = [177, 181, 187, 190, 181, 196, 197, 55, 164, 166, 175, 182, 186, 195, 174, 161, 198, 198, 184, 191, 192, 197]
x_dimensions = [4, 4, 4, 4, 4, 4, 4, 19, 3, 3, 3, 3, 3, 11, 3, 9, 8, 7, 6, 3, 4, 3]
y_dimensions = [14, 11, 8, 7, 5, 4, 3, 3, 17, 16, 15, 14, 12, 3, 10, 3, 3, 3, 3, 5, 3, 3]
minimum_height = 201
----------
x_coordinates = [2, 16, 21, 0, 21, 3, 3, 3, 19, 23, 15, 7, 4, 15, 23, 10, 11, 19, 20, 22, 22, 20]
y_coordinates = [187, 185, 189, 191, 181, 168, 172, 44, 143, 165, 152, 169, 194, 197, 146, 167, 170, 164, 186, 160, 156, 171]
x_dimensions = [14, 4, 4, 4, 4, 4, 4, 19, 3, 3, 3, 3, 12, 11, 3, 9, 8, 3, 6, 3, 4, 3]
y_dimensions = [4, 11, 8, 7, 5, 4, 3, 3, 17, 16, 15, 14, 3, 3, 10, 3, 3, 7, 3, 5, 3, 3]
minimum_height = 200
----------
x_coordinates = [5, 19, 7, 15, 9, 19, 19, 4, 13, 22, 23, 22, 3, 23, 22, 23, 16, 20, 1, 16, 19, 16]
y_coordinates = [175, 187, 192, 192, 187, 172, 178, 33, 175, 134, 173, 150, 196, 188, 123, 164, 171, 165, 191, 186, 184, 180]
x_dimensions = [4, 4, 8, 4, 4, 4, 4, 19, 3, 3, 3, 3, 12, 3, 3, 3, 3, 3, 6, 3, 4, 3]
y_dimensions = [14, 11, 4, 7, 5, 4, 3, 3, 17, 16, 15, 14, 3, 11, 10, 9, 8, 7, 3, 5, 3, 3]
minimum_height = 199
----------
x_coordinates = [0, 3, 22, 18, 0, 19, 22, 6, 19, 22, 4, 23, 7, 15, 18, 23, 16, 22, 10, 0, 18, 13]
y_coordinates = [174, 194, 154, 161, 188, 174, 185, 33, 178, 137, 177, 162, 191, 195, 147, 176, 183, 188, 188, 193, 158, 185]
x_dimensions = [4, 11, 4, 4, 4, 4, 4, 19, 3, 3, 3, 3, 12, 11, 3, 3, 3, 3, 6, 3, 4, 3]
y_dimensions = [14, 4, 8, 7, 5, 4, 3, 3, 17, 16, 15, 14, 3, 3, 10, 9, 8, 7, 3, 5, 3, 3]
minimum_height = 198
----------
x_coordinates = [2, 3, 19, 22, 12, 11, 12, 5, 16, 22, 0, 8, 14, 3, 19, 9, 6, 23, 3, 3, 10, 15]
y_coordinates = [168, 190, 185, 162, 182, 174, 187, 63, 176, 169, 182, 164, 193, 194, 167, 181, 179, 186, 187, 182, 178, 172]
x_dimensions = [4, 11, 4, 4, 4, 4, 4, 19, 3, 3, 3, 3, 12, 11, 3, 3, 3, 3, 6, 3, 4, 3]
y_dimensions = [14, 4, 8, 7, 5, 4, 3, 3, 17, 16, 15, 14, 3, 3, 10, 9, 8, 7, 3, 5, 3, 3]
minimum_height = 197
----------
x_coordinates = [2, 21, 22, 16, 6, 12, 18, 5, 20, 9, 0, 12, 21, 23, 6, 10, 15, 3, 16, 13, 19, 18]
y_coordinates = [167, 157, 188, 176, 190, 179, 190, 93, 171, 170, 181, 156, 145, 177, 180, 187, 183, 187, 193, 191, 168, 156]
x_dimensions = [4, 4, 4, 4, 4, 4, 4, 19, 3, 3, 3, 3, 3, 3, 3, 3, 3, 3, 6, 3, 4, 3]
y_dimensions = [14, 11, 8, 7, 5, 4, 3, 3, 17, 16, 15, 14, 12, 11, 10, 9, 8, 7, 3, 5, 3, 3]
minimum_height = 196
----------
x_coordinates = [3, 3, 22, 19, 17, 14, 22, 2, 19, 13, 7, 12, 0, 16, 23, 13, 10, 6, 16, 3, 22, 20]
y_coordinates = [165, 179, 183, 163, 187, 166, 191, 33, 170, 170, 177, 152, 183, 176, 169, 186, 184, 192, 192, 190, 180, 160]
x_dimensions = [4, 4, 4, 4, 4, 4, 4, 19, 3, 3, 3, 3, 3, 3, 3, 3, 3, 7, 6, 3, 4, 3]
y_dimensions = [14, 11, 8, 7, 5, 4, 3, 3, 17, 16, 15, 14, 12, 11, 10, 9, 8, 3, 3, 5, 3, 3]
minimum_height = 195
----------
x_coordinates = [4, 11, 22, 22, 17, 15, 21, 4, 19, 1, 8, 23, 20, 16, 4, 14, 11, 16, 1, 7, 19, 20]
y_coordinates = [167, 173, 183, 176, 188, 174, 191, 33, 171, 170, 174, 162, 156, 163, 181, 185, 184, 178, 191, 189, 168, 153]
x_dimensions = [4, 4, 4, 4, 4, 4, 4, 19, 3, 3, 3, 3, 3, 3, 3, 3, 3, 3, 6, 3, 4, 3]
y_dimensions = [14, 11, 8, 7, 5, 4, 3, 3, 17, 16, 15, 14, 12, 11, 10, 9, 8, 7, 3, 5, 3, 3]
minimum_height = 194
----------
x_coordinates = [11, 1, 1, 19, 20, 20, 19, 4, 20, 5, 16, 19, 23, 10, 23, 17, 14, 8, 5, 11, 22, 17]
y_coordinates = [171, 165, 184, 159, 189, 155, 183, 37, 166, 172, 170, 141, 174, 163, 164, 186, 185, 181, 188, 185, 152, 189]
x_dimensions = [4, 4, 4, 7, 5, 4, 4, 19, 3, 3, 3, 3, 3, 11, 3, 9, 3, 3, 6, 3, 4, 3]
y_dimensions = [14, 11, 8, 4, 4, 4, 3, 3, 17, 16, 15, 14, 12, 3, 10, 3, 8, 7, 3, 5, 3, 3]
minimum_height = 193
----------
x_coordinates = [4, 8, 6, 22, 21, 18, 19, 6, 22, 23, 12, 15, 17, 10, 20, 14, 14, 3, 0, 11, 22, 23]
y_coordinates = [167, 171, 184, 165, 188, 170, 145, 95, 148, 172, 164, 163, 177, 189, 175, 180, 147, 181, 188, 184, 142, 145]
x_dimensions = [4, 4, 4, 4, 5, 4, 4, 19, 3, 3, 3, 3, 3, 11, 3, 3, 3, 3, 6, 3, 4, 3]
y_dimensions = [14, 11, 8, 7, 4, 4, 3, 3, 17, 16, 15, 14, 12, 3, 10, 9, 8, 7, 3, 5, 3, 3]
minimum_height = 192
----------
x_coordinates = [1, 6, 8, 22, 18, 2, 19, 4, 20, 3, 0, 20, 23, 11, 21, 14, 13, 16, 8, 10, 5, 23]
y_coordinates = [154, 171, 184, 162, 161, 168, 183, 75, 144, 175, 176, 169, 179, 166, 134, 188, 176, 181, 188, 179, 160, 159]
x_dimensions = [4, 4, 8, 4, 4, 4, 4, 19, 3, 3, 3, 3, 3, 11, 3, 9, 3, 3, 6, 3, 4, 3]
y_dimensions = [14, 11, 4, 7, 5, 4, 3, 3, 17, 16, 15, 14, 12, 3, 10, 3, 8, 7, 3, 5, 3, 3]
minimum_height = 191
----------
x_coordinates = [2, 6, 13, 22, 18, 21, 10, 6, 20, 3, 0, 23, 23, 11, 23, 17, 20, 13, 20, 14, 5, 13]
y_coordinates = [141, 177, 174, 167, 166, 145, 186, 80, 149, 173, 175, 128, 175, 171, 157, 187, 179, 178, 142, 185, 165, 165]
x_dimensions = [4, 4, 8, 4, 4, 4, 4, 19, 3, 3, 3, 3, 3, 11, 3, 9, 3, 3, 6, 3, 3, 3]
y_dimensions = [14, 11, 4, 7, 5, 4, 3, 3, 17, 16, 15, 14, 12, 3, 10, 3, 8, 7, 3, 5, 4, 3]
minimum_height = 190
----------
x_coordinates = [5, 12, 15, 20, 21, 19, 22, 7, 23, 2, 9, 18, 16, 10, 22, 17, 19, 22, 18, 6, 2, 20]
y_coordinates = [166, 177, 130, 172, 167, 163, 179, 33, 150, 173, 174, 146, 177, 169, 140, 137, 181, 182, 134, 181, 166, 160]
x_dimensions = [4, 4, 8, 4, 4, 4, 4, 19, 3, 3, 3, 3, 3, 11, 3, 9, 3, 3, 6, 3, 3, 3]
y_dimensions = [14, 11, 4, 7, 5, 4, 3, 3, 17, 16, 15, 14, 12, 3, 10, 3, 8, 7, 3, 5, 4, 3]
minimum_height = 189
----------
x_coordinates = [12, 6, 15, 21, 21, 21, 22, 5, 16, 0, 13, 10, 3, 12, 23, 1, 19, 22, 23, 10, 20, 20]
y_coordinates = [148, 177, 167, 149, 156, 145, 178, 38, 171, 172, 173, 168, 176, 164, 168, 166, 180, 181, 162, 183, 174, 161]
x_dimensions = [4, 4, 8, 4, 4, 4, 4, 19, 3, 3, 3, 3, 3, 11, 3, 9, 3, 3, 3, 3, 3, 3]
y_dimensions = [14, 11, 4, 7, 5, 4, 3, 3, 17, 16, 15, 14, 12, 3, 10, 3, 8, 7, 6, 5, 4, 3]
minimum_height = 188
----------
x_coordinates = [2, 11, 15, 21, 22, 22, 19, 5, 17, 21, 0, 21, 7, 12, 23, 20, 3, 21, 10, 2, 23, 22]
y_coordinates = [158, 180, 176, 126, 157, 163, 184, 87, 156, 110, 172, 133, 184, 147, 170, 167, 181, 150, 174, 153, 183, 180]
x_dimensions = [4, 11, 8, 4, 4, 4, 4, 19, 3, 3, 3, 3, 12, 11, 3, 3, 8, 3, 3, 3, 3, 3]
y_dimensions = [14, 4, 4, 7, 5, 4, 3, 3, 17, 16, 15, 14, 3, 3, 10, 9, 3, 7, 6, 5, 4, 3]
minimum_height = 187
----------
x_coordinates = [14, 11, 18, 21, 22, 22, 22, 7, 10, 21, 19, 21, 6, 15, 0, 23, 3, 4, 3, 21, 0, 23]
y_coordinates = [163, 181, 176, 151, 158, 163, 180, 80, 160, 121, 161, 137, 177, 118, 172, 167, 180, 183, 174, 113, 182, 183]
x_dimensions = [4, 11, 8, 4, 4, 4, 4, 19, 3, 3, 3, 3, 12, 11, 3, 3, 8, 7, 3, 3, 3, 3]
y_dimensions = [14, 4, 4, 7, 5, 4, 3, 3, 17, 16, 15, 14, 3, 3, 10, 9, 3, 3, 6, 5, 4, 3]
minimum_height = 186
----------
x_coordinates = [11, 14, 15, 7, 22, 22, 19, 5, 15, 23, 18, 20, 7, 13, 3, 23, 6, 12, 0, 17, 0, 3]
y_coordinates = [157, 181, 173, 167, 134, 168, 177, 33, 156, 152, 158, 144, 178, 139, 172, 172, 181, 171, 173, 134, 179, 182]
x_dimensions = [4, 11, 8, 4, 4, 4, 4, 3, 3, 3, 3, 3, 12, 11, 3, 3, 8, 3, 3, 3, 3, 3]
y_dimensions = [14, 4, 4, 7, 5, 4, 3, 19, 17, 16, 15, 14, 3, 3, 10, 9, 3, 7, 6, 5, 4, 3]
minimum_height = 185
----------
x_coordinates = [2, 11, 18, 21, 20, 22, 22, 7, 12, 9, 6, 20, 3, 13, 15, 18, 0, 20, 0, 7, 8, 0]
y_coordinates = [158, 180, 176, 169, 136, 165, 180, 33, 160, 157, 157, 144, 177, 132, 170, 167, 181, 158, 172, 134, 180, 178]
x_dimensions = [4, 11, 8, 4, 4, 4, 4, 19, 3, 3, 3, 3, 12, 11, 3, 3, 8, 3, 3, 3, 3, 3]
y_dimensions = [14, 4, 4, 7, 5, 4, 3, 3, 17, 16, 15, 14, 3, 3, 10, 9, 3, 7, 6, 5, 4, 3]
minimum_height = 184
----------
x_coordinates = [5, 11, 22, 21, 20, 22, 19, 5, 12, 9, 15, 20, 3, 13, 0, 18, 3, 15, 21, 18, 23, 20]
y_coordinates = [162, 179, 175, 158, 139, 165, 136, 33, 159, 157, 157, 144, 176, 130, 172, 170, 180, 172, 169, 165, 135, 133]
x_dimensions = [4, 11, 4, 4, 4, 4, 4, 19, 3, 3, 3, 3, 12, 11, 3, 3, 8, 3, 3, 3, 3, 3]
y_dimensions = [14, 4, 8, 7, 5, 4, 3, 3, 17, 16, 15, 14, 3, 3, 10, 9, 3, 7, 6, 5, 4, 3]
minimum_height = 183
----------
x_coordinates = [5, 11, 20, 22, 19, 16, 8, 5, 23, 8, 3, 20, 9, 0, 0, 21, 6, 23, 23, 21, 20, 17]
y_coordinates = [139, 168, 132, 164, 156, 175, 170, 33, 140, 154, 163, 142, 179, 160, 172, 123, 174, 157, 171, 177, 173, 172]
x_dimensions = [4, 11, 4, 4, 4, 4, 3, 19, 3, 3, 3, 3, 12, 3, 3, 3, 3, 3, 3, 3, 3, 3]
y_dimensions = [14, 4, 8, 7, 5, 4, 4, 3, 17, 16, 15, 14, 3, 11, 10, 9, 8, 7, 6, 5, 4, 3]
minimum_height = 182
----------
x_coordinates = [14, 12, 22, 5, 9, 22, 17, 3, 23, 2, 16, 20, 4, 6, 19, 20, 9, 13, 13, 1, 23, 22]
y_coordinates = [144, 158, 136, 169, 171, 177, 162, 57, 153, 157, 166, 144, 178, 157, 171, 162, 162, 165, 172, 175, 170, 174]
x_dimensions = [4, 11, 4, 4, 4, 4, 3, 19, 3, 3, 3, 3, 12, 3, 3, 3, 8, 3, 3, 3, 3, 3]
y_dimensions = [14, 4, 8, 7, 5, 4, 4, 3, 17, 16, 15, 14, 3, 11, 10, 9, 3, 7, 6, 5, 4, 3]
minimum_height = 181
----------
x_coordinates = [1, 11, 22, 16, 21, 12, 21, 0, 6, 11, 23, 21, 10, 15, 20, 20, 14, 19, 19, 9, 22, 6]
y_coordinates = [131, 113, 159, 144, 173, 144, 132, 33, 155, 158, 144, 118, 177, 167, 145, 136, 164, 170, 158, 144, 177, 144]
x_dimensions = [4, 11, 4, 4, 5, 4, 3, 19, 17, 3, 3, 3, 12, 11, 3, 3, 8, 7, 3, 3, 4, 3]
y_dimensions = [14, 4, 8, 7, 4, 4, 4, 3, 3, 16, 15, 14, 3, 3, 10, 9, 3, 3, 6, 5, 3, 3]
minimum_height = 180
----------
x_coordinates = [5, 15, 22, 18, 12, 21, 20, 7, 9, 14, 23, 20, 17, 16, 21, 23, 11, 9, 23, 19, 22, 13]
y_coordinates = [156, 126, 161, 157, 174, 133, 153, 50, 130, 148, 146, 139, 145, 168, 169, 137, 164, 168, 120, 164, 117, 171]
x_dimensions = [4, 11, 4, 4, 4, 4, 3, 19, 17, 3, 3, 3, 3, 3, 3, 3, 8, 7, 3, 3, 4, 3]
y_dimensions = [14, 4, 8, 7, 5, 4, 4, 3, 3, 16, 15, 14, 12, 11, 10, 9, 3, 3, 6, 5, 3, 3]
minimum_height = 179
----------
x_coordinates = [2, 11, 16, 19, 6, 22, 20, 4, 9, 10, 23, 13, 11, 16, 22, 21, 15, 9, 23, 20, 22, 19]
y_coordinates = [164, 148, 167, 159, 174, 145, 166, 41, 127, 154, 163, 157, 175, 156, 149, 136, 133, 171, 130, 170, 124, 156]
x_dimensions = [4, 11, 4, 4, 5, 4, 3, 19, 17, 3, 3, 3, 12, 3, 3, 3, 8, 7, 3, 3, 4, 3]
y_dimensions = [14, 4, 8, 7, 4, 4, 4, 3, 3, 16, 15, 14, 3, 11, 10, 9, 3, 3, 6, 5, 3, 3]
minimum_height = 178
----------
x_coordinates = [2, 12, 22, 19, 10, 6, 21, 6, 6, 21, 3, 16, 21, 23, 23, 22, 14, 15, 23, 23, 22, 19]
y_coordinates = [147, 150, 169, 162, 172, 173, 158, 79, 154, 111, 161, 157, 127, 100, 148, 139, 174, 171, 94, 164, 90, 147]
x_dimensions = [4, 11, 4, 4, 4, 4, 3, 19, 17, 3, 3, 3, 3, 3, 3, 3, 8, 7, 3, 3, 4, 3]
y_dimensions = [14, 4, 8, 7, 5, 4, 4, 3, 3, 16, 15, 14, 12, 11, 10, 9, 3, 3, 6, 5, 3, 3]
minimum_height = 177
----------
x_coordinates = [1, 14, 19, 22, 13, 15, 23, 6, 7, 13, 5, 20, 19, 16, 23, 23, 0, 8, 23, 22, 22, 7]
y_coordinates = [159, 124, 168, 156, 130, 172, 171, 78, 121, 154, 158, 141, 155, 161, 146, 137, 173, 172, 131, 163, 128, 145]
x_dimensions = [4, 11, 4, 4, 4, 4, 3, 19, 17, 3, 3, 3, 3, 3, 3, 3, 8, 7, 3, 3, 4, 3]
y_dimensions = [14, 4, 8, 7, 5, 4, 4, 3, 3, 16, 15, 14, 12, 11, 10, 9, 3, 3, 6, 5, 3, 3]
minimum_height = 176
----------
x_coordinates = [5, 15, 19, 22, 18, 7, 23, 6, 7, 9, 13, 20, 19, 16, 4, 23, 11, 0, 23, 22, 22, 1]
y_coordinates = [147, 124, 167, 155, 137, 170, 170, 33, 131, 154, 157, 141, 155, 160, 161, 146, 172, 172, 140, 162, 134, 169]
x_dimensions = [4, 11, 4, 4, 5, 4, 3, 19, 17, 3, 3, 3, 3, 3, 3, 3, 8, 7, 3, 3, 4, 3]
y_dimensions = [14, 4, 8, 7, 4, 4, 4, 3, 3, 16, 15, 14, 12, 11, 10, 9, 3, 3, 6, 5, 3, 3]
minimum_height = 175
----------
x_coordinates = [5, 12, 21, 22, 18, 8, 20, 5, 6, 19, 13, 20, 7, 16, 23, 23, 12, 1, 23, 10, 22, 10]
y_coordinates = [143, 120, 146, 157, 125, 170, 170, 68, 129, 154, 156, 132, 157, 160, 164, 137, 171, 170, 128, 153, 154, 167]
x_dimensions = [4, 11, 4, 4, 5, 4, 3, 19, 17, 3, 3, 3, 3, 3, 3, 3, 8, 7, 3, 3, 4, 3]
y_dimensions = [14, 4, 8, 7, 4, 4, 4, 3, 3, 16, 15, 14, 12, 11, 10, 9, 3, 3, 6, 5, 3, 3]
minimum_height = 174
----------
x_coordinates = [2, 15, 22, 21, 16, 10, 19, 5, 6, 19, 9, 20, 22, 16, 3, 23, 2, 14, 23, 6, 22, 0]
y_coordinates = [145, 125, 158, 166, 136, 169, 162, 33, 129, 146, 154, 132, 146, 157, 160, 137, 170, 169, 131, 165, 122, 167]
x_dimensions = [4, 11, 4, 4, 4, 4, 3, 19, 17, 3, 3, 3, 3, 3, 3, 3, 8, 7, 3, 3, 4, 3]
y_dimensions = [14, 4, 8, 7, 5, 4, 4, 3, 3, 16, 15, 14, 12, 11, 10, 9, 3, 3, 6, 5, 3, 3]
minimum_height = 173
----------
x_coordinates = [1, 13, 3, 22, 19, 14, 23, 7, 6, 7, 13, 23, 23, 19, 10, 18, 6, 16, 23, 0, 20, 16]
y_coordinates = [148, 121, 164, 161, 141, 151, 168, 33, 133, 156, 157, 135, 149, 160, 162, 146, 153, 155, 129, 167, 125, 167]
x_dimensions = [4, 11, 4, 4, 4, 4, 3, 19, 17, 3, 3, 3, 3, 3, 3, 3, 8, 7, 3, 3, 4, 3]
y_dimensions = [14, 4, 8, 7, 5, 4, 4, 3, 3, 16, 15, 14, 12, 11, 10, 9, 3, 3, 6, 5, 3, 3]
minimum_height = 172
----------
x_coordinates = [5, 14, 9, 13, 22, 6, 20, 12, 12, 3, 23, 21, 20, 17, 16, 22, 10, 18, 8, 6, 22, 20]
y_coordinates = [135, 121, 163, 164, 125, 149, 167, 54, 129, 155, 156, 133, 152, 160, 150, 112, 147, 147, 129, 166, 130, 164]
x_dimensions = [4, 11, 4, 4, 4, 4, 3, 3, 3, 3, 3, 3, 3, 3, 3, 3, 8, 7, 3, 3, 4, 3]
y_dimensions = [14, 4, 8, 7, 5, 4, 4, 19, 17, 16, 15, 14, 12, 11, 10, 9, 3, 3, 6, 5, 3, 3]
minimum_height = 171
----------
x_coordinates = [7, 13, 15, 19, 3, 14, 22, 6, 9, 11, 22, 23, 23, 23, 20, 22, 18, 15, 17, 8, 22, 20]
y_coordinates = [151, 19, 162, 163, 154, 157, 119, 84, 138, 154, 123, 141, 158, 107, 145, 95, 155, 150, 132, 165, 104, 116]
x_dimensions = [4, 11, 4, 4, 4, 4, 3, 19, 17, 3, 3, 3, 3, 3, 3, 3, 8, 3, 3, 3, 4, 3]
y_dimensions = [14, 4, 8, 7, 5, 4, 4, 3, 3, 16, 15, 14, 12, 11, 10, 9, 3, 7, 6, 5, 3, 3]
minimum_height = 170
----------
x_coordinates = [17, 13, 10, 22, 7, 6, 23, 7, 11, 14, 23, 2, 0, 20, 23, 23, 18, 15, 23, 3, 22, 23]
y_coordinates = [145, 117, 158, 162, 153, 158, 121, 83, 141, 145, 144, 143, 157, 124, 128, 40, 159, 161, 138, 158, 114, 125]
x_dimensions = [4, 11, 4, 4, 4, 4, 3, 19, 3, 3, 3, 3, 3, 3, 3, 3, 8, 3, 3, 3, 4, 3]
y_dimensions = [14, 4, 8, 7, 5, 4, 4, 3, 17, 16, 15, 14, 12, 11, 10, 9, 3, 7, 6, 5, 3, 3]
minimum_height = 169
----------
x_coordinates = [15, 15, 12, 22, 8, 11, 23, 5, 19, 16, 23, 5, 23, 20, 23, 22, 17, 16, 21, 2, 22, 17]
y_coordinates = [125, 103, 160, 149, 161, 122, 138, 58, 148, 147, 123, 154, 156, 131, 110, 41, 120, 165, 142, 163, 107, 141]
x_dimensions = [4, 11, 4, 4, 4, 4, 3, 19, 3, 3, 3, 3, 3, 3, 3, 3, 8, 7, 3, 3, 4, 3]
y_dimensions = [14, 4, 8, 7, 5, 4, 4, 3, 17, 16, 15, 14, 12, 11, 10, 9, 3, 3, 6, 5, 3, 3]
minimum_height = 168
----------
x_coordinates = [22, 11, 21, 22, 7, 7, 23, 1, 14, 23, 23, 20, 11, 20, 19, 21, 11, 18, 17, 21, 22, 23]
y_coordinates = [112, 85, 101, 79, 160, 125, 141, 61, 140, 148, 126, 147, 161, 135, 125, 57, 124, 164, 140, 95, 109, 145]
x_dimensions = [4, 11, 4, 4, 4, 4, 3, 3, 3, 3, 3, 3, 12, 3, 3, 3, 8, 7, 3, 3, 4, 3]
y_dimensions = [14, 4, 8, 7, 5, 4, 4, 19, 17, 16, 15, 14, 3, 11, 10, 9, 3, 3, 6, 5, 3, 3]
minimum_height = 167
----------
x_coordinates = [14, 11, 12, 22, 8, 11, 23, 7, 20, 17, 23, 2, 0, 7, 23, 22, 18, 16, 23, 5, 22, 20]
y_coordinates = [130, 120, 158, 121, 157, 126, 131, 33, 144, 147, 151, 148, 162, 134, 135, 112, 128, 163, 145, 157, 109, 134]
x_dimensions = [4, 11, 4, 4, 4, 4, 3, 19, 3, 3, 3, 3, 12, 3, 3, 3, 8, 7, 3, 3, 4, 3]
y_dimensions = [14, 4, 8, 7, 5, 4, 4, 3, 17, 16, 15, 14, 3, 11, 10, 9, 3, 3, 6, 5, 3, 3]
minimum_height = 166
----------
x_coordinates = [19, 13, 14, 22, 9, 7, 4, 6, 10, 22, 23, 13, 2, 7, 23, 21, 11, 18, 7, 19, 21, 12]
y_coordinates = [125, 105, 161, 98, 157, 123, 133, 67, 140, 149, 134, 146, 162, 133, 124, 109, 124, 121, 148, 147, 118, 133]
x_dimensions = [4, 11, 8, 4, 4, 4, 3, 19, 3, 3, 3, 3, 12, 3, 3, 3, 8, 7, 3, 3, 4, 3]
y_dimensions = [14, 4, 4, 7, 5, 4, 4, 3, 17, 16, 15, 14, 3, 11, 10, 9, 3, 3, 6, 5, 3, 3]
minimum_height = 165
----------
x_coordinates = [22, 11, 15, 22, 7, 10, 22, 6, 17, 23, 20, 4, 11, 13, 19, 21, 14, 19, 23, 1, 22, 22]
y_coordinates = [121, 114, 160, 111, 156, 120, 138, 78, 140, 148, 142, 147, 157, 137, 130, 102, 123, 118, 142, 156, 99, 135]
x_dimensions = [4, 11, 8, 4, 4, 4, 3, 19, 3, 3, 3, 3, 12, 3, 3, 3, 8, 7, 3, 3, 4, 3]
y_dimensions = [14, 4, 4, 7, 5, 4, 4, 3, 17, 16, 15, 14, 3, 11, 10, 9, 3, 3, 6, 5, 3, 3]
minimum_height = 164
----------
x_coordinates = [19, 13, 18, 22, 14, 13, 23, 5, 20, 17, 23, 4, 2, 8, 23, 23, 11, 17, 10, 7, 22, 23]
y_coordinates = [126, 110, 159, 95, 158, 125, 127, 77, 140, 142, 144, 146, 160, 139, 131, 114, 139, 123, 154, 155, 105, 141]
x_dimensions = [4, 11, 8, 4, 4, 4, 3, 3, 3, 3, 3, 3, 12, 3, 3, 3, 8, 7, 3, 3, 4, 3]
y_dimensions = [14, 4, 4, 7, 5, 4, 4, 19, 17, 16, 15, 14, 3, 11, 10, 9, 3, 3, 6, 5, 3, 3]
minimum_height = 163
----------
x_coordinates = [22, 11, 16, 22, 7, 10, 23, 10, 20, 20, 23, 13, 11, 1, 23, 22, 18, 19, 23, 10, 22, 4]
y_coordinates = [104, 100, 151, 94, 155, 117, 124, 77, 121, 143, 141, 145, 159, 151, 128, 3, 138, 118, 156, 150, 101, 155]
x_dimensions = [4, 11, 4, 4, 4, 4, 3, 3, 3, 3, 3, 3, 12, 3, 3, 3, 8, 7, 3, 3, 4, 3]
y_dimensions = [14, 4, 8, 7, 5, 4, 4, 19, 17, 16, 15, 14, 3, 11, 10, 9, 3, 3, 6, 5, 3, 3]
minimum_height = 162
----------
x_coordinates = [4, 12, 22, 22, 0, 11, 23, 4, 20, 18, 23, 8, 7, 15, 23, 22, 11, 17, 19, 15, 22, 21]
y_coordinates = [144, 115, 153, 96, 154, 151, 115, 79, 122, 139, 138, 144, 158, 137, 128, 103, 155, 112, 155, 150, 92, 119]
x_dimensions = [4, 11, 4, 4, 4, 4, 3, 19, 3, 3, 3, 3, 12, 3, 3, 3, 8, 7, 3, 3, 4, 3]
y_dimensions = [14, 4, 8, 7, 5, 4, 4, 3, 17, 16, 15, 14, 3, 11, 10, 9, 3, 3, 6, 5, 3, 3]
minimum_height = 161
----------
x_coordinates = [11, 15, 14, 22, 6, 7, 23, 7, 20, 19, 23, 2, 10, 8, 23, 21, 15, 17, 22, 10, 22, 23]
y_coordinates = [128, 114, 147, 94, 153, 133, 110, 33, 121, 141, 139, 146, 157, 137, 129, 101, 138, 118, 154, 152, 90, 126]
x_dimensions = [4, 11, 4, 4, 4, 4, 3, 19, 3, 3, 3, 3, 12, 3, 3, 3, 8, 7, 3, 3, 4, 3]
y_dimensions = [14, 4, 8, 7, 5, 4, 4, 3, 17, 16, 15, 14, 3, 11, 10, 9, 3, 3, 6, 5, 3, 3]
minimum_height = 160
----------
x_coordinates = [21, 14, 15, 22, 11, 14, 23, 7, 20, 19, 23, 8, 14, 12, 23, 18, 15, 18, 22, 12, 20, 23]
y_coordinates = [99, 116, 151, 85, 152, 112, 95, 33, 123, 143, 138, 145, 120, 136, 128, 104, 140, 113, 153, 147, 92, 125]
x_dimensions = [4, 11, 4, 4, 4, 4, 3, 19, 3, 3, 3, 3, 12, 3, 3, 3, 8, 7, 3, 3, 4, 3]
y_dimensions = [14, 4, 8, 7, 5, 4, 4, 3, 17, 16, 15, 14, 3, 11, 10, 9, 3, 3, 6, 5, 3, 3]
minimum_height = 159
----------
x_coordinates = [14, 0, 16, 22, 21, 7, 6, 6, 20, 20, 23, 10, 10, 4, 23, 11, 18, 20, 23, 19, 22, 23]
y_coordinates = [136, 133, 150, 104, 99, 137, 125, 77, 112, 142, 111, 144, 129, 137, 128, 135, 139, 132, 149, 107, 94, 146]
x_dimensions = [4, 11, 4, 4, 4, 4, 3, 19, 3, 3, 3, 3, 12, 3, 3, 3, 8, 3, 3, 3, 4, 3]
y_dimensions = [14, 4, 8, 7, 5, 4, 4, 3, 17, 16, 15, 14, 3, 11, 10, 9, 3, 7, 6, 5, 3, 3]
minimum_height = 158
----------
x_coordinates = [11, 3, 19, 22, 7, 15, 23, 6, 22, 23, 4, 21, 10, 7, 22, 1, 20, 18, 17, 1, 22, 21]
y_coordinates = [137, 124, 141, 80, 148, 146, 121, 33, 90, 141, 136, 107, 134, 136, 128, 146, 149, 138, 150, 137, 87, 125]
x_dimensions = [4, 4, 4, 4, 4, 4, 3, 19, 3, 3, 3, 3, 12, 3, 3, 3, 3, 7, 3, 3, 4, 3]
y_dimensions = [14, 11, 8, 7, 5, 4, 4, 3, 17, 16, 15, 14, 3, 11, 10, 9, 8, 3, 6, 5, 3, 3]
minimum_height = 157
----------
x_coordinates = [19, 0, 21, 22, 18, 1, 23, 5, 23, 22, 23, 21, 11, 12, 23, 10, 19, 5, 20, 18, 20, 21]
y_coordinates = [119, 135, 87, 62, 151, 141, 83, 33, 113, 140, 98, 69, 133, 136, 130, 147, 141, 139, 112, 94, 59, 95]
x_dimensions = [4, 11, 4, 4, 4, 4, 3, 19, 3, 3, 3, 3, 12, 3, 3, 3, 3, 7, 3, 3, 4, 3]
y_dimensions = [14, 4, 8, 7, 5, 4, 4, 3, 17, 16, 15, 14, 3, 11, 10, 9, 8, 3, 6, 5, 3, 3]
minimum_height = 156
----------
x_coordinates = [9, 4, 16, 22, 11, 3, 23, 5, 22, 23, 13, 14, 14, 8, 20, 0, 20, 15, 17, 1, 22, 3]
y_coordinates = [130, 136, 138, 103, 150, 150, 135, 71, 113, 139, 135, 107, 130, 144, 133, 146, 143, 152, 146, 138, 110, 147]
x_dimensions = [4, 4, 4, 4, 4, 4, 3, 19, 3, 3, 3, 3, 12, 3, 3, 3, 3, 7, 3, 3, 4, 3]
y_dimensions = [14, 11, 8, 7, 5, 4, 4, 3, 17, 16, 15, 14, 3, 11, 10, 9, 8, 3, 6, 5, 3, 3]
minimum_height = 155
----------
x_coordinates = [11, 15, 19, 22, 0, 1, 23, 4, 2, 7, 16, 5, 14, 8, 23, 1, 7, 19, 4, 6, 22, 23]
y_coordinates = [134, 147, 139, 115, 149, 136, 125, 75, 119, 151, 132, 134, 129, 137, 135, 140, 148, 132, 148, 128, 122, 151]
x_dimensions = [4, 11, 4, 4, 4, 4, 3, 19, 3, 16, 3, 3, 12, 3, 3, 3, 8, 7, 3, 3, 4, 3]
y_dimensions = [14, 4, 8, 7, 5, 4, 4, 3, 17, 3, 15, 14, 3, 11, 10, 9, 3, 3, 6, 5, 3, 3]
minimum_height = 154
----------
x_coordinates = [22, 7, 17, 22, 0, 18, 23, 4, 9, 4, 14, 9, 14, 11, 7, 0, 18, 17, 8, 10, 20, 10]
y_coordinates = [136, 149, 141, 115, 148, 137, 126, 75, 110, 137, 134, 127, 130, 138, 132, 139, 150, 133, 143, 130, 123, 135]
x_dimensions = [4, 11, 4, 4, 4, 4, 3, 19, 3, 3, 3, 14, 12, 3, 3, 3, 8, 7, 3, 3, 4, 3]
y_dimensions = [14, 4, 8, 7, 5, 4, 4, 3, 17, 16, 15, 3, 3, 11, 10, 9, 3, 3, 6, 5, 3, 3]
minimum_height = 153
----------
x_coordinates = [22, 8, 18, 20, 17, 20, 23, 7, 10, 13, 21, 0, 14, 19, 21, 5, 4, 18, 12, 18, 20, 21]
y_coordinates = [131, 141, 148, 82, 120, 99, 95, 33, 123, 124, 106, 146, 145, 134, 121, 137, 149, 92, 149, 104, 89, 103]
x_dimensions = [4, 11, 8, 4, 4, 4, 3, 19, 3, 3, 3, 14, 12, 3, 3, 3, 8, 7, 6, 3, 4, 3]
y_dimensions = [14, 4, 4, 7, 5, 4, 4, 3, 17, 16, 15, 3, 3, 11, 10, 9, 3, 3, 3, 5, 3, 3]
minimum_height = 152
----------
x_coordinates = [22, 11, 6, 20, 20, 19, 23, 12, 21, 3, 20, 8, 14, 20, 23, 0, 13, 19, 0, 13, 22, 23]
y_coordinates = [133, 140, 147, 92, 87, 118, 113, 74, 70, 132, 103, 144, 147, 122, 117, 139, 137, 100, 148, 116, 67, 130]
x_dimensions = [4, 11, 8, 4, 4, 4, 3, 3, 3, 3, 3, 14, 12, 3, 3, 3, 8, 7, 6, 3, 4, 3]
y_dimensions = [14, 4, 4, 7, 5, 4, 4, 19, 17, 16, 15, 3, 3, 11, 10, 9, 3, 3, 3, 5, 3, 3]
minimum_height = 151
----------
x_coordinates = [22, 8, 3, 21, 12, 8, 21, 7, 10, 0, 19, 11, 16, 20, 23, 4, 7, 18, 10, 5, 22, 23]
y_coordinates = [133, 142, 146, 103, 131, 131, 113, 33, 108, 132, 132, 147, 130, 121, 123, 135, 139, 117, 125, 130, 110, 120]
x_dimensions = [4, 11, 8, 4, 4, 4, 3, 19, 3, 3, 3, 14, 3, 3, 3, 3, 8, 7, 3, 3, 4, 3]
y_dimensions = [14, 4, 4, 7, 5, 4, 4, 3, 17, 16, 15, 3, 12, 11, 10, 9, 3, 3, 6, 5, 3, 3]
minimum_height = 150
----------
x_coordinates = [21, 10, 6, 20, 16, 22, 9, 6, 13, 0, 23, 8, 14, 21, 20, 3, 13, 19, 5, 7, 22, 20]
y_coordinates = [132, 141, 145, 89, 122, 128, 123, 33, 110, 126, 113, 127, 146, 102, 114, 140, 138, 96, 123, 130, 99, 124]
x_dimensions = [4, 11, 8, 4, 4, 4, 3, 19, 3, 3, 3, 14, 12, 3, 3, 3, 8, 7, 3, 3, 4, 3]
y_dimensions = [14, 4, 4, 7, 5, 4, 4, 3, 17, 16, 15, 3, 3, 11, 10, 9, 3, 3, 6, 5, 3, 3]
minimum_height = 149
----------
x_coordinates = [18, 9, 21, 22, 22, 22, 15, 2, 21, 3, 23, 9, 20, 0, 22, 11, 17, 19, 6, 3, 22, 0]
y_coordinates = [119, 138, 79, 72, 123, 128, 122, 65, 96, 127, 132, 145, 133, 133, 113, 142, 93, 90, 141, 143, 87, 144]
x_dimensions = [4, 11, 4, 4, 4, 4, 3, 3, 3, 3, 3, 14, 3, 3, 3, 9, 8, 7, 3, 3, 4, 3]
y_dimensions = [14, 4, 8, 7, 5, 4, 4, 19, 17, 16, 15, 3, 12, 11, 10, 3, 3, 3, 6, 5, 3, 3]
minimum_height = 148
----------
x_coordinates = [19, 12, 21, 22, 19, 22, 19, 7, 22, 9, 5, 11, 21, 23, 22, 0, 14, 19, 8, 19, 22, 20]
y_coordinates = [121, 140, 70, 51, 135, 84, 116, 47, 88, 128, 144, 105, 58, 134, 111, 141, 102, 81, 104, 108, 78, 144]
x_dimensions = [4, 11, 4, 4, 4, 4, 3, 19, 3, 3, 15, 14, 3, 3, 3, 9, 8, 7, 3, 5, 4, 3]
y_dimensions = [14, 4, 8, 7, 5, 4, 4, 3, 17, 16, 3, 3, 12, 11, 10, 3, 3, 3, 6, 3, 3, 3]
minimum_height = 147
----------
x_coordinates = [19, 11, 21, 21, 0, 5, 21, 2, 23, 4, 7, 12, 21, 22, 21, 10, 15, 19, 9, 21, 22, 19]
y_coordinates = [121, 139, 101, 64, 134, 117, 75, 69, 118, 130, 136, 115, 89, 135, 79, 143, 118, 109, 114, 112, 71, 143]
x_dimensions = [4, 11, 4, 4, 4, 4, 3, 19, 3, 3, 15, 14, 3, 3, 3, 9, 8, 7, 3, 5, 4, 3]
y_dimensions = [14, 4, 8, 7, 5, 4, 4, 3, 17, 16, 3, 3, 12, 11, 10, 3, 3, 3, 6, 3, 3, 3]
minimum_height = 146
----------
x_coordinates = [19, 13, 14, 22, 19, 1, 11, 4, 23, 12, 0, 5, 23, 15, 23, 4, 10, 4, 15, 20, 22, 18]
y_coordinates = [124, 141, 126, 79, 105, 132, 129, 33, 96, 109, 137, 134, 116, 138, 128, 142, 106, 127, 112, 113, 93, 110]
x_dimensions = [4, 11, 4, 4, 4, 4, 3, 19, 3, 3, 15, 14, 3, 11, 3, 9, 8, 7, 3, 5, 4, 3]
y_dimensions = [14, 4, 8, 7, 5, 4, 4, 3, 17, 16, 3, 3, 12, 3, 10, 3, 3, 3, 6, 3, 3, 3]
minimum_height = 145
----------
x_coordinates = [19, 10, 8, 22, 20, 4, 9, 4, 23, 22, 0, 12, 21, 15, 23, 1, 13, 12, 19, 21, 22, 22]
y_coordinates = [123, 140, 119, 54, 103, 122, 127, 69, 67, 84, 135, 120, 108, 137, 126, 141, 117, 125, 83, 141, 64, 100]
x_dimensions = [4, 11, 4, 4, 4, 4, 3, 19, 3, 3, 15, 14, 3, 11, 3, 9, 8, 7, 3, 5, 4, 3]
y_dimensions = [14, 4, 8, 7, 5, 4, 4, 3, 17, 16, 3, 3, 12, 3, 10, 3, 3, 3, 6, 3, 3, 3]
minimum_height = 144
----------
x_coordinates = [12, 11, 13, 19, 21, 5, 21, 3, 23, 22, 9, 20, 23, 2, 17, 22, 8, 21, 15, 18, 22, 4]
y_coordinates = [139, 72, 131, 97, 104, 138, 76, 69, 87, 109, 128, 125, 127, 132, 124, 64, 108, 80, 102, 107, 73, 107]
x_dimensions = [14, 11, 4, 4, 4, 4, 3, 19, 3, 3, 3, 3, 3, 3, 3, 3, 8, 3, 3, 3, 4, 3]
y_dimensions = [4, 4, 8, 7, 5, 4, 4, 3, 17, 16, 15, 14, 12, 11, 10, 9, 3, 7, 6, 5, 3, 3]
minimum_height = 143
----------
x_coordinates = [3, 14, 11, 22, 19, 13, 5, 7, 23, 22, 15, 23, 20, 17, 8, 11, 14, 0, 19, 18, 22, 19]
y_coordinates = [134, 87, 126, 80, 106, 138, 129, 33, 94, 111, 116, 128, 130, 131, 124, 86, 108, 132, 115, 127, 91, 124]
x_dimensions = [14, 11, 4, 4, 4, 4, 3, 19, 3, 3, 3, 3, 3, 3, 3, 3, 3, 3, 3, 5, 4, 3]
y_dimensions = [4, 4, 8, 7, 5, 4, 4, 3, 17, 16, 15, 14, 12, 11, 10, 9, 8, 7, 6, 3, 3, 3]
minimum_height = 142
----------
x_coordinates = [5, 11, 12, 19, 22, 4, 6, 6, 23, 23, 20, 23, 21, 2, 9, 17, 19, 23, 21, 21, 22, 4]
y_coordinates = [137, 106, 129, 66, 107, 63, 132, 33, 90, 118, 118, 64, 78, 130, 127, 111, 133, 134, 112, 61, 57, 111]
x_dimensions = [14, 11, 8, 4, 4, 4, 3, 19, 3, 3, 3, 3, 3, 3, 3, 3, 3, 3, 3, 5, 4, 3]
y_dimensions = [4, 4, 4, 7, 5, 4, 4, 3, 17, 16, 15, 14, 12, 11, 10, 9, 8, 7, 6, 3, 3, 3]
minimum_height = 141
----------
x_coordinates = [12, 9, 11, 22, 8, 16, 23, 7, 17, 9, 23, 20, 23, 20, 18, 22, 22, 14, 18, 21, 22, 20]
y_coordinates = [111, 136, 132, 68, 108, 80, 94, 33, 115, 114, 125, 81, 82, 129, 95, 116, 103, 125, 105, 78, 75, 126]
x_dimensions = [14, 11, 8, 4, 4, 4, 3, 19, 3, 3, 3, 3, 3, 3, 3, 3, 3, 3, 3, 5, 4, 3]
y_dimensions = [4, 4, 4, 7, 5, 4, 4, 3, 17, 16, 15, 14, 12, 11, 10, 9, 8, 7, 6, 3, 3, 3]
minimum_height = 140
----------
x_coordinates = [9, 13, 12, 22, 10, 8, 22, 12, 17, 6, 23, 20, 23, 20, 18, 23, 20, 8, 14, 21, 22, 22]
y_coordinates = [114, 107, 135, 78, 127, 102, 103, 68, 118, 113, 124, 89, 88, 128, 79, 115, 120, 132, 123, 85, 75, 111]
x_dimensions = [14, 11, 8, 4, 4, 4, 3, 3, 3, 3, 3, 3, 3, 3, 3, 3, 3, 3, 3, 5, 4, 3]
y_dimensions = [4, 4, 4, 7, 5, 4, 4, 19, 17, 16, 15, 14, 12, 11, 10, 9, 8, 7, 6, 3, 3, 3]
minimum_height = 139
----------
x_coordinates = [9, 11, 12, 22, 10, 22, 21, 8, 17, 6, 23, 13, 16, 20, 19, 23, 22, 7, 14, 21, 22, 23]
y_coordinates = [113, 109, 134, 82, 127, 99, 92, 68, 117, 113, 123, 95, 95, 127, 99, 114, 103, 131, 122, 96, 89, 111]
x_dimensions = [14, 11, 8, 4, 4, 4, 3, 3, 3, 3, 3, 3, 3, 3, 3, 3, 3, 3, 3, 5, 4, 3]
y_dimensions = [4, 4, 4, 7, 5, 4, 4, 19, 17, 16, 15, 14, 12, 11, 10, 9, 8, 7, 6, 3, 3, 3]
minimum_height = 138
----------
x_coordinates = [4, 15, 19, 19, 0, 15, 2, 4, 4, 8, 3, 23, 0, 16, 18, 23, 18, 13, 22, 21, 22, 23]
y_coordinates = [130, 109, 117, 102, 132, 105, 111, 33, 134, 114, 115, 95, 120, 119, 92, 113, 131, 123, 125, 134, 90, 122]
x_dimensions = [14, 11, 4, 4, 4, 4, 3, 19, 17, 3, 3, 3, 3, 3, 3, 3, 8, 3, 3, 5, 4, 3]
y_dimensions = [4, 4, 8, 7, 5, 4, 4, 3, 3, 16, 15, 14, 12, 11, 10, 9, 3, 7, 6, 3, 3, 3]
minimum_height = 137
----------
x_coordinates = [9, 9, 16, 19, 21, 8, 3, 5, 0, 21, 20, 23, 23, 6, 19, 23, 1, 0, 17, 3, 22, 22]
y_coordinates = [132, 122, 114, 97, 76, 111, 119, 34, 128, 81, 117, 98, 124, 117, 104, 115, 131, 120, 126, 123, 72, 112]
x_dimensions = [14, 11, 4, 4, 4, 4, 3, 19, 17, 3, 3, 3, 3, 3, 3, 3, 8, 3, 3, 3, 4, 3]
y_dimensions = [4, 4, 8, 7, 5, 4, 4, 3, 3, 16, 15, 14, 12, 11, 10, 9, 3, 7, 6, 5, 3, 3]
minimum_height = 136
----------
x_coordinates = [8, 9, 12, 22, 16, 2, 6, 7, 6, 21, 23, 21, 21, 0, 20, 23, 0, 3, 20, 7, 22, 22]
y_coordinates = [131, 124, 116, 56, 119, 98, 123, 33, 128, 66, 120, 85, 99, 121, 112, 111, 132, 123, 122, 118, 63, 82]
x_dimensions = [14, 11, 4, 4, 4, 4, 3, 19, 17, 3, 3, 3, 3, 3, 3, 3, 8, 3, 3, 3, 4, 3]
y_dimensions = [4, 4, 8, 7, 5, 4, 4, 3, 3, 16, 15, 14, 12, 11, 10, 9, 3, 7, 6, 5, 3, 3]
minimum_height = 135
----------
x_coordinates = [16, 4, 22, 22, 18, 4, 12, 3, 6, 11, 21, 21, 0, 2, 21, 15, 16, 3, 17, 23, 21, 14]
y_coordinates = [104, 130, 126, 67, 129, 102, 126, 65, 121, 102, 103, 89, 122, 111, 79, 125, 118, 123, 98, 121, 74, 101]
x_dimensions = [4, 11, 4, 4, 4, 4, 3, 19, 17, 3, 3, 3, 3, 3, 3, 3, 8, 3, 3, 3, 4, 3]
y_dimensions = [14, 4, 8, 7, 5, 4, 4, 3, 3, 16, 15, 14, 12, 11, 10, 9, 3, 7, 6, 5, 3, 3]
minimum_height = 134
----------
x_coordinates = [17, 15, 16, 22, 19, 12, 15, 6, 1, 8, 17, 20, 14, 16, 23, 20, 18, 18, 20, 23, 22, 23]
y_coordinates = [78, 92, 107, 82, 73, 113, 72, 65, 130, 113, 115, 116, 118, 96, 114, 101, 130, 66, 110, 109, 89, 127]
x_dimensions = [4, 11, 4, 4, 4, 4, 3, 3, 17, 3, 3, 3, 3, 3, 3, 3, 8, 3, 3, 3, 4, 3]
y_dimensions = [14, 4, 8, 7, 5, 4, 4, 19, 3, 16, 15, 14, 12, 11, 10, 9, 3, 7, 6, 5, 3, 3]
minimum_height = 133
----------
x_coordinates = [19, 5, 22, 20, 22, 22, 21, 4, 5, 10, 19, 2, 16, 23, 13, 15, 22, 18, 9, 12, 22, 23]
y_coordinates = [83, 128, 98, 110, 127, 79, 106, 33, 97, 112, 117, 118, 120, 87, 116, 105, 119, 103, 105, 105, 74, 84]
x_dimensions = [4, 11, 4, 4, 4, 4, 3, 19, 17, 3, 3, 3, 3, 3, 3, 3, 3, 3, 3, 3, 4, 3]
y_dimensions = [14, 4, 8, 7, 5, 4, 4, 3, 3, 16, 15, 14, 12, 11, 10, 9, 8, 7, 6, 5, 3, 3]
minimum_height = 132
----------
x_coordinates = [21, 15, 22, 22, 22, 22, 21, 4, 5, 2, 23, 21, 11, 1, 4, 19, 14, 8, 19, 16, 21, 23]
y_coordinates = [87, 83, 103, 111, 126, 118, 50, 39, 117, 103, 54, 69, 122, 119, 121, 101, 125, 124, 110, 109, 47, 123]
x_dimensions = [4, 11, 4, 4, 4, 4, 3, 19, 17, 3, 3, 3, 12, 3, 3, 3, 8, 3, 3, 3, 4, 3]
y_dimensions = [14, 4, 8, 7, 5, 4, 4, 3, 3, 16, 15, 14, 3, 11, 10, 9, 3, 7, 6, 5, 3, 3]
minimum_height = 131
----------
x_coordinates = [19, 14, 22, 3, 22, 22, 3, 2, 9, 7, 23, 0, 12, 6, 9, 13, 18, 3, 16, 10, 22, 12]
y_coordinates = [103, 82, 94, 112, 86, 120, 126, 53, 117, 101, 102, 116, 124, 119, 120, 101, 127, 119, 101, 101, 91, 127]
x_dimensions = [4, 11, 4, 4, 4, 4, 3, 19, 17, 3, 3, 3, 12, 3, 3, 3, 8, 3, 3, 3, 4, 3]
y_dimensions = [14, 4, 8, 7, 5, 4, 4, 3, 3, 16, 15, 14, 3, 11, 10, 9, 3, 7, 6, 5, 3, 3]
minimum_height = 130
----------
x_coordinates = [22, 12, 22, 13, 22, 18, 23, 7, 8, 1, 23, 7, 11, 9, 10, 19, 18, 11, 16, 20, 21, 4]
y_coordinates = [85, 112, 77, 119, 117, 118, 125, 33, 99, 113, 102, 115, 126, 104, 116, 84, 122, 84, 84, 107, 74, 125]
x_dimensions = [4, 11, 4, 4, 4, 4, 3, 19, 17, 3, 3, 3, 12, 3, 3, 3, 8, 3, 3, 3, 4, 3]
y_dimensions = [14, 4, 8, 7, 5, 4, 4, 3, 3, 16, 15, 14, 3, 11, 10, 9, 3, 7, 6, 5, 3, 3]
minimum_height = 129
----------
x_coordinates = [16, 12, 22, 19, 22, 1, 9, 4, 5, 21, 23, 12, 14, 20, 15, 12, 18, 23, 9, 6, 22, 6]
y_coordinates = [72, 87, 114, 104, 91, 121, 124, 33, 119, 60, 96, 122, 125, 76, 109, 110, 111, 84, 110, 113, 57, 125]
x_dimensions = [4, 11, 4, 4, 4, 4, 3, 19, 17, 3, 3, 14, 12, 3, 3, 3, 8, 3, 3, 3, 4, 3]
y_dimensions = [14, 4, 8, 7, 5, 4, 4, 3, 3, 16, 15, 3, 3, 11, 10, 9, 3, 7, 6, 5, 3, 3]
minimum_height = 128
----------
x_coordinates = [19, 11, 2, 15, 22, 5, 11, 5, 6, 23, 5, 8, 14, 16, 15, 13, 18, 18, 10, 23, 22, 12]
y_coordinates = [106, 98, 115, 123, 100, 123, 94, 62, 120, 105, 97, 90, 93, 108, 97, 111, 96, 99, 111, 122, 90, 124]
x_dimensions = [4, 4, 4, 7, 4, 4, 3, 19, 17, 3, 3, 14, 12, 3, 3, 3, 8, 3, 3, 3, 4, 3]
y_dimensions = [14, 11, 8, 4, 5, 4, 4, 3, 3, 16, 15, 3, 3, 11, 10, 9, 3, 7, 6, 5, 3, 3]
minimum_height = 127
----------
x_coordinates = [22, 8, 0, 19, 15, 5, 14, 3, 9, 12, 4, 8, 14, 21, 19, 16, 13, 23, 9, 19, 22, 2]
y_coordinates = [108, 98, 115, 100, 107, 121, 99, 33, 122, 106, 102, 83, 86, 89, 107, 113, 96, 101, 116, 117, 83, 123]
x_dimensions = [4, 4, 4, 4, 4, 4, 3, 19, 17, 3, 3, 14, 12, 3, 3, 3, 8, 3, 3, 3, 4, 3]
y_dimensions = [14, 11, 8, 7, 5, 4, 4, 3, 3, 16, 15, 3, 3, 11, 10, 9, 3, 7, 6, 5, 3, 3]
minimum_height = 126
----------
x_coordinates = [22, 15, 1, 19, 8, 4, 19, 7, 7, 5, 0, 12, 11, 22, 2, 16, 14, 12, 13, 19, 22, 19]
y_coordinates = [108, 99, 116, 93, 109, 89, 106, 49, 122, 106, 100, 87, 90, 97, 106, 113, 110, 103, 113, 117, 84, 114]
x_dimensions = [4, 4, 4, 7, 4, 4, 3, 19, 17, 3, 15, 14, 12, 3, 3, 3, 8, 3, 3, 3, 4, 3]
y_dimensions = [14, 11, 8, 4, 5, 4, 4, 3, 3, 16, 3, 3, 3, 11, 10, 9, 3, 7, 6, 5, 3, 3]
minimum_height = 125
----------
x_coordinates = [21, 3, 3, 22, 11, 5, 23, 7, 8, 7, 9, 11, 11, 19, 0, 18, 10, 0, 15, 16, 20, 0]
y_coordinates = [107, 103, 116, 93, 109, 99, 100, 39, 121, 105, 86, 104, 101, 90, 110, 112, 118, 103, 112, 109, 87, 120]
x_dimensions = [4, 4, 4, 4, 4, 4, 3, 19, 17, 3, 3, 14, 12, 3, 3, 3, 8, 3, 3, 5, 4, 3]
y_dimensions = [14, 11, 8, 7, 5, 4, 4, 3, 3, 16, 15, 3, 3, 11, 10, 9, 3, 7, 6, 3, 3, 3]
minimum_height = 124
----------
x_coordinates = [22, 18, 1, 10, 8, 11, 19, 4, 9, 5, 2, 8, 11, 22, 15, 14, 17, 12, 15, 23, 22, 11]
y_coordinates = [100, 103, 115, 94, 101, 109, 99, 33, 120, 107, 100, 106, 114, 89, 98, 117, 86, 102, 108, 114, 83, 117]
x_dimensions = [4, 4, 4, 4, 4, 4, 3, 19, 17, 3, 3, 3, 12, 3, 3, 9, 8, 3, 3, 3, 4, 3]
y_dimensions = [14, 11, 8, 7, 5, 4, 4, 3, 3, 16, 15, 14, 3, 11, 10, 3, 3, 7, 6, 5, 3, 3]
minimum_height = 123
----------
x_coordinates = [0, 11, 0, 7, 18, 0, 21, 3, 22, 7, 4, 9, 14, 18, 23, 17, 9, 4, 11, 15, 21, 8]
y_coordinates = [104, 95, 118, 99, 91, 100, 101, 33, 84, 110, 103, 107, 115, 96, 105, 118, 119, 95, 113, 102, 79, 116]
x_dimensions = [4, 4, 8, 4, 4, 4, 3, 19, 3, 16, 3, 14, 12, 3, 3, 9, 8, 3, 3, 3, 4, 3]
y_dimensions = [14, 11, 4, 7, 5, 4, 4, 3, 17, 3, 15, 3, 3, 11, 10, 3, 3, 7, 6, 5, 3, 3]
minimum_height = 122
----------
x_coordinates = [0, 14, 6, 0, 22, 7, 23, 3, 11, 7, 4, 9, 14, 21, 23, 6, 15, 19, 0, 14, 22, 8]
y_coordinates = [104, 91, 117, 97, 99, 103, 104, 36, 90, 111, 97, 107, 118, 88, 108, 114, 115, 100, 118, 102, 85, 98]
x_dimensions = [4, 4, 8, 4, 4, 4, 3, 19, 3, 16, 3, 14, 12, 3, 3, 9, 8, 3, 6, 3, 4, 3]
y_dimensions = [14, 11, 4, 7, 5, 4, 4, 3, 17, 3, 15, 3, 3, 11, 10, 3, 3, 7, 3, 5, 3, 3]
minimum_height = 121
----------
x_coordinates = [0, 15, 11, 3, 22, 17, 9, 6, 19, 9, 20, 9, 22, 21, 7, 10, 11, 23, 4, 20, 22, 4]
y_coordinates = [106, 99, 110, 98, 103, 93, 102, 33, 102, 82, 67, 64, 108, 85, 109, 117, 114, 96, 113, 97, 61, 110]
x_dimensions = [4, 4, 8, 4, 4, 4, 3, 19, 3, 16, 3, 14, 3, 3, 3, 9, 8, 3, 3, 3, 4, 3]
y_dimensions = [14, 11, 4, 7, 5, 4, 4, 3, 17, 3, 15, 3, 12, 11, 10, 3, 3, 7, 6, 5, 3, 3]
minimum_height = 120
----------
x_coordinates = [3, 8, 11, 22, 19, 16, 8, 5, 23, 10, 6, 9, 15, 19, 0, 7, 12, 20, 16, 23, 22, 0]
y_coordinates = [104, 94, 105, 90, 104, 112, 105, 40, 97, 84, 79, 109, 87, 93, 108, 113, 116, 112, 99, 114, 87, 103]
x_dimensions = [4, 4, 8, 4, 4, 4, 3, 19, 3, 16, 3, 14, 3, 3, 3, 9, 8, 3, 3, 3, 4, 3]
y_dimensions = [14, 11, 4, 7, 5, 4, 4, 3, 17, 3, 15, 3, 12, 11, 10, 3, 3, 7, 6, 5, 3, 3]
minimum_height = 119
----------
x_coordinates = [15, 5, 17, 1, 19, 16, 11, 4, 23, 8, 18, 11, 17, 18, 9, 0, 18, 20, 12, 23, 22, 20]
y_coordinates = [101, 104, 79, 106, 106, 97, 103, 53, 98, 83, 64, 61, 49, 86, 108, 115, 115, 97, 115, 93, 89, 112]
x_dimensions = [4, 4, 8, 4, 4, 4, 3, 3, 3, 16, 3, 14, 3, 3, 3, 9, 8, 3, 6, 3, 4, 3]
y_dimensions = [14, 11, 4, 7, 5, 4, 4, 19, 17, 3, 15, 3, 12, 11, 10, 3, 3, 7, 3, 5, 3, 3]
minimum_height = 118
----------
x_coordinates = [19, 1, 11, 3, 15, 16, 8, 6, 23, 9, 5, 10, 22, 18, 0, 4, 11, 20, 13, 19, 22, 7]
y_coordinates = [103, 95, 110, 107, 105, 98, 102, 33, 100, 90, 92, 93, 64, 79, 106, 114, 102, 96, 114, 76, 61, 109]
x_dimensions = [4, 4, 8, 4, 4, 4, 3, 19, 3, 16, 3, 14, 3, 3, 3, 9, 8, 3, 6, 5, 4, 3]
y_dimensions = [14, 11, 4, 7, 5, 4, 4, 3, 17, 3, 15, 3, 12, 11, 10, 3, 3, 7, 3, 3, 3, 3]
minimum_height = 117
----------
x_coordinates = [12, 13, 1, 15, 0, 19, 12, 5, 9, 8, 3, 12, 9, 23, 4, 17, 7, 23, 3, 22, 22, 0]
y_coordinates = [105, 86, 109, 98, 104, 101, 101, 35, 112, 76, 78, 109, 100, 79, 96, 95, 97, 98, 113, 90, 73, 113]
x_dimensions = [14, 4, 8, 4, 4, 4, 3, 19, 17, 16, 3, 14, 3, 3, 3, 9, 8, 3, 6, 3, 4, 3]
y_dimensions = [4, 11, 4, 7, 5, 4, 4, 3, 3, 3, 15, 3, 12, 11, 10, 3, 3, 7, 3, 5, 3, 3]
minimum_height = 116
----------
x_coordinates = [12, 17, 4, 18, 9, 21, 23, 7, 19, 10, 7, 3, 23, 6, 15, 20, 11, 22, 18, 21, 22, 0]
y_coordinates = [111, 100, 111, 76, 104, 104, 81, 56, 83, 73, 72, 108, 85, 96, 63, 61, 97, 97, 70, 108, 78, 110]
x_dimensions = [14, 4, 8, 4, 5, 4, 3, 19, 3, 16, 3, 14, 3, 3, 3, 3, 8, 3, 6, 5, 4, 3]
y_dimensions = [4, 11, 4, 7, 4, 4, 4, 3, 17, 3, 15, 3, 12, 11, 10, 9, 3, 7, 3, 3, 3, 3]
minimum_height = 115
----------
x_coordinates = [8, 22, 0, 18, 14, 22, 1, 6, 15, 4, 1, 0, 17, 23, 20, 4, 7, 21, 9, 19, 22, 6]
y_coordinates = [110, 103, 110, 103, 105, 99, 102, 33, 88, 85, 87, 107, 73, 80, 81, 97, 102, 91, 99, 98, 76, 90]
x_dimensions = [14, 4, 8, 4, 4, 4, 3, 19, 3, 16, 3, 14, 3, 3, 3, 3, 8, 3, 6, 3, 4, 3]
y_dimensions = [4, 11, 4, 7, 5, 4, 4, 3, 17, 3, 15, 3, 12, 11, 10, 9, 3, 7, 3, 5, 3, 3]
minimum_height = 114
----------
x_coordinates = [4, 17, 11, 22, 18, 0, 21, 4, 23, 14, 16, 4, 2, 23, 19, 8, 11, 23, 2, 1, 21, 5]
y_coordinates = [106, 87, 99, 106, 108, 104, 67, 46, 89, 83, 68, 110, 88, 78, 98, 97, 103, 71, 101, 108, 64, 98]
x_dimensions = [14, 4, 8, 4, 4, 4, 3, 19, 3, 3, 3, 14, 3, 3, 3, 3, 8, 3, 6, 3, 4, 3]
y_dimensions = [4, 11, 4, 7, 5, 4, 4, 3, 17, 16, 15, 3, 12, 11, 10, 9, 3, 7, 3, 5, 3, 3]
minimum_height = 113
----------
x_coordinates = [4, 22, 12, 22, 16, 15, 11, 3, 20, 13, 15, 10, 6, 23, 23, 9, 18, 22, 5, 22, 22, 2]
y_coordinates = [108, 77, 100, 70, 95, 104, 104, 52, 92, 84, 64, 55, 91, 88, 99, 94, 109, 58, 103, 65, 52, 102]
x_dimensions = [14, 4, 8, 4, 4, 4, 3, 3, 3, 3, 3, 14, 3, 3, 3, 3, 8, 3, 6, 3, 4, 3]
y_dimensions = [4, 11, 4, 7, 5, 4, 4, 19, 17, 16, 15, 3, 12, 11, 10, 9, 3, 7, 3, 5, 3, 3]
minimum_height = 112
----------
x_coordinates = [8, 18, 15, 19, 22, 11, 4, 3, 23, 13, 14, 9, 16, 23, 7, 10, 14, 21, 14, 21, 22, 1]
y_coordinates = [73, 77, 107, 94, 73, 107, 106, 33, 94, 85, 58, 55, 89, 78, 100, 98, 101, 66, 104, 89, 63, 106]
x_dimensions = [14, 4, 8, 4, 4, 4, 3, 19, 3, 3, 3, 14, 3, 3, 3, 3, 8, 3, 6, 3, 4, 3]
y_dimensions = [4, 11, 4, 7, 5, 4, 4, 3, 17, 16, 15, 3, 12, 11, 10, 9, 3, 7, 3, 5, 3, 3]
minimum_height = 111
----------
x_coordinates = [8, 19, 15, 19, 1, 3, 21, 7, 23, 7, 5, 11, 5, 23, 0, 12, 15, 21, 6, 22, 22, 3]
y_coordinates = [89, 77, 103, 96, 90, 106, 63, 40, 93, 107, 76, 67, 91, 77, 100, 98, 93, 70, 103, 88, 60, 103]
x_dimensions = [14, 4, 8, 4, 4, 4, 3, 19, 3, 16, 3, 14, 3, 3, 3, 3, 8, 3, 6, 3, 4, 3]
y_dimensions = [4, 11, 4, 7, 5, 4, 4, 3, 17, 3, 15, 3, 12, 11, 10, 9, 3, 7, 3, 5, 3, 3]
minimum_height = 110
----------
x_coordinates = [5, 19, 18, 19, 1, 21, 23, 5, 23, 3, 3, 9, 6, 0, 5, 15, 14, 21, 18, 22, 22, 2]
y_coordinates = [80, 83, 101, 105, 79, 72, 61, 51, 81, 106, 88, 94, 91, 92, 103, 97, 77, 65, 98, 76, 56, 103]
x_dimensions = [14, 4, 8, 7, 4, 4, 3, 19, 3, 16, 3, 14, 3, 3, 10, 3, 8, 3, 6, 3, 4, 3]
y_dimensions = [4, 11, 4, 4, 5, 4, 4, 3, 17, 3, 15, 3, 12, 11, 3, 9, 3, 7, 3, 5, 3, 3]
minimum_height = 109
----------
x_coordinates = [8, 4, 15, 22, 22, 3, 21, 3, 23, 0, 1, 6, 6, 23, 16, 22, 0, 23, 7, 21, 22, 0]
y_coordinates = [91, 83, 104, 47, 87, 103, 36, 50, 59, 100, 79, 97, 71, 76, 101, 92, 94, 40, 105, 54, 33, 105]
x_dimensions = [14, 4, 8, 4, 4, 4, 3, 19, 3, 16, 3, 14, 3, 3, 10, 3, 8, 3, 6, 3, 4, 3]
y_dimensions = [4, 11, 4, 7, 5, 4, 4, 3, 17, 3, 15, 3, 12, 11, 3, 9, 3, 7, 3, 5, 3, 3]
minimum_height = 108
----------
x_coordinates = [11, 7, 18, 20, 20, 14, 23, 3, 22, 0, 15, 0, 4, 23, 16, 23, 15, 22, 15, 20, 22, 20]
y_coordinates = [79, 88, 103, 51, 75, 103, 35, 33, 58, 99, 74, 102, 86, 80, 100, 91, 92, 39, 89, 46, 32, 36]
x_dimensions = [4, 4, 8, 4, 4, 4, 3, 3, 3, 16, 3, 14, 3, 3, 10, 3, 8, 3, 6, 3, 4, 3]
y_dimensions = [14, 11, 4, 7, 5, 4, 4, 19, 17, 3, 15, 3, 12, 11, 3, 9, 3, 7, 3, 5, 3, 3]
minimum_height = 107
----------
x_coordinates = [22, 14, 17, 21, 18, 18, 15, 6, 21, 1, 11, 4, 0, 23, 6, 15, 14, 21, 16, 21, 21, 3]
y_coordinates = [88, 81, 102, 53, 87, 95, 76, 33, 60, 103, 81, 96, 91, 77, 100, 52, 92, 41, 99, 48, 38, 100]
x_dimensions = [4, 4, 8, 4, 4, 4, 3, 19, 3, 16, 3, 14, 3, 3, 10, 3, 8, 3, 6, 3, 4, 3]
y_dimensions = [14, 11, 4, 7, 5, 4, 4, 3, 17, 3, 15, 3, 12, 11, 3, 9, 3, 7, 3, 5, 3, 3]
minimum_height = 106
----------
x_coordinates = [2, 5, 18, 22, 18, 22, 23, 6, 21, 7, 2, 6, 12, 23, 8, 23, 15, 21, 11, 20, 21, 17]
y_coordinates = [91, 80, 101, 53, 86, 88, 42, 36, 60, 98, 76, 91, 76, 77, 102, 92, 83, 46, 95, 93, 39, 95]
x_dimensions = [4, 4, 8, 4, 4, 4, 3, 19, 3, 16, 3, 14, 3, 3, 10, 3, 8, 3, 6, 3, 4, 3]
y_dimensions = [14, 11, 4, 7, 5, 4, 4, 3, 17, 3, 15, 3, 12, 11, 3, 9, 3, 7, 3, 5, 3, 3]
minimum_height = 105
----------
x_coordinates = [10, 6, 18, 20, 21, 22, 9, 2, 22, 10, 0, 7, 3, 23, 0, 23, 14, 21, 20, 20, 22, 18]
y_coordinates = [81, 83, 88, 41, 96, 92, 64, 36, 48, 101, 85, 95, 88, 77, 100, 65, 92, 34, 74, 83, 27, 98]
x_dimensions = [4, 4, 8, 4, 4, 4, 3, 19, 3, 16, 3, 14, 3, 3, 10, 3, 8, 3, 6, 3, 4, 3]
y_dimensions = [14, 11, 4, 7, 5, 4, 4, 3, 17, 3, 15, 3, 12, 11, 3, 9, 3, 7, 3, 5, 3, 3]
minimum_height = 104
----------
x_coordinates = [18, 22, 18, 21, 8, 11, 2, 5, 15, 10, 12, 12, 9, 6, 0, 0, 3, 23, 5, 23, 22, 23]
y_coordinates = [81, 82, 56, 70, 94, 90, 86, 33, 76, 99, 69, 96, 76, 76, 100, 91, 91, 63, 88, 77, 60, 93]
x_dimensions = [4, 4, 8, 4, 4, 4, 3, 19, 3, 16, 3, 14, 3, 3, 10, 3, 8, 3, 6, 3, 4, 3]
y_dimensions = [14, 11, 4, 7, 5, 4, 4, 3, 17, 3, 15, 3, 12, 11, 3, 9, 3, 7, 3, 5, 3, 3]
minimum_height = 103
----------
x_coordinates = [3, 6, 18, 22, 22, 15, 23, 6, 19, 7, 0, 8, 6, 23, 12, 0, 7, 21, 18, 21, 22, 14]
y_coordinates = [88, 84, 71, 75, 93, 92, 98, 46, 79, 99, 78, 96, 72, 82, 76, 93, 93, 56, 68, 63, 53, 73]
x_dimensions = [4, 11, 8, 4, 4, 4, 3, 19, 3, 16, 3, 14, 3, 3, 10, 3, 8, 3, 6, 3, 4, 3]
y_dimensions = [14, 4, 4, 7, 5, 4, 4, 3, 17, 3, 15, 3, 12, 11, 3, 9, 3, 7, 3, 5, 3, 3]
minimum_height = 102
----------
x_coordinates = [3, 6, 18, 7, 7, 22, 5, 6, 19, 7, 2, 8, 17, 0, 11, 0, 11, 21, 12, 21, 22, 4]
y_coordinates = [82, 65, 77, 76, 92, 95, 97, 47, 81, 62, 60, 98, 50, 76, 74, 92, 95, 55, 78, 72, 90, 76]
x_dimensions = [4, 4, 8, 4, 4, 4, 3, 19, 3, 16, 3, 14, 3, 3, 10, 3, 8, 3, 6, 3, 4, 3]
y_dimensions = [14, 11, 4, 7, 5, 4, 4, 3, 17, 3, 15, 3, 12, 11, 3, 9, 3, 7, 3, 5, 3, 3]
minimum_height = 101
----------
x_coordinates = [11, 11, 19, 16, 13, 8, 11, 5, 23, 10, 9, 12, 2, 7, 20, 6, 5, 23, 14, 23, 22, 23]
y_coordinates = [50, 39, 89, 74, 92, 96, 79, 36, 63, 86, 64, 97, 88, 82, 76, 73, 93, 56, 81, 92, 49, 80]
x_dimensions = [4, 4, 4, 4, 4, 4, 3, 19, 3, 16, 3, 14, 3, 3, 3, 3, 8, 3, 6, 3, 4, 3]
y_dimensions = [14, 11, 8, 7, 5, 4, 4, 3, 17, 3, 15, 3, 12, 11, 10, 9, 3, 7, 3, 5, 3, 3]
minimum_height = 100
----------
x_coordinates = [0, 13, 21, 16, 14, 18, 17, 3, 23, 9, 10, 12, 7, 1, 17, 13, 4, 21, 20, 22, 22, 21]
y_coordinates = [95, 77, 80, 68, 94, 94, 72, 33, 57, 88, 73, 91, 73, 84, 76, 68, 92, 50, 74, 94, 47, 77]
x_dimensions = [14, 4, 4, 7, 4, 4, 3, 19, 3, 16, 3, 14, 3, 3, 3, 3, 8, 3, 6, 3, 4, 3]
y_dimensions = [4, 11, 8, 4, 5, 4, 4, 3, 17, 3, 15, 3, 12, 11, 10, 9, 3, 7, 3, 5, 3, 3]
minimum_height = 99
----------
x_coordinates = [13, 18, 21, 16, 22, 22, 23, 10, 23, 23, 17, 4, 23, 10, 21, 16, 2, 21, 20, 20, 22, 20]
y_coordinates = [81, 87, 65, 47, 93, 89, 31, 39, 35, 73, 72, 95, 12, 84, 55, 51, 92, 24, 52, 82, 9, 79]
x_dimensions = [4, 4, 4, 7, 4, 4, 3, 3, 3, 3, 3, 14, 3, 3, 3, 3, 8, 3, 6, 3, 4, 3]
y_dimensions = [14, 11, 8, 4, 5, 4, 4, 19, 17, 16, 15, 3, 12, 11, 10, 9, 3, 7, 3, 5, 3, 3]
minimum_height = 98
----------
x_coordinates = [11, 15, 22, 22, 22, 22, 23, 7, 19, 14, 23, 8, 14, 8, 19, 10, 0, 21, 13, 16, 22, 20]
y_coordinates = [80, 88, 65, 54, 92, 50, 61, 40, 60, 64, 73, 94, 47, 83, 50, 53, 93, 43, 59, 83, 37, 79]
x_dimensions = [4, 11, 4, 4, 4, 4, 3, 19, 3, 3, 3, 14, 3, 3, 3, 3, 8, 3, 6, 3, 4, 3]
y_dimensions = [14, 4, 8, 7, 5, 4, 4, 3, 17, 16, 15, 3, 12, 11, 10, 9, 3, 7, 3, 5, 3, 3]
minimum_height = 97
----------
x_coordinates = [22, 7, 12, 12, 18, 19, 13, 7, 23, 19, 9, 11, 16, 4, 9, 3, 10, 21, 6, 16, 21, 6]
y_coordinates = [82, 89, 81, 70, 91, 71, 77, 45, 65, 75, 74, 55, 72, 83, 64, 73, 93, 58, 73, 84, 52, 80]
x_dimensions = [4, 11, 4, 4, 4, 4, 3, 19, 3, 3, 3, 14, 3, 3, 3, 3, 8, 3, 3, 3, 4, 3]
y_dimensions = [14, 4, 8, 7, 5, 4, 4, 3, 17, 16, 15, 3, 12, 11, 10, 9, 3, 7, 6, 5, 3, 3]
minimum_height = 96
----------
x_coordinates = [17, 7, 13, 3, 19, 22, 0, 4, 23, 20, 10, 12, 23, 23, 7, 1, 18, 23, 4, 17, 22, 1]
y_coordinates = [57, 90, 82, 88, 71, 59, 87, 43, 63, 76, 75, 53, 80, 35, 79, 75, 92, 46, 82, 85, 56, 84]
x_dimensions = [4, 11, 4, 4, 4, 4, 3, 19, 3, 3, 3, 14, 3, 3, 3, 3, 8, 3, 3, 3, 4, 3]
y_dimensions = [14, 4, 8, 7, 5, 4, 4, 3, 17, 16, 15, 3, 12, 11, 10, 9, 3, 7, 6, 5, 3, 3]
minimum_height = 95
----------
x_coordinates = [11, 15, 18, 12, 19, 22, 7, 1, 1, 23, 15, 9, 20, 5, 10, 4, 18, 22, 7, 8, 22, 7]
y_coordinates = [80, 87, 83, 63, 66, 56, 63, 46, 66, 66, 72, 60, 71, 79, 70, 59, 91, 49, 67, 89, 63, 76]
x_dimensions = [4, 11, 8, 4, 4, 4, 3, 3, 3, 3, 3, 14, 3, 3, 3, 3, 8, 3, 3, 3, 4, 3]
y_dimensions = [14, 4, 4, 7, 5, 4, 4, 19, 17, 16, 15, 3, 12, 11, 10, 9, 3, 7, 6, 5, 3, 3]
minimum_height = 94
----------
x_coordinates = [12, 16, 17, 15, 21, 22, 23, 2, 20, 20, 18, 8, 23, 23, 15, 5, 4, 21, 9, 11, 22, 21]
y_coordinates = [69, 72, 34, 62, 36, 56, 64, 33, 60, 77, 42, 57, 81, 68, 83, 59, 82, 49, 67, 88, 33, 41]
x_dimensions = [4, 4, 4, 4, 4, 4, 3, 3, 3, 3, 3, 14, 3, 3, 3, 3, 8, 3, 3, 3, 4, 3]
y_dimensions = [14, 11, 8, 7, 5, 4, 4, 19, 17, 16, 15, 3, 12, 11, 10, 9, 3, 7, 6, 5, 3, 3]
minimum_height = 93
----------
x_coordinates = [18, 22, 13, 12, 12, 15, 9, 2, 23, 21, 20, 8, 23, 19, 16, 3, 10, 21, 6, 17, 22, 10]
y_coordinates = [60, 52, 84, 72, 79, 53, 78, 43, 63, 30, 77, 57, 80, 46, 74, 78, 62, 22, 78, 87, 19, 86]
x_dimensions = [4, 4, 4, 4, 4, 4, 3, 19, 3, 3, 3, 14, 3, 3, 3, 3, 8, 3, 3, 3, 4, 3]
y_dimensions = [14, 11, 8, 7, 5, 4, 4, 3, 17, 16, 15, 3, 12, 11, 10, 9, 3, 7, 6, 5, 3, 3]
minimum_height = 92
----------
x_coordinates = [18, 22, 14, 19, 22, 20, 23, 4, 4, 21, 21, 7, 23, 19, 15, 11, 7, 21, 14, 6, 22, 20]
y_coordinates = [73, 63, 83, 37, 74, 17, 41, 44, 69, 21, 47, 59, 79, 62, 72, 78, 72, 10, 36, 86, 7, 88]
x_dimensions = [4, 4, 4, 4, 4, 4, 3, 19, 3, 3, 3, 14, 3, 3, 3, 3, 8, 3, 3, 3, 4, 3]
y_dimensions = [14, 11, 8, 7, 5, 4, 4, 3, 17, 16, 15, 3, 12, 11, 10, 9, 3, 7, 6, 5, 3, 3]
minimum_height = 91
----------
x_coordinates = [18, 12, 14, 7, 11, 9, 9, 4, 0, 21, 22, 9, 3, 23, 15, 4, 2, 23, 6, 7, 22, 10]
y_coordinates = [74, 67, 82, 78, 77, 58, 70, 43, 70, 46, 75, 62, 74, 64, 72, 81, 65, 39, 68, 85, 33, 86]
x_dimensions = [4, 11, 4, 4, 4, 4, 3, 19, 3, 3, 3, 14, 12, 3, 3, 3, 8, 3, 3, 3, 4, 3]
y_dimensions = [14, 4, 8, 7, 5, 4, 4, 3, 17, 16, 15, 3, 3, 11, 10, 9, 3, 7, 6, 5, 3, 3]
minimum_height = 90
----------
x_coordinates = [19, 15, 7, 11, 15, 22, 4, 2, 10, 21, 1, 8, 7, 23, 4, 10, 2, 21, 23, 20, 22, 16]
y_coordinates = [75, 67, 81, 82, 81, 49, 85, 42, 61, 53, 74, 49, 78, 69, 74, 52, 71, 42, 80, 70, 38, 86]
x_dimensions = [4, 4, 4, 4, 4, 4, 3, 19, 3, 3, 3, 14, 12, 3, 3, 3, 8, 3, 3, 3, 4, 3]
y_dimensions = [14, 11, 8, 7, 5, 4, 4, 3, 17, 16, 15, 3, 3, 11, 10, 9, 3, 7, 6, 5, 3, 3]
minimum_height = 89
----------
x_coordinates = [22, 18, 7, 10, 7, 19, 7, 12, 1, 23, 9, 12, 14, 23, 11, 15, 3, 21, 4, 19, 22, 15]
y_coordinates = [67, 70, 70, 84, 78, 58, 83, 43, 68, 46, 55, 62, 81, 28, 74, 68, 52, 39, 80, 65, 84, 77]
x_dimensions = [4, 4, 4, 7, 4, 4, 3, 3, 3, 3, 3, 14, 12, 3, 3, 3, 8, 3, 3, 3, 4, 3]
y_dimensions = [14, 11, 8, 4, 5, 4, 4, 19, 17, 16, 15, 3, 3, 11, 10, 9, 3, 7, 6, 5, 3, 3]
minimum_height = 88
----------
x_coordinates = [21, 22, 18, 9, 16, 8, 13, 2, 20, 23, 23, 12, 14, 23, 11, 15, 15, 21, 8, 20, 21, 21]
y_coordinates = [38, 58, 68, 68, 50, 56, 72, 42, 18, 11, 69, 55, 84, 27, 75, 63, 35, 4, 81, 79, 1, 52]
x_dimensions = [4, 4, 4, 4, 4, 4, 4, 19, 3, 3, 3, 14, 12, 3, 3, 3, 8, 3, 3, 3, 4, 3]
y_dimensions = [14, 11, 8, 7, 5, 4, 3, 3, 17, 16, 15, 3, 3, 11, 10, 9, 3, 7, 6, 5, 3, 3]
minimum_height = 87
----------
x_coordinates = [1, 15, 22, 15, 18, 8, 19, 4, 21, 23, 20, 12, 3, 12, 23, 2, 14, 21, 0, 21, 21, 20]
y_coordinates = [73, 68, 78, 79, 50, 57, 76, 42, 25, 42, 61, 58, 77, 62, 68, 60, 55, 13, 79, 20, 8, 47]
x_dimensions = [14, 4, 4, 4, 4, 4, 3, 19, 3, 3, 3, 14, 12, 3, 3, 3, 8, 3, 3, 3, 4, 3]
y_dimensions = [4, 11, 8, 7, 5, 4, 4, 3, 17, 16, 15, 3, 3, 11, 10, 9, 3, 7, 6, 5, 3, 3]
minimum_height = 86
----------
x_coordinates = [4, 22, 16, 12, 19, 3, 19, 5, 23, 23, 23, 7, 8, 9, 20, 21, 15, 20, 2, 21, 22, 23]
y_coordinates = [68, 59, 73, 72, 49, 58, 69, 3, 18, 35, 70, 58, 81, 69, 75, 9, 34, 27, 82, 54, 6, 51]
x_dimensions = [4, 4, 4, 4, 4, 4, 3, 19, 3, 3, 3, 14, 12, 3, 3, 3, 8, 3, 6, 3, 4, 3]
y_dimensions = [14, 11, 8, 7, 5, 4, 4, 3, 17, 16, 15, 3, 3, 11, 10, 9, 3, 7, 3, 5, 3, 3]
minimum_height = 85
----------
x_coordinates = [22, 10, 18, 14, 21, 19, 6, 7, 21, 23, 6, 8, 13, 20, 4, 23, 9, 21, 9, 21, 20, 21]
y_coordinates = [69, 70, 76, 76, 36, 56, 78, 1, 16, 41, 63, 60, 66, 45, 81, 57, 32, 4, 64, 11, 41, 33]
x_dimensions = [4, 4, 4, 4, 4, 4, 4, 19, 3, 3, 3, 14, 12, 3, 10, 3, 8, 3, 3, 3, 3, 3]
y_dimensions = [14, 11, 8, 7, 5, 4, 3, 3, 17, 16, 15, 3, 3, 11, 3, 9, 3, 7, 6, 5, 4, 3]
minimum_height = 84
----------
x_coordinates = [0, 8, 15, 12, 18, 3, 4, 6, 21, 0, 7, 10, 5, 3, 16, 22, 3, 21, 19, 21, 3, 22]
y_coordinates = [68, 72, 79, 72, 71, 59, 78, 16, 39, 52, 54, 61, 69, 48, 76, 64, 45, 32, 65, 56, 63, 73]
x_dimensions = [4, 4, 8, 4, 4, 4, 4, 19, 3, 3, 3, 14, 12, 3, 10, 3, 8, 3, 3, 3, 4, 3]
y_dimensions = [14, 11, 4, 7, 5, 4, 3, 3, 17, 16, 15, 3, 3, 11, 3, 9, 3, 7, 6, 5, 3, 3]
minimum_height = 83
----------
x_coordinates = [4, 9, 18, 14, 22, 15, 0, 6, 23, 0, 12, 19, 3, 13, 8, 23, 3, 23, 7, 21, 16, 16]
y_coordinates = [68, 68, 78, 72, 60, 57, 78, 28, 43, 57, 43, 63, 58, 61, 79, 66, 55, 31, 49, 38, 67, 64]
x_dimensions = [4, 4, 8, 4, 4, 4, 4, 19, 3, 3, 3, 3, 12, 3, 10, 3, 8, 3, 3, 3, 3, 3]
y_dimensions = [14, 11, 4, 7, 5, 4, 3, 3, 17, 16, 15, 14, 3, 11, 3, 9, 3, 7, 6, 5, 4, 3]
minimum_height = 82
----------
x_coordinates = [0, 13, 18, 14, 3, 18, 0, 5, 21, 22, 16, 23, 3, 18, 4, 0, 3, 21, 13, 21, 20, 15]
y_coordinates = [74, 29, 77, 72, 64, 58, 78, 15, 30, 47, 43, 63, 69, 62, 78, 65, 39, 18, 61, 25, 73, 68]
x_dimensions = [14, 4, 8, 4, 4, 4, 4, 19, 3, 3, 3, 3, 12, 3, 10, 3, 8, 3, 3, 3, 3, 3]
y_dimensions = [4, 11, 4, 7, 5, 4, 3, 3, 17, 16, 15, 14, 3, 11, 3, 9, 3, 7, 6, 5, 4, 3]
minimum_height = 81
----------
x_coordinates = [1, 19, 15, 12, 0, 22, 15, 7, 10, 21, 18, 23, 10, 20, 16, 7, 13, 23, 4, 12, 20, 4]
y_coordinates = [68, 62, 64, 72, 60, 58, 61, 8, 41, 42, 16, 63, 58, 31, 77, 59, 55, 35, 58, 61, 73, 64]
x_dimensions = [14, 4, 4, 4, 4, 4, 4, 19, 3, 3, 3, 3, 12, 3, 10, 3, 8, 3, 3, 3, 3, 3]
y_dimensions = [4, 11, 8, 7, 5, 4, 3, 3, 17, 16, 15, 14, 3, 11, 3, 9, 3, 7, 6, 5, 4, 3]
minimum_height = 80
----------
x_coordinates = [1, 19, 18, 15, 16, 19, 21, 7, 22, 9, 21, 23, 11, 22, 14, 12, 14, 23, 8, 23, 20, 6]
y_coordinates = [75, 68, 51, 72, 63, 59, 36, 0, 42, 58, 3, 65, 33, 18, 39, 66, 47, 29, 35, 60, 64, 67]
x_dimensions = [14, 4, 4, 4, 4, 4, 4, 19, 3, 3, 3, 3, 12, 3, 10, 3, 8, 3, 3, 3, 3, 3]
y_dimensions = [4, 11, 8, 7, 5, 4, 3, 3, 17, 16, 15, 14, 3, 11, 3, 9, 3, 7, 6, 5, 4, 3]
minimum_height = 79
----------
x_coordinates = [5, 19, 16, 13, 16, 22, 3, 7, 23, 22, 18, 23, 7, 20, 16, 2, 6, 22, 0, 23, 20, 13]
y_coordinates = [49, 45, 66, 74, 61, 59, 55, 5, 34, 18, 30, 64, 53, 67, 56, 66, 44, 11, 52, 51, 63, 65]
x_dimensions = [14, 4, 4, 7, 4, 4, 4, 19, 3, 3, 3, 3, 12, 3, 10, 3, 8, 3, 3, 3, 3, 3]
y_dimensions = [4, 11, 8, 4, 5, 4, 3, 3, 17, 16, 15, 14, 3, 11, 3, 9, 3, 7, 6, 5, 4, 3]
minimum_height = 78
----------
x_coordinates = [3, 21, 0, 14, 4, 22, 18, 7, 23, 23, 20, 8, 0, 12, 12, 5, 13, 21, 11, 21, 21, 23]
y_coordinates = [52, 53, 66, 61, 69, 68, 63, 4, 31, 15, 32, 68, 74, 74, 71, 60, 47, 8, 62, 48, 64, 73]
x_dimensions = [14, 4, 4, 4, 4, 4, 3, 19, 3, 3, 3, 14, 12, 11, 10, 3, 8, 3, 3, 3, 3, 3]
y_dimensions = [4, 11, 8, 7, 5, 4, 4, 3, 17, 16, 15, 3, 3, 3, 3, 9, 3, 7, 6, 5, 4, 3]
minimum_height = 77
----------
x_coordinates = [7, 11, 4, 12, 8, 22, 20, 6, 15, 0, 21, 8, 0, 12, 16, 3, 18, 21, 23, 22, 1, 1]
y_coordinates = [49, 51, 68, 62, 68, 72, 65, 15, 44, 47, 38, 73, 63, 69, 61, 54, 53, 31, 65, 56, 70, 67]
x_dimensions = [4, 4, 4, 4, 4, 4, 3, 19, 3, 3, 3, 14, 12, 11, 10, 3, 8, 3, 3, 3, 3, 3]
y_dimensions = [14, 11, 8, 7, 5, 4, 4, 3, 17, 16, 15, 3, 3, 3, 3, 9, 3, 7, 6, 5, 4, 3]
minimum_height = 76
----------
x_coordinates = [4, 22, 3, 15, 22, 7, 6, 6, 4, 2, 21, 8, 3, 11, 12, 0, 18, 21, 0, 23, 0, 3]
y_coordinates = [56, 59, 67, 64, 70, 68, 60, 25, 39, 23, 35, 72, 64, 69, 61, 56, 55, 28, 65, 50, 71, 61]
x_dimensions = [14, 4, 4, 7, 4, 4, 3, 19, 3, 3, 3, 14, 12, 11, 10, 3, 8, 3, 3, 3, 3, 3]
y_dimensions = [4, 11, 8, 4, 5, 4, 4, 3, 17, 16, 15, 3, 3, 3, 3, 9, 3, 7, 6, 5, 4, 3]
minimum_height = 75
----------
x_coordinates = [0, 22, 4, 0, 0, 10, 7, 5, 3, 10, 23, 12, 9, 11, 12, 20, 15, 21, 4, 22, 8, 5]
y_coordinates = [48, 60, 66, 62, 69, 58, 59, 12, 31, 42, 45, 71, 65, 68, 62, 51, 47, 33, 60, 40, 70, 49]
x_dimensions = [4, 4, 4, 4, 4, 4, 3, 19, 3, 3, 3, 14, 12, 11, 10, 3, 8, 3, 3, 3, 3, 3]
y_dimensions = [14, 11, 8, 7, 5, 4, 4, 3, 17, 16, 15, 3, 3, 3, 3, 9, 3, 7, 6, 5, 4, 3]
minimum_height = 74
----------
x_coordinates = [12, 9, 18, 13, 22, 12, 20, 7, 18, 0, 21, 4, 12, 3, 13, 23, 14, 21, 17, 22, 14, 19]
y_coordinates = [52, 62, 56, 63, 58, 45, 66, 3, 32, 48, 32, 56, 26, 59, 70, 63, 49, 19, 64, 47, 60, 29]
x_dimensions = [14, 4, 4, 4, 4, 4, 3, 19, 3, 3, 3, 14, 12, 11, 10, 3, 8, 3, 3, 3, 4, 3]
y_dimensions = [4, 11, 8, 7, 5, 4, 4, 3, 17, 16, 15, 3, 3, 3, 3, 9, 3, 7, 6, 5, 3, 3]
minimum_height = 73
----------
x_coordinates = [1, 10, 22, 14, 18, 22, 21, 7, 5, 23, 23, 8, 13, 8, 16, 1, 15, 21, 18, 22, 22, 19]
y_coordinates = [55, 61, 57, 64, 61, 53, 68, 1, 52, 14, 35, 55, 50, 58, 4, 69, 47, 7, 66, 30, 65, 58]
x_dimensions = [4, 4, 4, 4, 4, 4, 3, 19, 3, 3, 3, 14, 12, 11, 10, 9, 8, 3, 3, 3, 4, 3]
y_dimensions = [14, 11, 8, 7, 5, 4, 4, 3, 17, 16, 15, 3, 3, 3, 3, 3, 3, 7, 6, 5, 3, 3]
minimum_height = 72
----------
x_coordinates = [2, 18, 22, 15, 7, 12, 23, 7, 0, 10, 21, 4, 12, 5, 14, 6, 17, 21, 19, 23, 11, 3]
y_coordinates = [50, 53, 59, 64, 63, 27, 67, 0, 54, 31, 32, 57, 47, 60, 24, 68, 50, 16, 65, 27, 65, 66]
x_dimensions = [14, 4, 4, 4, 4, 4, 3, 19, 3, 3, 3, 14, 12, 11, 10, 9, 8, 3, 3, 3, 4, 3]
y_dimensions = [4, 11, 8, 7, 5, 4, 4, 3, 17, 16, 15, 3, 3, 3, 3, 3, 3, 7, 6, 5, 3, 3]
minimum_height = 71
----------
x_coordinates = [0, 14, 22, 14, 18, 12, 21, 7, 6, 8, 21, 3, 9, 3, 16, 19, 15, 21, 4, 23, 10, 1]
y_coordinates = [51, 50, 58, 65, 60, 31, 66, 4, 34, 18, 32, 61, 44, 58, 29, 50, 47, 22, 66, 49, 64, 64]
x_dimensions = [14, 4, 4, 7, 4, 4, 3, 19, 3, 3, 3, 14, 12, 11, 10, 3, 8, 3, 6, 3, 4, 3]
y_dimensions = [4, 11, 8, 4, 5, 4, 4, 3, 17, 16, 15, 3, 3, 3, 3, 9, 3, 7, 3, 5, 3, 3]
minimum_height = 70
----------
x_coordinates = [3, 17, 22, 15, 9, 16, 8, 7, 7, 0, 23, 8, 7, 15, 16, 21, 15, 21, 2, 14, 13, 6]
y_coordinates = [50, 51, 61, 65, 57, 27, 65, 19, 26, 50, 37, 62, 44, 34, 31, 52, 47, 24, 66, 54, 59, 59]
x_dimensions = [14, 4, 4, 7, 4, 4, 3, 19, 3, 3, 3, 14, 12, 11, 10, 3, 8, 3, 6, 3, 4, 3]
y_dimensions = [4, 11, 8, 4, 5, 4, 4, 3, 17, 16, 15, 3, 3, 3, 3, 9, 3, 7, 3, 5, 3, 3]
minimum_height = 69
----------
x_coordinates = [4, 11, 5, 15, 19, 18, 22, 6, 5, 2, 1, 8, 14, 8, 13, 23, 17, 23, 9, 23, 15, 23]
y_coordinates = [38, 54, 60, 64, 59, 38, 64, 11, 43, 52, 37, 51, 45, 35, 42, 52, 48, 32, 65, 40, 61, 61]
x_dimensions = [14, 4, 4, 7, 4, 4, 3, 19, 3, 3, 3, 14, 12, 11, 10, 3, 8, 3, 6, 3, 4, 3]
y_dimensions = [4, 11, 8, 4, 5, 4, 4, 3, 17, 16, 15, 3, 3, 3, 3, 9, 3, 7, 3, 5, 3, 3]
minimum_height = 68
----------
x_coordinates = [5, 11, 4, 17, 22, 19, 23, 7, 18, 1, 23, 7, 14, 7, 16, 8, 11, 21, 20, 23, 19, 23]
y_coordinates = [48, 60, 59, 29, 57, 51, 19, 2, 6, 50, 36, 55, 23, 52, 33, 58, 64, 12, 26, 51, 64, 63]
x_dimensions = [14, 11, 4, 7, 4, 4, 3, 19, 3, 3, 3, 14, 12, 11, 10, 3, 8, 3, 6, 3, 4, 3]
y_dimensions = [4, 4, 8, 4, 5, 4, 4, 3, 17, 16, 15, 3, 3, 3, 3, 9, 3, 7, 3, 5, 3, 3]
minimum_height = 67
----------
x_coordinates = [0, 7, 1, 16, 21, 14, 22, 6, 7, 4, 23, 5, 4, 3, 15, 18, 17, 21, 10, 22, 18, 19]
y_coordinates = [51, 58, 58, 46, 58, 54, 63, 22, 31, 31, 38, 62, 48, 55, 32, 53, 35, 25, 45, 53, 50, 63]
x_dimensions = [14, 11, 4, 7, 4, 4, 4, 19, 3, 3, 3, 14, 12, 11, 10, 3, 8, 3, 6, 3, 4, 3]
y_dimensions = [4, 4, 8, 4, 5, 4, 3, 3, 17, 16, 15, 3, 3, 3, 3, 9, 3, 7, 3, 5, 3, 3]
minimum_height = 66
----------
x_coordinates = [0, 7, 18, 19, 22, 14, 22, 5, 16, 17, 23, 4, 0, 3, 20, 0, 17, 23, 23, 2, 12, 21]
y_coordinates = [51, 61, 57, 53, 57, 54, 62, 9, 37, 21, 32, 58, 48, 55, 43, 56, 18, 22, 47, 43, 48, 29]
x_dimensions = [14, 11, 4, 7, 4, 4, 4, 19, 3, 3, 3, 14, 12, 11, 3, 3, 8, 3, 3, 3, 4, 3]
y_dimensions = [4, 4, 8, 4, 5, 4, 3, 3, 17, 16, 15, 3, 3, 3, 10, 9, 3, 7, 6, 5, 3, 3]
minimum_height = 65
----------
x_coordinates = [0, 14, 21, 19, 22, 18, 23, 6, 16, 17, 23, 0, 1, 3, 20, 21, 2, 21, 13, 10, 18, 23]
y_coordinates = [54, 53, 13, 52, 59, 60, 48, 3, 36, 20, 33, 58, 51, 61, 42, 24, 47, 6, 47, 46, 57, 21]
x_dimensions = [14, 4, 4, 7, 4, 4, 3, 19, 3, 3, 3, 14, 12, 11, 3, 3, 8, 3, 3, 3, 4, 3]
y_dimensions = [4, 11, 8, 4, 5, 4, 4, 3, 17, 16, 15, 3, 3, 3, 10, 9, 3, 7, 6, 5, 3, 3]
minimum_height = 64
----------
x_coordinates = [6, 18, 7, 22, 3, 22, 3, 7, 23, 14, 2, 1, 3, 11, 15, 20, 18, 21, 15, 0, 7, 6]
y_coordinates = [40, 49, 56, 52, 58, 59, 55, 12, 35, 24, 33, 48, 52, 60, 44, 40, 32, 25, 54, 53, 60, 45]
x_dimensions = [14, 4, 8, 4, 4, 4, 4, 19, 3, 3, 3, 14, 12, 11, 3, 3, 8, 3, 3, 3, 4, 3]
y_dimensions = [4, 11, 4, 7, 5, 4, 3, 3, 17, 16, 15, 3, 3, 3, 10, 9, 3, 7, 6, 5, 3, 3]
minimum_height = 63
----------
x_coordinates = [7, 4, 14, 22, 0, 3, 21, 6, 20, 0, 0, 3, 2, 8, 16, 23, 8, 21, 19, 23, 18, 20]
y_coordinates = [27, 48, 58, 54, 54, 30, 28, 9, 35, 20, 36, 34, 59, 55, 45, 19, 50, 12, 52, 49, 32, 24]
x_dimensions = [14, 4, 8, 4, 4, 4, 3, 19, 3, 3, 3, 14, 12, 11, 3, 3, 8, 3, 3, 3, 4, 3]
y_dimensions = [4, 11, 4, 7, 5, 4, 4, 3, 17, 16, 15, 3, 3, 3, 10, 9, 3, 7, 6, 5, 3, 3]
minimum_height = 62
----------
x_coordinates = [4, 11, 15, 19, 3, 0, 1, 7, 22, 2, 23, 10, 10, 0, 21, 8, 15, 21, 16, 0, 22, 7]
y_coordinates = [38, 49, 50, 54, 53, 42, 49, 2, 13, 22, 46, 40, 27, 58, 30, 43, 47, 6, 55, 53, 43, 52]
x_dimensions = [4, 4, 8, 4, 4, 4, 3, 19, 3, 3, 3, 14, 12, 11, 3, 3, 8, 3, 3, 3, 4, 3]
y_dimensions = [14, 11, 4, 7, 5, 4, 4, 3, 17, 16, 15, 3, 3, 3, 10, 9, 3, 7, 6, 5, 3, 3]
minimum_height = 61
----------
x_coordinates = [8, 22, 21, 20, 11, 6, 5, 2, 1, 4, 21, 5, 9, 6, 23, 7, 14, 18, 21, 19, 18, 16]
y_coordinates = [49, 48, 15, 39, 53, 31, 52, 13, 43, 36, 0, 57, 22, 20, 23, 38, 46, 32, 33, 55, 29, 54]
x_dimensions = [14, 4, 4, 4, 5, 4, 3, 19, 3, 3, 3, 14, 12, 3, 3, 3, 8, 3, 3, 3, 4, 3]
y_dimensions = [4, 11, 8, 7, 4, 4, 4, 3, 17, 16, 15, 3, 3, 11, 10, 9, 3, 7, 6, 5, 3, 3]
minimum_height = 60
----------
x_coordinates = [7, 12, 22, 11, 2, 2, 16, 4, 23, 3, 23, 6, 10, 5, 20, 14, 15, 21, 20, 6, 19, 23]
y_coordinates = [45, 55, 16, 48, 55, 34, 51, 28, 39, 38, 24, 42, 23, 15, 36, 33, 46, 6, 49, 37, 13, 56]
x_dimensions = [4, 11, 4, 4, 5, 4, 3, 19, 3, 3, 3, 14, 12, 11, 3, 3, 8, 3, 3, 3, 4, 3]
y_dimensions = [14, 4, 8, 7, 4, 4, 4, 3, 17, 16, 15, 3, 3, 3, 10, 9, 3, 7, 6, 5, 3, 3]
minimum_height = 59
----------
x_coordinates = [11, 12, 22, 0, 4, 8, 23, 3, 9, 10, 22, 12, 10, 0, 19, 23, 9, 21, 20, 3, 19, 22]
y_coordinates = [46, 54, 26, 49, 54, 20, 54, 24, 43, 27, 11, 51, 1, 46, 27, 34, 50, 4, 37, 19, 17, 1]
x_dimensions = [14, 11, 4, 4, 5, 4, 3, 19, 17, 3, 3, 14, 12, 11, 3, 3, 3, 3, 3, 3, 3, 3]
y_dimensions = [4, 4, 8, 7, 4, 4, 4, 3, 3, 16, 15, 3, 3, 3, 10, 9, 8, 7, 6, 5, 4, 3]
minimum_height = 58
----------
x_coordinates = [19, 8, 22, 9, 0, 12, 22, 12, 5, 9, 16, 6, 3, 2, 0, 23, 23, 13, 19, 19, 5, 13]
y_coordinates = [30, 20, 45, 47, 38, 43, 53, 24, 17, 31, 41, 40, 42, 54, 42, 36, 19, 47, 44, 52, 37, 54]
x_dimensions = [4, 11, 4, 4, 5, 4, 3, 3, 17, 3, 3, 3, 3, 11, 3, 3, 3, 3, 3, 3, 4, 3]
y_dimensions = [14, 4, 8, 7, 4, 4, 4, 19, 3, 16, 15, 14, 12, 3, 10, 9, 8, 7, 6, 5, 3, 3]
minimum_height = 57
----------
x_coordinates = [1, 15, 4, 22, 12, 16, 3, 12, 5, 23, 1, 23, 20, 12, 19, 17, 23, 9, 20, 3, 6, 1]
y_coordinates = [18, 22, 52, 15, 44, 49, 39, 24, 19, 26, 48, 42, 35, 53, 9, 40, 7, 41, 47, 43, 44, 53]
x_dimensions = [4, 11, 8, 4, 5, 4, 3, 3, 17, 3, 15, 3, 3, 11, 3, 3, 3, 3, 3, 3, 3, 3]
y_dimensions = [14, 4, 4, 7, 4, 4, 4, 19, 3, 16, 3, 14, 12, 3, 10, 9, 8, 7, 6, 5, 4, 3]
minimum_height = 56
----------
x_coordinates = [18, 0, 3, 22, 18, 11, 9, 11, 5, 22, 8, 12, 19, 14, 21, 22, 7, 10, 23, 0, 15, 10]
y_coordinates = [16, 44, 51, 10, 51, 51, 13, 26, 10, 26, 48, 45, 30, 42, 0, 17, 25, 16, 49, 50, 51, 23]
x_dimensions = [4, 11, 8, 4, 5, 4, 4, 3, 17, 3, 15, 14, 3, 11, 3, 3, 3, 3, 3, 3, 3, 3]
y_dimensions = [14, 4, 4, 7, 4, 4, 3, 19, 3, 16, 3, 3, 12, 3, 10, 9, 8, 7, 6, 5, 4, 3]
minimum_height = 55
----------
x_coordinates = [2, 4, 17, 0, 13, 22, 16, 12, 5, 22, 4, 3, 9, 1, 23, 20, 15, 14, 23, 0, 18, 19]
y_coordinates = [16, 46, 16, 47, 36, 50, 40, 17, 7, 0, 51, 43, 23, 35, 29, 37, 46, 10, 44, 42, 33, 51]
x_dimensions = [4, 11, 8, 4, 5, 4, 4, 3, 17, 3, 15, 14, 3, 11, 3, 3, 8, 3, 3, 3, 3, 3]
y_dimensions = [14, 4, 4, 7, 4, 4, 3, 19, 3, 16, 3, 3, 12, 3, 10, 9, 3, 7, 6, 5, 4, 3]
minimum_height = 54
----------
x_coordinates = [6, 7, 18, 0, 21, 22, 19, 12, 5, 23, 11, 6, 15, 1, 20, 23, 18, 9, 23, 3, 0, 21]
y_coordinates = [19, 48, 39, 49, 43, 16, 32, 25, 2, 23, 20, 44, 32, 41, 6, 7, 47, 34, 1, 44, 45, 50]
x_dimensions = [4, 11, 8, 7, 5, 4, 4, 3, 17, 3, 15, 14, 3, 11, 3, 3, 8, 3, 3, 3, 3, 3]
y_dimensions = [14, 4, 4, 4, 4, 4, 3, 19, 3, 16, 3, 3, 12, 3, 10, 9, 3, 7, 6, 5, 4, 3]
minimum_height = 53
----------
x_coordinates = [22, 11, 17, 1, 0, 21, 17, 12, 7, 23, 11, 5, 15, 1, 3, 4, 20, 18, 1, 8, 19, 18]
y_coordinates = [38, 48, 27, 48, 43, 31, 8, 25, 19, 3, 22, 44, 32, 37, 14, 24, 11, 35, 30, 47, 44, 32]
x_dimensions = [4, 11, 8, 7, 5, 4, 4, 3, 17, 3, 15, 14, 3, 11, 3, 3, 3, 7, 3, 3, 3, 3]
y_dimensions = [14, 4, 4, 4, 4, 4, 3, 19, 3, 16, 3, 3, 12, 3, 10, 9, 8, 3, 6, 5, 4, 3]
minimum_height = 52
----------
x_coordinates = [8, 14, 16, 3, 0, 13, 22, 12, 7, 22, 11, 6, 5, 15, 1, 4, 6, 23, 22, 20, 20, 17]
y_coordinates = [30, 10, 6, 47, 41, 47, 3, 24, 0, 23, 20, 44, 32, 39, 9, 13, 9, 43, 14, 46, 42, 48]
x_dimensions = [4, 11, 8, 7, 5, 4, 4, 3, 17, 3, 15, 14, 3, 11, 3, 3, 8, 3, 3, 3, 3, 3]
y_dimensions = [14, 4, 4, 4, 4, 4, 3, 19, 3, 16, 3, 3, 12, 3, 10, 9, 3, 7, 6, 5, 4, 3]
minimum_height = 51
----------
x_coordinates = [9, 18, 22, 13, 4, 20, 19, 12, 9, 18, 3, 6, 0, 23, 21, 8, 0, 17, 23, 1, 20, 20]
y_coordinates = [33, 29, 31, 40, 43, 3, 23, 6, 26, 7, 30, 47, 32, 39, 10, 16, 24, 40, 20, 45, 46, 43]
x_dimensions = [4, 4, 4, 4, 5, 4, 4, 3, 17, 3, 15, 14, 3, 3, 3, 3, 3, 3, 3, 3, 3, 3]
y_dimensions = [14, 11, 8, 7, 4, 4, 3, 19, 3, 16, 3, 3, 12, 11, 10, 9, 8, 7, 6, 5, 4, 3]
minimum_height = 50
----------
x_coordinates = [17, 22, 18, 2, 1, 17, 17, 11, 0, 21, 11, 11, 6, 9, 15, 5, 12, 20, 14, 9, 9, 21]
y_coordinates = [1, 31, 34, 42, 38, 17, 31, 2, 33, 2, 24, 21, 37, 46, 36, 23, 38, 42, 27, 36, 41, 18]
x_dimensions = [4, 4, 4, 4, 5, 4, 4, 3, 17, 3, 15, 14, 3, 11, 3, 3, 3, 3, 3, 3, 3, 3]
y_dimensions = [14, 11, 8, 7, 4, 4, 3, 19, 3, 16, 3, 3, 12, 3, 10, 9, 8, 7, 6, 5, 4, 3]
minimum_height = 49
----------
x_coordinates = [19, 0, 4, 3, 9, 22, 16, 12, 7, 23, 11, 12, 8, 13, 16, 1, 20, 23, 4, 10, 13, 3]
y_coordinates = [14, 32, 36, 44, 5, 4, 34, 9, 31, 8, 28, 1, 38, 45, 42, 23, 34, 35, 30, 41, 41, 3]
x_dimensions = [4, 4, 4, 7, 5, 4, 4, 3, 17, 3, 15, 14, 12, 11, 10, 3, 3, 3, 3, 3, 3, 3]
y_dimensions = [14, 11, 8, 4, 4, 4, 3, 19, 3, 16, 3, 3, 3, 3, 3, 9, 8, 7, 6, 5, 4, 3]
minimum_height = 48
----------
x_coordinates = [14, 15, 22, 0, 1, 22, 21, 1, 8, 2, 11, 12, 7, 4, 19, 5, 23, 13, 18, 6, 20, 18]
y_coordinates = [16, 30, 31, 43, 39, 6, 28, 18, 13, 2, 1, 10, 41, 30, 32, 15, 39, 44, 23, 36, 43, 7]
x_dimensions = [4, 4, 4, 7, 5, 4, 4, 3, 17, 3, 15, 14, 12, 11, 3, 3, 3, 7, 3, 3, 3, 3]
y_dimensions = [14, 11, 8, 4, 4, 4, 3, 19, 3, 16, 3, 3, 3, 3, 10, 9, 8, 3, 6, 5, 4, 3]
minimum_height = 47
----------
x_coordinates = [18, 3, 22, 8, 7, 22, 22, 0, 6, 3, 11, 8, 7, 8, 19, 21, 22, 15, 14, 3, 14, 6]
y_coordinates = [18, 31, 30, 42, 35, 26, 23, 21, 15, 11, 9, 12, 39, 32, 33, 0, 38, 43, 25, 42, 35, 9]
x_dimensions = [4, 4, 4, 7, 5, 4, 4, 3, 17, 3, 15, 14, 12, 11, 3, 3, 3, 7, 3, 5, 3, 3]
y_dimensions = [14, 11, 8, 4, 4, 4, 3, 19, 3, 16, 3, 3, 3, 3, 10, 9, 8, 3, 6, 3, 4, 3]
minimum_height = 46
----------
x_coordinates = [18, 4, 0, 2, 7, 0, 22, 12, 7, 23, 11, 8, 8, 9, 20, 4, 23, 16, 9, 3, 0, 7]
y_coordinates = [17, 30, 33, 24, 17, 28, 29, 17, 7, 13, 10, 14, 39, 36, 32, 9, 37, 42, 27, 41, 41, 11]
x_dimensions = [4, 4, 4, 7, 5, 4, 4, 3, 17, 3, 15, 14, 12, 11, 3, 3, 3, 7, 3, 5, 3, 3]
y_dimensions = [14, 11, 8, 4, 4, 4, 3, 19, 3, 16, 3, 3, 3, 3, 10, 9, 8, 3, 6, 3, 4, 3]
minimum_height = 45
----------
x_coordinates = [13, 4, 0, 11, 17, 18, 22, 12, 7, 21, 16, 9, 8, 2, 20, 4, 23, 22, 6, 17, 8, 7]
y_coordinates = [23, 33, 36, 37, 24, 28, 5, 4, 1, 8, 7, 16, 41, 30, 32, 3, 36, 25, 23, 32, 36, 7]
x_dimensions = [4, 4, 4, 7, 5, 4, 4, 3, 17, 3, 3, 3, 12, 11, 3, 3, 3, 3, 3, 3, 3, 3]
y_dimensions = [14, 11, 8, 4, 4, 4, 3, 19, 3, 16, 15, 14, 3, 3, 10, 9, 8, 7, 6, 5, 4, 3]
minimum_height = 44
----------
x_coordinates = [22, 17, 7, 16, 18, 22, 5, 11, 9, 4, 7, 12, 10, 11, 1, 2, 19, 16, 23, 21, 14, 15]
y_coordinates = [25, 15, 29, 4, 8, 39, 11, 15, 12, 26, 37, 1, 40, 34, 33, 7, 26, 27, 6, 20, 23, 9]
x_dimensions = [4, 4, 4, 7, 5, 4, 4, 3, 17, 3, 15, 14, 12, 11, 3, 3, 3, 3, 3, 3, 3, 3]
y_dimensions = [14, 11, 8, 4, 4, 4, 3, 19, 3, 16, 3, 3, 3, 3, 10, 9, 8, 7, 6, 5, 4, 3]
minimum_height = 43
----------
x_coordinates = [18, 11, 3, 22, 18, 22, 4, 11, 8, 0, 7, 15, 14, 10, 23, 6, 20, 22, 23, 20, 15, 14]
y_coordinates = [25, 24, 34, 24, 20, 38, 30, 5, 22, 24, 39, 23, 12, 1, 2, 13, 4, 31, 18, 15, 19, 16]
x_dimensions = [4, 4, 4, 4, 4, 4, 4, 3, 3, 3, 15, 3, 12, 11, 3, 3, 3, 3, 3, 3, 3, 3]
y_dimensions = [14, 11, 8, 7, 5, 4, 3, 19, 17, 16, 3, 14, 3, 3, 10, 9, 8, 7, 6, 5, 4, 3]
minimum_height = 42
----------
x_coordinates = [19, 16, 3, 4, 11, 22, 22, 12, 9, 7, 7, 4, 12, 15, 16, 23, 23, 18, 1, 20, 10, 3]
y_coordinates = [7, 21, 19, 31, 30, 0, 29, 7, 38, 15, 1, 35, 4, 32, 11, 11, 20, 35, 34, 24, 26, 3]
x_dimensions = [4, 4, 4, 7, 4, 4, 4, 3, 17, 3, 15, 14, 12, 11, 3, 3, 3, 7, 3, 3, 3, 3]
y_dimensions = [14, 11, 8, 4, 5, 4, 3, 19, 3, 16, 3, 3, 3, 3, 10, 9, 8, 3, 6, 5, 4, 3]
minimum_height = 41
----------
x_coordinates = [22, 18, 3, 3, 21, 10, 23, 12, 17, 15, 7, 14, 0, 3, 11, 0, 23, 6, 14, 20, 16, 21]
y_coordinates = [11, 12, 18, 26, 33, 29, 3, 0, 23, 4, 18, 20, 28, 33, 19, 18, 25, 37, 34, 25, 0, 8]
x_dimensions = [4, 4, 4, 4, 4, 4, 3, 3, 3, 3, 3, 3, 3, 11, 3, 3, 3, 7, 3, 3, 3, 3]
y_dimensions = [14, 11, 8, 7, 5, 4, 4, 19, 17, 16, 15, 14, 12, 3, 10, 9, 8, 3, 6, 5, 4, 3]
minimum_height = 40
----------
x_coordinates = [5, 16, 7, 19, 0, 12, 15, 12, 20, 23, 2, 23, 5, 8, 1, 23, 9, 8, 4, 9, 11, 18]
y_coordinates = [13, 15, 5, 32, 35, 25, 31, 6, 12, 0, 20, 25, 27, 34, 10, 16, 18, 31, 7, 26, 2, 9]
x_dimensions = [4, 4, 4, 4, 5, 4, 4, 3, 3, 3, 3, 3, 3, 11, 3, 3, 3, 7, 3, 3, 3, 3]
y_dimensions = [14, 11, 8, 7, 4, 4, 3, 19, 17, 16, 15, 14, 12, 3, 10, 9, 8, 3, 6, 5, 4, 3]
minimum_height = 39
----------
x_coordinates = [3, 18, 13, 19, 3, 19, 23, 10, 23, 23, 13, 16, 0, 8, 20, 10, 7, 3, 15, 7, 20, 17]
y_coordinates = [16, 6, 12, 31, 34, 27, 1, 6, 21, 5, 20, 20, 26, 35, 17, 26, 16, 30, 3, 25, 2, 17]
x_dimensions = [4, 4, 4, 4, 5, 4, 3, 3, 3, 3, 3, 3, 3, 11, 3, 3, 3, 7, 3, 3, 3, 3]
y_dimensions = [14, 11, 8, 7, 4, 4, 4, 19, 17, 16, 15, 14, 12, 3, 10, 9, 8, 3, 6, 5, 4, 3]
minimum_height = 38
----------
x_coordinates = [2, 5, 15, 19, 22, 19, 10, 12, 6, 19, 9, 23, 0, 4, 16, 3, 22, 14, 2, 16, 21, 6]
y_coordinates = [11, 0, 9, 33, 3, 29, 1, 5, 24, 7, 4, 18, 25, 34, 27, 25, 10, 2, 3, 17, 0, 16]
x_dimensions = [4, 4, 4, 7, 4, 4, 4, 3, 17, 3, 3, 3, 3, 11, 3, 3, 3, 7, 3, 3, 4, 3]
y_dimensions = [14, 11, 8, 4, 5, 4, 3, 19, 3, 16, 15, 14, 12, 3, 10, 9, 8, 3, 6, 5, 3, 3]
minimum_height = 37
----------
x_coordinates = [4, 16, 8, 8, 22, 22, 0, 12, 2, 23, 11, 8, 20, 16, 19, 11, 23, 20, 3, 0, 2, 1]
y_coordinates = [15, 22, 23, 11, 7, 3, 27, 14, 6, 12, 0, 3, 23, 11, 6, 33, 28, 16, 9, 14, 32, 21]
x_dimensions = [4, 4, 4, 4, 4, 4, 4, 3, 17, 3, 15, 14, 3, 3, 3, 9, 3, 3, 3, 3, 4, 3]
y_dimensions = [14, 11, 8, 7, 5, 4, 3, 19, 3, 16, 3, 3, 12, 11, 10, 3, 8, 7, 6, 5, 3, 3]
minimum_height = 36
----------
x_coordinates = [4, 18, 1, 4, 8, 14, 5, 12, 0, 18, 15, 11, 6, 22, 23, 9, 5, 21, 15, 20, 23, 3]
y_coordinates = [10, 8, 27, 2, 7, 28, 32, 6, 10, 19, 3, 0, 25, 17, 7, 32, 29, 28, 18, 3, 3, 24]
x_dimensions = [4, 4, 4, 4, 4, 4, 4, 3, 3, 3, 3, 14, 12, 3, 3, 9, 8, 3, 3, 3, 3, 3]
y_dimensions = [14, 11, 8, 7, 5, 4, 3, 19, 17, 16, 15, 3, 3, 11, 10, 3, 3, 7, 6, 5, 4, 3]
minimum_height = 35
----------
x_coordinates = [8, 19, 19, 4, 1, 22, 19, 12, 3, 23, 16, 2, 7, 23, 1, 14, 14, 0, 16, 5, 21, 19]
y_coordinates = [12, 17, 6, 11, 22, 30, 14, 9, 0, 3, 13, 6, 28, 19, 12, 3, 31, 29, 7, 18, 0, 28]
x_dimensions = [4, 4, 4, 4, 4, 4, 4, 3, 17, 3, 3, 14, 12, 3, 3, 9, 8, 7, 3, 3, 4, 3]
y_dimensions = [14, 11, 8, 7, 5, 4, 3, 19, 3, 16, 15, 3, 3, 11, 10, 3, 3, 3, 6, 5, 3, 3]
minimum_height = 34
----------
x_coordinates = [8, 19, 4, 1, 1, 22, 8, 12, 1, 19, 16, 3, 7, 23, 5, 10, 4, 12, 18, 23, 23, 4]
y_coordinates = [3, 6, 16, 3, 10, 29, 17, 4, 15, 17, 8, 0, 27, 18, 6, 23, 30, 30, 0, 9, 14, 25]
x_dimensions = [4, 4, 4, 4, 4, 4, 4, 3, 3, 3, 3, 14, 12, 3, 3, 9, 8, 7, 3, 3, 3, 3]
y_dimensions = [14, 11, 8, 7, 5, 4, 3, 19, 17, 16, 15, 3, 3, 11, 10, 3, 3, 3, 6, 5, 4, 3]
minimum_height = 33
----------
x_coordinates = [15, 8, 4, 0, 1, 4, 3, 12, 2, 22, 19, 1, 8, 15, 0, 14, 15, 19, 9, 23, 23, 20]
y_coordinates = [9, 17, 22, 25, 10, 18, 15, 10, 4, 4, 5, 7, 29, 23, 15, 1, 26, 20, 11, 27, 0, 29]
x_dimensions = [4, 4, 4, 4, 4, 4, 4, 3, 17, 3, 3, 14, 12, 11, 3, 9, 8, 7, 3, 3, 3, 3]
y_dimensions = [14, 11, 8, 7, 5, 4, 3, 19, 3, 16, 15, 3, 3, 3, 10, 3, 3, 3, 6, 5, 4, 3]
minimum_height = 32
----------
x_coordinates = [15, 19, 8, 15, 1, 4, 3, 12, 2, 23, 19, 1, 7, 1, 0, 3, 4, 15, 23, 22, 0, 22]
y_coordinates = [7, 2, 16, 21, 0, 20, 17, 12, 4, 6, 13, 9, 1, 24, 12, 12, 27, 28, 0, 22, 27, 27]
x_dimensions = [4, 4, 4, 4, 5, 4, 4, 3, 17, 3, 3, 14, 12, 11, 3, 9, 8, 7, 3, 3, 4, 3]
y_dimensions = [14, 11, 8, 7, 4, 4, 3, 19, 3, 16, 15, 3, 3, 3, 10, 3, 3, 3, 6, 5, 3, 3]
minimum_height = 31
----------
x_coordinates = [18, 4, 10, 22, 0, 22, 0, 9, 8, 6, 0, 12, 12, 15, 14, 17, 15, 19, 3, 3, 3, 23]
y_coordinates = [13, 1, 22, 16, 3, 23, 8, 3, 0, 12, 11, 4, 7, 7, 20, 27, 11, 10, 12, 25, 18, 13]
x_dimensions = [4, 4, 4, 4, 4, 4, 4, 3, 17, 3, 3, 14, 3, 11, 3, 9, 3, 7, 3, 3, 3, 3]
y_dimensions = [14, 11, 8, 7, 5, 4, 3, 19, 3, 16, 15, 3, 12, 3, 10, 3, 8, 3, 6, 5, 4, 3]
minimum_height = 30
----------
x_coordinates = [10, 11, 3, 22, 7, 6, 4, 0, 23, 20, 17, 12, 0, 11, 14, 11, 0, 8, 4, 14, 3, 7]
y_coordinates = [15, 0, 14, 0, 10, 22, 0, 10, 12, 13, 14, 7, 7, 10, 19, 4, 4, 0, 26, 14, 11, 18]
x_dimensions = [4, 11, 4, 4, 4, 4, 4, 3, 3, 3, 3, 14, 12, 11, 3, 9, 8, 3, 6, 3, 4, 3]
y_dimensions = [14, 4, 8, 7, 5, 4, 3, 19, 17, 16, 15, 3, 3, 3, 10, 3, 3, 7, 3, 5, 3, 3]
minimum_height = 29
----------
x_coordinates = [9, 15, 3, 4, 11, 10, 3, 0, 3, 7, 23, 6, 6, 15, 20, 17, 8, 3, 11, 0, 7, 0]
y_coordinates = [17, 0, 17, 0, 0, 24, 25, 1, 14, 21, 9, 11, 8, 24, 7, 4, 0, 7, 5, 20, 24, 25]
x_dimensions = [14, 11, 4, 4, 4, 4, 4, 3, 17, 16, 3, 14, 12, 11, 3, 9, 3, 3, 6, 3, 3, 3]
y_dimensions = [4, 4, 8, 7, 5, 4, 3, 19, 3, 3, 15, 3, 3, 3, 10, 3, 8, 7, 3, 5, 4, 3]
minimum_height = 28
----------
x_coordinates = [22, 19, 14, 6, 6, 10, 3, 10, 13, 0, 3, 5, 19, 16, 23, 7, 2, 0, 13, 16, 3, 23]
y_coordinates = [13, 0, 23, 8, 3, 23, 21, 4, 3, 8, 3, 0, 11, 9, 0, 15, 24, 1, 20, 4, 18, 10]
x_dimensions = [4, 4, 8, 4, 4, 4, 4, 3, 3, 3, 3, 14, 3, 3, 3, 3, 8, 3, 6, 3, 4, 3]
y_dimensions = [14, 11, 4, 7, 5, 4, 3, 19, 17, 16, 15, 3, 12, 11, 10, 9, 3, 7, 3, 5, 3, 3]
minimum_height = 27
----------
% Pruned 49960 learnt clauses
% Pruned 49997 learnt clauses
% Pruned 49962 learnt clauses
% Pruned 49955 learnt clauses
% Pruned 49955 learnt clauses
% Pruned 49958 learnt clauses
% Pruned 49965 learnt clauses
% Pruned 49959 learnt clauses
% Pruned 49996 learnt clauses
% Pruned 49989 learnt clauses
% Pruned 49945 learnt clauses
% Pruned 49953 learnt clauses
% Pruned 50000 learnt clauses
% Pruned 49923 learnt clauses
% Pruned 49925 learnt clauses
% Pruned 50000 learnt clauses
% Pruned 50000 learnt clauses
% Pruned 50000 learnt clauses
x_coordinates = [22, 7, 18, 0, 11, 0, 0, 3, 0, 10, 11, 4, 8, 11, 0, 17, 0, 4, 20, 15, 0, 0]
y_coordinates = [3, 9, 6, 16, 9, 6, 10, 3, 0, 20, 17, 6, 23, 14, 20, 0, 23, 9, 23, 9, 13, 3]
x_dimensions = [4, 4, 4, 7, 4, 4, 4, 19, 17, 16, 15, 14, 12, 11, 10, 9, 8, 3, 6, 3, 4, 3]
y_dimensions = [14, 11, 8, 4, 5, 4, 3, 3, 3, 3, 3, 3, 3, 3, 3, 3, 3, 7, 3, 5, 3, 3]
minimum_height = 26
----------
==========
%%%mzn-stat: nodes=2256165
%%%mzn-stat: failures=997307
%%%mzn-stat: restarts=16563
%%%mzn-stat: variables=12767
%%%mzn-stat: intVars=90
%%%mzn-stat: boolVariables=12675
%%%mzn-stat: propagators=1895
%%%mzn-stat: propagations=630097753
%%%mzn-stat: peakDepth=197
%%%mzn-stat: nogoods=997307
%%%mzn-stat: backjumps=718722
%%%mzn-stat: peakMem=0.00
%%%mzn-stat: time=262.428
%%%mzn-stat: initTime=0.026
%%%mzn-stat: solveTime=262.402
%%%mzn-stat: objective=26
%%%mzn-stat: optTime=262.400
%%%mzn-stat: baseMem=0.00
%%%mzn-stat: trailMem=0.02
%%%mzn-stat: randomSeed=1657541238
