x_coordinates = [13, 0, 14, 3, 4, 16, 7, 7, 2, 3, 9, 14, 8, 0]
y_coordinates = [100, 107, 94, 78, 103, 98, 104, 107, 100, 97, 37, 110, 110, 110]
x_dimensions = [3, 4, 5, 6, 3, 3, 9, 10, 11, 13, 3, 5, 6, 8]
y_dimensions = [3, 3, 3, 3, 7, 8, 3, 3, 3, 3, 19, 4, 4, 4]
minimum_height = 114
----------
x_coordinates = [16, 9, 10, 14, 12, 2, 6, 2, 8, 6, 9, 15, 13, 11]
y_coordinates = [24, 81, 110, 78, 104, 110, 107, 104, 101, 90, 16, 108, 97, 93]
x_dimensions = [3, 4, 5, 3, 7, 8, 9, 10, 11, 13, 3, 4, 6, 8]
y_dimensions = [3, 3, 3, 6, 3, 3, 3, 3, 3, 3, 19, 5, 4, 4]
minimum_height = 113
----------
x_coordinates = [6, 7, 8, 8, 2, 2, 10, 9, 4, 6, 0, 15, 9, 1]
y_coordinates = [87, 75, 95, 81, 108, 105, 106, 109, 102, 78, 38, 101, 98, 98]
x_dimensions = [3, 4, 5, 3, 7, 8, 9, 10, 11, 13, 19, 4, 6, 8]
y_dimensions = [3, 3, 3, 6, 3, 3, 3, 3, 3, 3, 3, 5, 4, 4]
minimum_height = 112
----------
x_coordinates = [7, 12, 14, 13, 3, 7, 6, 3, 0, 5, 0, 15, 11, 9]
y_coordinates = [92, 92, 99, 102, 104, 108, 105, 101, 100, 84, 24, 106, 95, 51]
x_dimensions = [3, 4, 5, 6, 3, 8, 9, 10, 3, 13, 19, 4, 6, 8]
y_dimensions = [3, 3, 3, 3, 7, 3, 3, 3, 11, 3, 3, 5, 4, 4]
minimum_height = 111
----------
x_coordinates = [3, 15, 16, 16, 12, 4, 10, 0, 8, 6, 0, 0, 10, 0]
y_coordinates = [92, 93, 96, 87, 104, 104, 107, 107, 101, 27, 38, 102, 97, 98]
x_dimensions = [3, 4, 3, 3, 7, 8, 9, 10, 11, 13, 19, 4, 6, 8]
y_dimensions = [3, 3, 5, 6, 3, 3, 3, 3, 3, 3, 3, 5, 4, 4]
minimum_height = 110
----------
x_coordinates = [9, 6, 12, 7, 8, 0, 7, 2, 1, 5, 3, 15, 13, 11]
y_coordinates = [89, 42, 101, 36, 106, 106, 33, 103, 100, 24, 33, 103, 97, 59]
x_dimensions = [3, 4, 3, 3, 7, 8, 9, 10, 11, 13, 3, 4, 6, 8]
y_dimensions = [3, 3, 5, 6, 3, 3, 3, 3, 3, 3, 19, 5, 4, 4]
minimum_height = 109
----------
x_coordinates = [6, 10, 1, 14, 12, 4, 10, 9, 4, 5, 9, 15, 11, 3]
y_coordinates = [83, 93, 103, 90, 105, 104, 84, 81, 101, 87, 41, 100, 96, 97]
x_dimensions = [3, 4, 3, 3, 7, 8, 9, 10, 11, 13, 3, 4, 6, 8]
y_dimensions = [3, 3, 5, 6, 3, 3, 3, 3, 3, 3, 19, 5, 4, 4]
minimum_height = 108
----------
x_coordinates = [1, 15, 16, 7, 16, 4, 10, 6, 1, 5, 2, 12, 11, 11]
y_coordinates = [104, 63, 102, 91, 95, 104, 92, 98, 101, 70, 52, 101, 88, 76]
x_dimensions = [3, 4, 3, 3, 3, 8, 9, 10, 11, 13, 3, 4, 6, 8]
y_dimensions = [3, 3, 5, 6, 7, 3, 3, 3, 3, 3, 19, 5, 4, 4]
minimum_height = 107
----------
x_coordinates = [16, 16, 14, 0, 13, 11, 2, 5, 3, 6, 8, 15, 13, 11]
y_coordinates = [92, 88, 103, 100, 88, 95, 96, 99, 102, 83, 52, 98, 67, 61]
x_dimensions = [3, 3, 5, 3, 3, 8, 9, 10, 11, 13, 3, 4, 6, 8]
y_dimensions = [3, 4, 3, 6, 7, 3, 3, 3, 3, 3, 19, 5, 4, 4]
minimum_height = 106
----------
x_coordinates = [15, 16, 11, 5, 13, 16, 8, 7, 7, 4, 9, 1, 12, 11]
y_coordinates = [61, 93, 102, 99, 95, 97, 96, 76, 71, 83, 51, 100, 89, 79]
x_dimensions = [3, 3, 5, 3, 3, 3, 3, 10, 11, 13, 3, 4, 6, 8]
y_dimensions = [3, 4, 3, 6, 7, 8, 9, 3, 3, 3, 19, 5, 4, 4]
minimum_height = 105
----------
x_coordinates = [14, 12, 12, 12, 13, 16, 6, 8, 8, 6, 3, 9, 12, 11]
y_coordinates = [15, 64, 88, 91, 97, 96, 95, 85, 78, 67, 51, 99, 81, 74]
x_dimensions = [3, 4, 5, 3, 3, 3, 3, 10, 11, 13, 3, 4, 6, 8]
y_dimensions = [3, 3, 3, 6, 7, 8, 9, 3, 3, 3, 19, 5, 4, 4]
minimum_height = 104
----------
x_coordinates = [14, 4, 11, 2, 16, 13, 5, 7, 7, 0, 4, 8, 12, 4]
y_coordinates = [100, 91, 97, 96, 93, 89, 94, 72, 84, 88, 50, 93, 80, 79]
x_dimensions = [3, 4, 5, 3, 3, 3, 3, 10, 11, 13, 3, 5, 6, 8]
y_dimensions = [3, 3, 3, 6, 7, 8, 9, 3, 3, 3, 19, 4, 4, 4]
minimum_height = 103
----------
x_coordinates = [16, 15, 14, 13, 13, 16, 10, 9, 8, 5, 9, 6, 11, 0]
y_coordinates = [87, 65, 99, 86, 92, 91, 93, 83, 80, 73, 50, 97, 76, 79]
x_dimensions = [3, 4, 5, 3, 3, 3, 3, 10, 11, 13, 3, 4, 6, 8]
y_dimensions = [3, 3, 3, 6, 7, 8, 9, 3, 3, 3, 19, 5, 4, 4]
minimum_height = 102
----------
x_coordinates = [16, 15, 14, 12, 3, 16, 11, 9, 8, 2, 0, 6, 12, 0]
y_coordinates = [87, 84, 98, 86, 94, 90, 92, 3, 80, 83, 49, 97, 76, 78]
x_dimensions = [3, 4, 5, 3, 3, 3, 3, 10, 11, 13, 19, 5, 6, 8]
y_dimensions = [3, 3, 3, 6, 7, 8, 9, 3, 3, 3, 3, 4, 4, 4]
minimum_height = 101
----------
x_coordinates = [16, 3, 12, 10, 5, 16, 13, 7, 8, 6, 5, 8, 4, 0]
y_coordinates = [81, 89, 75, 90, 93, 92, 91, 84, 78, 87, 49, 96, 77, 80]
x_dimensions = [3, 3, 5, 3, 3, 3, 3, 10, 11, 13, 3, 5, 4, 4]
y_dimensions = [3, 4, 3, 6, 7, 8, 9, 3, 3, 3, 19, 4, 6, 8]
minimum_height = 100
----------
x_coordinates = [16, 15, 14, 13, 5, 16, 13, 3, 2, 5, 9, 8, 5, 11]
y_coordinates = [87, 57, 45, 93, 92, 91, 84, 85, 89, 73, 39, 92, 76, 79]
x_dimensions = [3, 4, 5, 3, 3, 3, 3, 10, 11, 13, 3, 5, 6, 8]
y_dimensions = [3, 3, 3, 6, 7, 8, 9, 3, 3, 3, 19, 4, 4, 4]
minimum_height = 99
----------
x_coordinates = [16, 15, 14, 13, 10, 16, 13, 5, 8, 4, 6, 11, 1, 7]
y_coordinates = [83, 66, 77, 63, 91, 90, 89, 88, 86, 74, 48, 81, 84, 78]
x_dimensions = [3, 4, 5, 6, 3, 3, 3, 3, 11, 13, 3, 5, 6, 4]
y_dimensions = [3, 3, 3, 3, 7, 8, 9, 10, 3, 3, 19, 4, 4, 8]
minimum_height = 98
----------
x_coordinates = [16, 13, 13, 13, 5, 8, 11, 7, 0, 6, 0, 14, 0, 6]
y_coordinates = [88, 94, 75, 78, 90, 89, 85, 50, 86, 53, 46, 84, 82, 81]
x_dimensions = [3, 4, 5, 6, 3, 3, 3, 10, 11, 13, 19, 5, 6, 8]
y_dimensions = [3, 3, 3, 3, 7, 8, 9, 3, 3, 3, 3, 4, 4, 4]
minimum_height = 97
----------
x_coordinates = [16, 14, 15, 13, 2, 8, 16, 1, 5, 1, 7, 11, 9, 1]
y_coordinates = [62, 65, 81, 78, 89, 93, 87, 85, 90, 66, 47, 86, 78, 80]
x_dimensions = [3, 4, 3, 6, 3, 8, 3, 10, 11, 13, 3, 5, 4, 8]
y_dimensions = [3, 3, 5, 3, 7, 3, 9, 3, 3, 3, 19, 4, 6, 4]
minimum_height = 96
----------
x_coordinates = [16, 5, 0, 1, 0, 6, 3, 8, 6, 5, 2, 14, 7, 11]
y_coordinates = [78, 58, 90, 80, 83, 92, 86, 85, 88, 61, 43, 91, 79, 81]
x_dimensions = [3, 4, 3, 6, 3, 8, 3, 10, 11, 13, 3, 5, 4, 8]
y_dimensions = [3, 3, 5, 3, 7, 3, 9, 3, 3, 3, 19, 4, 6, 4]
minimum_height = 95
----------
x_coordinates = [16, 5, 0, 13, 13, 6, 3, 9, 8, 4, 1, 14, 9, 1]
y_coordinates = [77, 64, 89, 81, 74, 91, 85, 84, 87, 61, 46, 90, 78, 81]
x_dimensions = [3, 4, 3, 6, 3, 8, 3, 10, 11, 13, 3, 5, 4, 8]
y_dimensions = [3, 3, 5, 3, 7, 3, 9, 3, 3, 3, 19, 4, 6, 4]
minimum_height = 94
----------
x_coordinates = [16, 15, 4, 16, 1, 11, 15, 4, 0, 10, 7, 14, 2, 8]
y_coordinates = [49, 63, 82, 80, 83, 90, 54, 87, 90, 62, 45, 86, 78, 81]
x_dimensions = [3, 4, 3, 3, 3, 8, 3, 10, 11, 3, 3, 5, 6, 8]
y_dimensions = [3, 3, 5, 6, 7, 3, 9, 3, 3, 13, 19, 4, 4, 4]
minimum_height = 93
----------
x_coordinates = [16, 16, 3, 0, 8, 11, 14, 5, 4, 6, 2, 14, 0, 15]
y_coordinates = [34, 63, 87, 84, 85, 89, 51, 82, 79, 60, 45, 85, 78, 77]
x_dimensions = [3, 3, 3, 3, 3, 8, 3, 10, 11, 13, 3, 5, 4, 4]
y_dimensions = [3, 4, 5, 6, 7, 3, 9, 3, 3, 3, 19, 4, 6, 8]
minimum_height = 92
----------
x_coordinates = [16, 16, 10, 16, 0, 7, 14, 6, 5, 6, 3, 15, 3, 14]
y_coordinates = [53, 58, 85, 80, 84, 88, 62, 82, 79, 50, 44, 86, 85, 71]
x_dimensions = [3, 3, 5, 3, 3, 8, 3, 10, 11, 13, 3, 4, 4, 4]
y_dimensions = [3, 4, 3, 6, 7, 3, 9, 3, 3, 3, 19, 5, 6, 8]
minimum_height = 91
----------
x_coordinates = [16, 16, 5, 16, 4, 11, 8, 9, 1, 6, 3, 13, 12, 1]
y_coordinates = [65, 77, 82, 84, 72, 81, 78, 74, 87, 62, 44, 70, 84, 79]
x_dimensions = [3, 3, 3, 3, 3, 8, 3, 10, 11, 13, 3, 5, 4, 4]
y_dimensions = [3, 4, 5, 6, 7, 3, 9, 3, 3, 3, 19, 4, 6, 8]
minimum_height = 90
----------
x_coordinates = [16, 0, 10, 16, 12, 5, 13, 9, 2, 3, 0, 4, 6, 12]
y_coordinates = [71, 75, 84, 79, 67, 77, 79, 74, 80, 61, 43, 73, 83, 53]
x_dimensions = [3, 4, 3, 3, 3, 8, 3, 10, 11, 13, 3, 5, 4, 4]
y_dimensions = [3, 3, 5, 6, 7, 3, 9, 3, 3, 3, 19, 4, 6, 8]
minimum_height = 89
----------
x_coordinates = [16, 16, 14, 11, 12, 8, 14, 7, 0, 5, 1, 3, 4, 15]
y_coordinates = [20, 59, 85, 82, 75, 77, 63, 72, 85, 56, 43, 75, 79, 77]
x_dimensions = [3, 3, 5, 3, 3, 3, 3, 10, 11, 13, 3, 5, 4, 4]
y_dimensions = [3, 4, 3, 6, 7, 8, 9, 3, 3, 3, 19, 4, 6, 8]
minimum_height = 88
----------
x_coordinates = [16, 16, 12, 14, 13, 11, 14, 8, 0, 5, 1, 10, 8, 15]
y_coordinates = [57, 60, 63, 81, 56, 79, 72, 74, 84, 53, 42, 68, 62, 64]
x_dimensions = [3, 3, 3, 3, 3, 3, 3, 3, 11, 13, 3, 5, 4, 4]
y_dimensions = [3, 4, 5, 6, 7, 8, 9, 10, 3, 3, 19, 4, 6, 8]
minimum_height = 87
----------
x_coordinates = [16, 0, 15, 12, 13, 11, 16, 9, 0, 6, 2, 11, 3, 7]
y_coordinates = [54, 76, 78, 77, 66, 83, 69, 57, 82, 60, 42, 73, 76, 72]
x_dimensions = [3, 3, 3, 3, 3, 8, 3, 10, 11, 13, 3, 5, 4, 4]
y_dimensions = [3, 4, 5, 6, 7, 3, 9, 3, 3, 3, 19, 4, 6, 8]
minimum_height = 86
----------
x_coordinates = [16, 0, 12, 16, 12, 11, 14, 9, 0, 5, 2, 7, 3, 15]
y_coordinates = [32, 77, 75, 76, 68, 82, 50, 65, 81, 59, 41, 74, 75, 68]
x_dimensions = [3, 3, 3, 3, 3, 8, 3, 10, 11, 13, 3, 5, 4, 4]
y_dimensions = [3, 4, 5, 6, 7, 3, 9, 3, 3, 3, 19, 4, 6, 8]
minimum_height = 85
----------
x_coordinates = [16, 2, 16, 6, 16, 11, 15, 9, 4, 4, 1, 7, 15, 12]
y_coordinates = [34, 76, 73, 77, 66, 81, 44, 78, 52, 59, 41, 73, 53, 70]
x_dimensions = [3, 4, 3, 3, 3, 8, 3, 10, 11, 13, 3, 5, 4, 4]
y_dimensions = [3, 3, 5, 6, 7, 3, 9, 3, 3, 3, 19, 4, 6, 8]
minimum_height = 84
----------
x_coordinates = [16, 16, 15, 2, 13, 11, 16, 9, 4, 4, 0, 10, 0, 5]
y_coordinates = [28, 58, 75, 77, 65, 80, 63, 72, 62, 55, 40, 76, 64, 70]
x_dimensions = [3, 3, 3, 3, 3, 8, 3, 10, 11, 13, 3, 5, 4, 4]
y_dimensions = [3, 4, 5, 6, 7, 3, 9, 3, 3, 3, 19, 4, 6, 8]
minimum_height = 83
----------
x_coordinates = [16, 16, 16, 2, 16, 12, 15, 8, 4, 6, 3, 7, 12, 8]
y_coordinates = [51, 54, 74, 78, 67, 53, 58, 79, 63, 48, 39, 66, 73, 71]
x_dimensions = [3, 3, 3, 6, 3, 3, 3, 10, 11, 13, 3, 5, 4, 4]
y_dimensions = [3, 4, 5, 3, 7, 8, 9, 3, 3, 3, 19, 4, 6, 8]
minimum_height = 82
----------
x_coordinates = [16, 12, 16, 10, 16, 16, 13, 9, 8, 5, 2, 13, 15, 7]
y_coordinates = [39, 75, 68, 78, 61, 73, 66, 45, 42, 48, 39, 51, 55, 66]
x_dimensions = [3, 4, 3, 6, 3, 3, 3, 10, 11, 13, 3, 5, 4, 4]
y_dimensions = [3, 3, 5, 3, 7, 8, 9, 3, 3, 3, 19, 4, 6, 8]
minimum_height = 81
----------
x_coordinates = [16, 16, 13, 2, 12, 15, 16, 8, 7, 6, 3, 8, 15, 7]
y_coordinates = [36, 50, 75, 77, 68, 63, 71, 54, 47, 44, 39, 76, 57, 68]
x_dimensions = [3, 3, 3, 6, 3, 3, 3, 10, 11, 13, 3, 5, 4, 4]
y_dimensions = [3, 4, 5, 3, 7, 8, 9, 3, 3, 3, 19, 4, 6, 8]
minimum_height = 80
----------
x_coordinates = [16, 4, 13, 9, 12, 15, 16, 8, 7, 5, 2, 8, 15, 5]
y_coordinates = [43, 76, 74, 69, 67, 62, 70, 59, 46, 49, 38, 75, 53, 67]
x_dimensions = [3, 4, 3, 3, 3, 3, 3, 10, 11, 13, 3, 5, 4, 4]
y_dimensions = [3, 3, 5, 6, 7, 8, 9, 3, 3, 3, 19, 4, 6, 8]
minimum_height = 79
----------
x_coordinates = [16, 9, 13, 9, 12, 15, 16, 8, 8, 5, 2, 11, 15, 5]
y_coordinates = [25, 75, 73, 68, 66, 61, 69, 45, 42, 48, 38, 51, 55, 69]
x_dimensions = [3, 4, 3, 3, 3, 3, 3, 10, 11, 13, 3, 5, 4, 4]
y_dimensions = [3, 3, 5, 6, 7, 8, 9, 3, 3, 3, 19, 4, 6, 8]
minimum_height = 78
----------
x_coordinates = [16, 16, 13, 9, 12, 15, 16, 8, 8, 5, 0, 8, 15, 5]
y_coordinates = [20, 44, 72, 67, 65, 60, 68, 51, 48, 34, 36, 73, 54, 65]
x_dimensions = [3, 3, 3, 3, 3, 3, 3, 10, 11, 13, 3, 5, 4, 4]
y_dimensions = [3, 4, 5, 6, 7, 8, 9, 3, 3, 3, 19, 4, 6, 8]
minimum_height = 77
----------
x_coordinates = [16, 16, 10, 3, 16, 15, 13, 9, 5, 5, 2, 6, 15, 6]
y_coordinates = [47, 43, 70, 66, 69, 59, 67, 50, 46, 32, 34, 71, 53, 63]
x_dimensions = [3, 3, 3, 3, 3, 3, 3, 10, 11, 13, 3, 4, 4, 4]
y_dimensions = [3, 4, 5, 6, 7, 8, 9, 3, 3, 3, 19, 5, 6, 8]
minimum_height = 76
----------
x_coordinates = [16, 16, 16, 3, 13, 12, 10, 9, 5, 5, 1, 6, 6, 15]
y_coordinates = [52, 48, 70, 65, 68, 58, 66, 55, 51, 45, 34, 64, 69, 60]
x_dimensions = [3, 3, 3, 3, 3, 3, 3, 10, 11, 13, 3, 4, 4, 4]
y_dimensions = [3, 4, 5, 6, 7, 8, 9, 3, 3, 3, 19, 5, 6, 8]
minimum_height = 75
----------
x_coordinates = [16, 16, 16, 3, 9, 0, 6, 8, 5, 6, 3, 15, 8, 12]
y_coordinates = [53, 44, 69, 68, 67, 66, 65, 56, 53, 36, 34, 48, 59, 64]
x_dimensions = [3, 3, 3, 3, 3, 3, 3, 10, 11, 13, 3, 4, 4, 4]
y_dimensions = [3, 4, 5, 6, 7, 8, 9, 3, 3, 3, 19, 5, 6, 8]
minimum_height = 74
----------
x_coordinates = [16, 5, 13, 5, 2, 16, 16, 8, 7, 6, 3, 9, 8, 12]
y_coordinates = [44, 63, 60, 67, 64, 56, 64, 53, 50, 47, 35, 60, 66, 65]
x_dimensions = [3, 3, 3, 3, 3, 3, 3, 10, 11, 13, 3, 4, 4, 4]
y_dimensions = [3, 4, 5, 6, 7, 8, 9, 3, 3, 3, 19, 5, 6, 8]
minimum_height = 73
----------
x_coordinates = [16, 16, 5, 5, 2, 15, 16, 8, 6, 4, 0, 11, 8, 12]
y_coordinates = [39, 51, 61, 66, 65, 55, 63, 42, 48, 45, 35, 54, 65, 64]
x_dimensions = [3, 3, 3, 3, 3, 3, 3, 10, 11, 13, 3, 4, 4, 4]
y_dimensions = [3, 4, 5, 6, 7, 8, 9, 3, 3, 3, 19, 5, 6, 8]
minimum_height = 72
----------
x_coordinates = [16, 16, 13, 3, 6, 13, 16, 8, 5, 6, 0, 8, 12, 9]
y_coordinates = [40, 58, 66, 65, 64, 58, 62, 43, 49, 46, 34, 57, 52, 63]
x_dimensions = [3, 3, 3, 3, 3, 3, 3, 10, 11, 13, 3, 4, 4, 4]
y_dimensions = [3, 4, 5, 6, 7, 8, 9, 3, 3, 3, 19, 5, 6, 8]
minimum_height = 71
----------
x_coordinates = [16, 16, 16, 9, 13, 7, 10, 9, 8, 4, 1, 15, 12, 12]
y_coordinates = [0, 56, 60, 67, 58, 59, 58, 3, 49, 46, 34, 65, 52, 38]
x_dimensions = [3, 3, 3, 6, 3, 3, 3, 10, 11, 13, 3, 4, 4, 4]
y_dimensions = [3, 4, 5, 3, 7, 8, 9, 3, 3, 3, 19, 5, 6, 8]
minimum_height = 70
----------
x_coordinates = [16, 13, 16, 4, 13, 1, 10, 9, 8, 3, 0, 6, 12, 9]
y_coordinates = [35, 65, 64, 66, 58, 61, 59, 46, 49, 35, 33, 61, 52, 38]
x_dimensions = [3, 3, 3, 6, 3, 3, 3, 10, 11, 13, 3, 4, 4, 4]
y_dimensions = [3, 4, 5, 3, 7, 8, 9, 3, 3, 3, 19, 5, 6, 8]
minimum_height = 69
----------
x_coordinates = [16, 16, 16, 4, 13, 0, 10, 9, 8, 6, 1, 6, 12, 9]
y_coordinates = [31, 64, 58, 65, 61, 60, 59, 36, 50, 47, 33, 60, 53, 39]
x_dimensions = [3, 3, 3, 6, 3, 3, 3, 10, 11, 13, 3, 4, 4, 4]
y_dimensions = [3, 4, 5, 3, 7, 8, 9, 3, 3, 3, 19, 5, 6, 8]
minimum_height = 68
----------
x_coordinates = [16, 3, 16, 9, 13, 0, 10, 9, 8, 5, 2, 6, 12, 9]
y_coordinates = [43, 63, 62, 52, 60, 59, 58, 46, 49, 28, 29, 62, 52, 38]
x_dimensions = [3, 3, 3, 3, 3, 3, 3, 10, 11, 13, 3, 4, 4, 4]
y_dimensions = [3, 4, 5, 6, 7, 8, 9, 3, 3, 3, 19, 5, 6, 8]
minimum_height = 67
----------
x_coordinates = [16, 13, 15, 9, 16, 2, 10, 9, 8, 6, 3, 6, 12, 12]
y_coordinates = [32, 56, 51, 34, 58, 59, 51, 45, 48, 25, 25, 54, 60, 37]
x_dimensions = [3, 3, 3, 3, 3, 8, 3, 10, 11, 13, 3, 4, 4, 4]
y_dimensions = [3, 4, 5, 6, 7, 3, 9, 3, 3, 3, 19, 5, 6, 8]
minimum_height = 66
----------
x_coordinates = [16, 5, 16, 16, 16, 0, 13, 8, 2, 6, 3, 8, 12, 9]
y_coordinates = [27, 57, 53, 46, 58, 61, 50, 36, 54, 33, 25, 57, 59, 46]
x_dimensions = [3, 3, 3, 3, 3, 8, 3, 10, 11, 13, 3, 4, 4, 4]
y_dimensions = [3, 4, 5, 6, 7, 3, 9, 3, 3, 3, 19, 5, 6, 8]
minimum_height = 65
----------
x_coordinates = [16, 15, 12, 16, 13, 0, 15, 8, 7, 6, 2, 8, 15, 12]
y_coordinates = [15, 60, 58, 40, 41, 59, 51, 21, 48, 24, 25, 59, 27, 33]
x_dimensions = [3, 3, 3, 3, 3, 8, 3, 10, 11, 13, 3, 4, 4, 4]
y_dimensions = [3, 4, 5, 6, 7, 3, 9, 3, 3, 3, 19, 5, 6, 8]
minimum_height = 64
----------
x_coordinates = [16, 1, 16, 16, 2, 8, 14, 8, 5, 3, 0, 4, 15, 11]
y_coordinates = [10, 57, 58, 46, 45, 60, 37, 31, 48, 24, 26, 58, 52, 51]
x_dimensions = [3, 3, 3, 3, 3, 8, 3, 10, 11, 13, 3, 4, 4, 4]
y_dimensions = [3, 4, 5, 6, 7, 3, 9, 3, 3, 3, 19, 5, 6, 8]
minimum_height = 63
----------
x_coordinates = [16, 3, 16, 8, 10, 5, 14, 8, 0, 5, 1, 6, 15, 11]
y_coordinates = [23, 51, 48, 42, 52, 59, 53, 26, 48, 29, 28, 51, 42, 44]
x_dimensions = [3, 3, 3, 3, 3, 8, 3, 10, 11, 13, 3, 4, 4, 4]
y_dimensions = [3, 4, 5, 6, 7, 3, 9, 3, 3, 3, 19, 5, 6, 8]
minimum_height = 62
----------
x_coordinates = [16, 0, 16, 8, 10, 0, 14, 8, 3, 5, 1, 6, 15, 11]
y_coordinates = [19, 51, 47, 44, 54, 43, 52, 34, 49, 29, 24, 50, 41, 44]
x_dimensions = [3, 3, 3, 3, 3, 3, 3, 10, 3, 13, 3, 4, 4, 4]
y_dimensions = [3, 4, 5, 6, 7, 8, 9, 3, 11, 3, 19, 5, 6, 8]
minimum_height = 61
----------
x_coordinates = [16, 4, 16, 10, 1, 6, 14, 8, 5, 6, 2, 7, 15, 11]
y_coordinates = [30, 52, 48, 43, 47, 41, 39, 33, 49, 36, 28, 52, 54, 52]
x_dimensions = [3, 3, 3, 3, 3, 3, 3, 10, 11, 13, 3, 4, 4, 4]
y_dimensions = [3, 4, 5, 6, 7, 8, 9, 3, 3, 3, 19, 5, 6, 8]
minimum_height = 60
----------
x_coordinates = [16, 1, 8, 12, 9, 14, 3, 9, 0, 3, 0, 11, 15, 4]
y_coordinates = [19, 52, 51, 47, 44, 39, 39, 35, 56, 29, 28, 54, 52, 48]
x_dimensions = [3, 3, 3, 3, 3, 3, 3, 10, 11, 13, 3, 4, 4, 4]
y_dimensions = [3, 4, 5, 6, 7, 8, 9, 3, 3, 3, 19, 5, 6, 8]
minimum_height = 59
----------
x_coordinates = [16, 16, 2, 16, 15, 0, 4, 8, 5, 4, 0, 0, 12, 3]
y_coordinates = [31, 54, 51, 48, 39, 37, 40, 35, 49, 28, 17, 45, 52, 32]
x_dimensions = [3, 3, 3, 3, 3, 3, 3, 10, 11, 13, 3, 4, 4, 4]
y_dimensions = [3, 4, 5, 6, 7, 8, 9, 3, 3, 3, 19, 5, 6, 8]
minimum_height = 58
----------
x_coordinates = [16, 5, 16, 8, 11, 14, 12, 9, 1, 6, 2, 15, 15, 11]
y_coordinates = [21, 45, 52, 45, 33, 32, 48, 26, 51, 29, 27, 47, 41, 40]
x_dimensions = [3, 3, 3, 3, 3, 3, 3, 10, 11, 13, 3, 4, 4, 4]
y_dimensions = [3, 4, 5, 6, 7, 8, 9, 3, 3, 3, 19, 5, 6, 8]
minimum_height = 57
----------
x_coordinates = [16, 5, 12, 16, 11, 16, 9, 8, 1, 6, 3, 15, 12, 11]
y_coordinates = [3, 49, 50, 45, 37, 37, 44, 6, 53, 26, 27, 51, 44, 29]
x_dimensions = [3, 3, 3, 3, 3, 3, 3, 10, 11, 13, 3, 4, 4, 4]
y_dimensions = [3, 4, 5, 6, 7, 8, 9, 3, 3, 3, 19, 5, 6, 8]
minimum_height = 56
----------
x_coordinates = [16, 6, 3, 9, 0, 5, 12, 8, 1, 6, 3, 5, 15, 14]
y_coordinates = [18, 51, 50, 49, 48, 34, 44, 32, 42, 29, 14, 45, 49, 35]
x_dimensions = [3, 3, 3, 3, 3, 3, 3, 10, 11, 13, 3, 4, 4, 4]
y_dimensions = [3, 4, 5, 6, 7, 8, 9, 3, 3, 3, 19, 5, 6, 8]
minimum_height = 55
----------
x_coordinates = [16, 8, 14, 11, 13, 14, 13, 9, 8, 3, 0, 11, 15, 13]
y_coordinates = [2, 37, 40, 39, 27, 8, 45, 5, 16, 1, 1, 34, 34, 19]
x_dimensions = [3, 3, 3, 3, 3, 3, 3, 10, 11, 13, 3, 4, 4, 4]
y_dimensions = [3, 4, 5, 6, 7, 8, 9, 3, 3, 3, 19, 5, 6, 8]
minimum_height = 54
----------
x_coordinates = [16, 15, 15, 13, 16, 15, 9, 8, 1, 6, 3, 12, 5, 11]
y_coordinates = [23, 19, 37, 42, 46, 29, 41, 26, 50, 16, 16, 48, 44, 33]
x_dimensions = [3, 3, 3, 3, 3, 3, 3, 10, 11, 13, 3, 4, 4, 4]
y_dimensions = [3, 4, 5, 6, 7, 8, 9, 3, 3, 3, 19, 5, 6, 8]
minimum_height = 53
----------
x_coordinates = [16, 8, 15, 15, 16, 14, 12, 9, 1, 6, 1, 12, 8, 11]
y_coordinates = [16, 37, 33, 46, 39, 22, 43, 19, 42, 21, 23, 38, 45, 30]
x_dimensions = [3, 3, 3, 3, 3, 3, 3, 10, 11, 3, 3, 4, 4, 4]
y_dimensions = [3, 4, 5, 6, 7, 8, 9, 3, 3, 13, 19, 5, 6, 8]
minimum_height = 52
----------
x_coordinates = [16, 15, 16, 9, 2, 15, 5, 9, 8, 4, 1, 12, 0, 4]
y_coordinates = [18, 36, 46, 43, 44, 28, 42, 25, 40, 22, 19, 43, 38, 34]
x_dimensions = [3, 3, 3, 3, 3, 3, 3, 10, 11, 13, 3, 4, 4, 4]
y_dimensions = [3, 4, 5, 6, 7, 8, 9, 3, 3, 3, 19, 5, 6, 8]
minimum_height = 51
----------
x_coordinates = [16, 1, 16, 9, 1, 15, 7, 9, 8, 3, 6, 12, 4, 9]
y_coordinates = [1, 46, 45, 44, 39, 33, 32, 21, 41, 21, 12, 45, 43, 24]
x_dimensions = [3, 3, 3, 3, 3, 3, 3, 10, 11, 3, 3, 4, 4, 4]
y_dimensions = [3, 4, 5, 6, 7, 8, 9, 3, 3, 13, 19, 5, 6, 8]
minimum_height = 50
----------
x_coordinates = [16, 16, 16, 6, 9, 15, 6, 8, 1, 3, 0, 12, 2, 8]
y_coordinates = [4, 39, 44, 40, 39, 31, 31, 20, 46, 21, 16, 42, 39, 23]
x_dimensions = [3, 3, 3, 3, 3, 3, 3, 10, 11, 3, 3, 4, 4, 4]
y_dimensions = [3, 4, 5, 6, 7, 8, 9, 3, 3, 13, 19, 5, 6, 8]
minimum_height = 49
----------
x_coordinates = [16, 3, 0, 12, 9, 14, 6, 8, 4, 6, 3, 15, 0, 8]
y_coordinates = [19, 38, 37, 39, 38, 31, 36, 25, 45, 22, 19, 41, 42, 28]
x_dimensions = [3, 3, 3, 3, 3, 3, 3, 10, 11, 13, 3, 4, 4, 4]
y_dimensions = [3, 4, 5, 6, 7, 8, 9, 3, 3, 3, 19, 5, 6, 8]
minimum_height = 48
----------
x_coordinates = [16, 12, 5, 12, 9, 14, 6, 8, 1, 0, 3, 15, 0, 8]
y_coordinates = [18, 37, 39, 41, 37, 29, 30, 26, 44, 25, 19, 40, 38, 18]
x_dimensions = [3, 3, 3, 3, 3, 3, 3, 10, 11, 3, 3, 4, 4, 4]
y_dimensions = [3, 4, 5, 6, 7, 8, 9, 3, 3, 13, 19, 5, 6, 8]
minimum_height = 47
----------
x_coordinates = [16, 14, 6, 12, 9, 14, 6, 3, 4, 5, 2, 15, 0, 10]
y_coordinates = [28, 33, 36, 37, 35, 16, 27, 30, 43, 24, 11, 39, 40, 27]
x_dimensions = [3, 3, 3, 3, 3, 3, 3, 3, 11, 13, 3, 4, 4, 4]
y_dimensions = [3, 4, 5, 6, 7, 8, 9, 10, 3, 3, 19, 5, 6, 8]
minimum_height = 46
----------
x_coordinates = [16, 10, 16, 16, 13, 0, 8, 15, 5, 6, 3, 0, 4, 11]
y_coordinates = [4, 38, 34, 39, 35, 32, 29, 23, 42, 20, 16, 40, 36, 27]
x_dimensions = [3, 3, 3, 3, 3, 3, 3, 3, 11, 13, 3, 4, 4, 4]
y_dimensions = [3, 4, 5, 6, 7, 8, 9, 10, 3, 3, 19, 5, 6, 8]
minimum_height = 45
----------
x_coordinates = [16, 10, 6, 13, 16, 5, 6, 13, 8, 6, 3, 4, 0, 9]
y_coordinates = [29, 37, 34, 35, 33, 11, 25, 25, 41, 22, 19, 39, 38, 29]
x_dimensions = [3, 3, 3, 3, 3, 3, 3, 3, 11, 13, 3, 4, 4, 4]
y_dimensions = [3, 4, 5, 6, 7, 8, 9, 10, 3, 3, 19, 5, 6, 8]
minimum_height = 44
----------
x_coordinates = [16, 7, 10, 16, 13, 16, 6, 15, 5, 5, 9, 1, 2, 9]
y_coordinates = [16, 36, 35, 37, 33, 29, 26, 19, 40, 5, 8, 38, 32, 27]
x_dimensions = [3, 3, 3, 3, 3, 3, 3, 3, 11, 13, 3, 4, 4, 4]
y_dimensions = [3, 4, 5, 6, 7, 8, 9, 10, 3, 3, 19, 5, 6, 8]
minimum_height = 43
----------
x_coordinates = [1, 13, 11, 13, 15, 10, 12, 14, 4, 2, 9, 3, 0, 15]
y_coordinates = [4, 24, 37, 8, 35, 10, 28, 14, 5, 1, 18, 36, 7, 0]
x_dimensions = [3, 3, 3, 3, 3, 3, 3, 3, 11, 13, 3, 4, 4, 4]
y_dimensions = [3, 4, 5, 6, 7, 8, 9, 10, 3, 3, 19, 5, 6, 8]
minimum_height = 42
----------
x_coordinates = [16, 15, 12, 13, 4, 12, 15, 6, 16, 6, 9, 3, 0, 11]
y_coordinates = [3, 13, 23, 28, 38, 15, 17, 34, 26, 10, 15, 27, 35, 37]
x_dimensions = [3, 3, 3, 3, 7, 3, 3, 10, 3, 13, 3, 4, 4, 8]
y_dimensions = [3, 4, 5, 6, 3, 8, 9, 3, 11, 3, 19, 5, 6, 4]
minimum_height = 41
----------
x_coordinates = [16, 0, 9, 16, 13, 6, 16, 6, 3, 5, 9, 12, 2, 11]
y_coordinates = [20, 35, 30, 25, 21, 28, 31, 37, 29, 1, 11, 28, 23, 7]
x_dimensions = [3, 3, 3, 3, 3, 3, 3, 10, 3, 13, 3, 4, 4, 8]
y_dimensions = [3, 4, 5, 6, 7, 8, 9, 3, 11, 3, 19, 5, 6, 4]
minimum_height = 40
----------
x_coordinates = [0, 13, 3, 13, 2, 6, 16, 6, 16, 6, 9, 15, 2, 15]
y_coordinates = [34, 26, 34, 30, 25, 28, 18, 36, 27, 14, 17, 1, 28, 6]
x_dimensions = [3, 3, 3, 3, 7, 3, 3, 10, 3, 13, 3, 4, 4, 4]
y_dimensions = [3, 4, 5, 6, 3, 8, 9, 3, 11, 3, 19, 5, 6, 8]
minimum_height = 39
----------
x_coordinates = [6, 16, 3, 16, 6, 13, 16, 9, 16, 13, 9, 5, 5, 2]
y_coordinates = [7, 28, 33, 32, 31, 17, 19, 5, 8, 25, 12, 2, 18, 7]
x_dimensions = [3, 3, 3, 3, 7, 3, 3, 10, 3, 3, 3, 4, 4, 4]
y_dimensions = [3, 4, 5, 6, 3, 8, 9, 3, 11, 13, 19, 5, 6, 8]
minimum_height = 38
----------
x_coordinates = [16, 16, 0, 16, 5, 7, 13, 10, 16, 13, 9, 2, 3, 12]
y_coordinates = [13, 27, 28, 31, 32, 19, 20, 19, 16, 7, 0, 15, 26, 29]
x_dimensions = [3, 3, 3, 3, 7, 3, 3, 3, 3, 3, 3, 4, 4, 4]
y_dimensions = [3, 4, 5, 6, 3, 8, 9, 10, 11, 13, 19, 5, 6, 8]
minimum_height = 37
----------
x_coordinates = [16, 10, 3, 0, 12, 5, 15, 13, 9, 16, 9, 6, 1, 15]
y_coordinates = [33, 32, 28, 33, 0, 18, 11, 24, 19, 20, 0, 31, 19, 3]
x_dimensions = [3, 3, 3, 6, 7, 3, 3, 3, 3, 3, 3, 4, 4, 4]
y_dimensions = [3, 4, 5, 3, 3, 8, 9, 10, 11, 13, 19, 5, 6, 8]
minimum_height = 36
----------
x_coordinates = [16, 2, 13, 9, 4, 11, 16, 16, 12, 5, 9, 8, 15, 1]
y_coordinates = [26, 28, 16, 32, 5, 0, 17, 7, 21, 16, 8, 27, 29, 16]
x_dimensions = [3, 3, 3, 6, 7, 3, 3, 3, 3, 3, 3, 4, 4, 4]
y_dimensions = [3, 4, 5, 3, 3, 8, 9, 10, 11, 13, 19, 5, 6, 8]
minimum_height = 35
----------
x_coordinates = [1, 4, 5, 0, 12, 13, 6, 16, 12, 6, 9, 7, 15, 15]
y_coordinates = [29, 30, 9, 26, 7, 12, 21, 10, 22, 4, 9, 30, 28, 20]
x_dimensions = [3, 3, 3, 6, 7, 3, 3, 3, 3, 13, 3, 5, 4, 4]
y_dimensions = [3, 4, 5, 3, 3, 8, 9, 10, 11, 3, 19, 4, 6, 8]
minimum_height = 34
----------
x_coordinates = [5, 4, 6, 10, 9, 16, 2, 15, 12, 3, 9, 8, 15, 15]
y_coordinates = [27, 30, 5, 3, 6, 0, 21, 9, 22, 0, 9, 28, 27, 19]
x_dimensions = [3, 4, 3, 6, 7, 3, 3, 3, 3, 13, 3, 4, 4, 4]
y_dimensions = [3, 3, 5, 3, 3, 8, 9, 10, 11, 3, 19, 5, 6, 8]
minimum_height = 33
----------
x_coordinates = [16, 4, 6, 12, 12, 3, 13, 16, 12, 6, 9, 7, 7, 15]
y_coordinates = [29, 28, 9, 5, 8, 7, 23, 19, 12, 2, 9, 5, 28, 11]
x_dimensions = [3, 3, 3, 6, 7, 3, 3, 3, 3, 13, 3, 5, 6, 4]
y_dimensions = [3, 4, 5, 3, 3, 8, 9, 10, 11, 3, 19, 4, 4, 8]
minimum_height = 32
----------
x_coordinates = [10, 5, 6, 16, 13, 2, 7, 16, 13, 4, 9, 3, 13, 5]
y_coordinates = [6, 28, 23, 25, 13, 19, 0, 15, 20, 9, 12, 3, 5, 15]
x_dimensions = [3, 4, 3, 3, 3, 3, 3, 3, 3, 13, 3, 4, 6, 4]
y_dimensions = [3, 3, 5, 6, 7, 8, 9, 10, 11, 3, 19, 5, 4, 8]
minimum_height = 31
----------
x_coordinates = [12, 4, 4, 7, 7, 13, 10, 11, 15, 16, 0, 14, 9, 3]
y_coordinates = [23, 22, 9, 11, 18, 11, 14, 1, 19, 6, 11, 1, 26, 14]
x_dimensions = [3, 3, 3, 6, 3, 3, 3, 3, 3, 3, 3, 4, 6, 4]
y_dimensions = [3, 4, 5, 3, 7, 8, 9, 10, 11, 13, 19, 5, 4, 8]
minimum_height = 30
----------
x_coordinates = [12, 3, 6, 12, 4, 13, 14, 11, 16, 3, 0, 5, 7, 6]
y_coordinates = [5, 7, 0, 1, 21, 21, 8, 8, 17, 18, 10, 13, 25, 5]
x_dimensions = [3, 3, 3, 6, 3, 3, 3, 3, 3, 13, 3, 4, 6, 4]
y_dimensions = [3, 4, 5, 3, 7, 8, 9, 10, 11, 3, 19, 5, 4, 8]
minimum_height = 29
----------
x_coordinates = [15, 3, 8, 8, 6, 14, 13, 12, 16, 0, 9, 2, 0, 0]
y_coordinates = [6, 15, 25, 22, 9, 20, 11, 1, 9, 19, 0, 10, 6, 24]
x_dimensions = [3, 3, 5, 6, 3, 3, 3, 3, 3, 13, 3, 4, 6, 8]
y_dimensions = [3, 4, 3, 3, 7, 8, 9, 10, 11, 3, 19, 5, 4, 4]
minimum_height = 28
----------
x_coordinates = [15, 6, 2, 7, 13, 16, 13, 12, 16, 0, 9, 15, 0, 5]
y_coordinates = [0, 17, 24, 24, 11, 19, 18, 0, 8, 21, 2, 3, 17, 7]
x_dimensions = [3, 3, 5, 6, 3, 3, 3, 3, 3, 13, 3, 4, 6, 4]
y_dimensions = [3, 4, 3, 3, 7, 8, 9, 10, 11, 3, 19, 5, 4, 8]
minimum_height = 27
----------
x_coordinates = [4, 0, 6, 7, 13, 16, 13, 12, 16, 0, 9, 15, 0, 3]
y_coordinates = [23, 23, 15, 23, 10, 18, 17, 0, 7, 20, 1, 2, 16, 6]
x_dimensions = [3, 4, 3, 6, 3, 3, 3, 3, 3, 13, 3, 4, 6, 4]
y_dimensions = [3, 3, 5, 3, 7, 8, 9, 10, 11, 3, 19, 5, 4, 8]
minimum_height = 26
----------
x_coordinates = [6, 3, 5, 8, 13, 16, 13, 0, 16, 0, 9, 15, 3, 5]
y_coordinates = [18, 18, 0, 0, 9, 17, 16, 12, 6, 22, 3, 1, 14, 5]
x_dimensions = [3, 3, 3, 6, 3, 3, 3, 3, 3, 13, 3, 4, 6, 4]
y_dimensions = [3, 4, 5, 3, 7, 8, 9, 10, 11, 3, 19, 5, 4, 8]
minimum_height = 25
----------
x_coordinates = [6, 3, 6, 13, 13, 16, 12, 0, 16, 0, 9, 15, 2, 5]
y_coordinates = [12, 14, 15, 18, 2, 16, 9, 9, 0, 21, 2, 11, 0, 4]
x_dimensions = [3, 3, 3, 3, 3, 3, 3, 3, 3, 13, 3, 4, 6, 4]
y_dimensions = [3, 4, 5, 6, 7, 8, 9, 10, 11, 3, 19, 5, 4, 8]
minimum_height = 24
----------
x_coordinates = [3, 3, 13, 14, 12, 2, 16, 0, 6, 5, 9, 15, 0, 5]
y_coordinates = [12, 15, 11, 3, 16, 0, 9, 8, 12, 0, 4, 18, 19, 4]
x_dimensions = [3, 3, 3, 3, 3, 3, 3, 3, 3, 13, 3, 4, 6, 4]
y_dimensions = [3, 4, 5, 6, 7, 8, 9, 10, 11, 3, 19, 5, 4, 8]
minimum_height = 23
----------
x_coordinates = [3, 0, 3, 16, 1, 6, 12, 13, 8, 0, 9, 5, 3, 15]
y_coordinates = [6, 13, 1, 5, 18, 1, 10, 0, 19, 0, 0, 9, 14, 11]
x_dimensions = [3, 3, 3, 3, 7, 3, 3, 3, 11, 3, 3, 4, 6, 4]
y_dimensions = [3, 4, 5, 6, 3, 8, 9, 10, 3, 13, 19, 5, 4, 8]
minimum_height = 22
----------
x_coordinates = [13, 12, 4, 12, 2, 13, 3, 6, 0, 16, 9, 5, 1, 15]
y_coordinates = [0, 11, 0, 15, 18, 3, 3, 3, 1, 0, 2, 13, 12, 13]
x_dimensions = [3, 3, 5, 3, 7, 3, 3, 3, 3, 3, 3, 4, 4, 4]
y_dimensions = [3, 4, 3, 6, 3, 8, 9, 10, 11, 13, 19, 5, 6, 8]
minimum_height = 21
----------
x_coordinates = [3, 16, 12, 0, 2, 16, 3, 12, 0, 6, 9, 12, 3, 15]
y_coordinates = [4, 16, 0, 3, 0, 8, 7, 5, 9, 3, 1, 15, 16, 0]
x_dimensions = [3, 3, 3, 3, 7, 3, 3, 3, 3, 3, 3, 4, 6, 4]
y_dimensions = [3, 4, 5, 6, 3, 8, 9, 10, 11, 13, 19, 5, 4, 8]
minimum_height = 20
----------
x_coordinates = [6, 3, 14, 3, 7, 0, 0, 9, 8, 6, 0, 0, 5, 11]
y_coordinates = [9, 3, 3, 6, 3, 16, 3, 9, 16, 6, 0, 12, 12, 12]
x_dimensions = [3, 4, 5, 3, 7, 8, 3, 10, 11, 13, 19, 5, 6, 8]
y_dimensions = [3, 3, 3, 6, 3, 3, 9, 3, 3, 3, 3, 4, 4, 4]
minimum_height = 19
----------
==========
%%%mzn-stat: nodes=40002
%%%mzn-stat: failures=15827
%%%mzn-stat: restarts=523
%%%mzn-stat: variables=4863
%%%mzn-stat: intVars=59
%%%mzn-stat: boolVariables=4802
%%%mzn-stat: propagators=760
%%%mzn-stat: propagations=5254277
%%%mzn-stat: peakDepth=108
%%%mzn-stat: nogoods=15827
%%%mzn-stat: backjumps=9521
%%%mzn-stat: peakMem=0.00
%%%mzn-stat: time=2.140
%%%mzn-stat: initTime=0.011
%%%mzn-stat: solveTime=2.129
%%%mzn-stat: objective=19
%%%mzn-stat: optTime=2.129
%%%mzn-stat: baseMem=0.00
%%%mzn-stat: trailMem=0.01
%%%mzn-stat: randomSeed=1657541156
